timestamp,store_id,depot_id,sku,quantity_sold,route_id,price_per_unit,quantity sold 
2025-07-20 20:08:14,STORE_061,Marondera_Depot,Whole Wheat,142,RT_010,1.38,142
2025-04-20 13:10:27,STORE_138,Harare_Willowvale,High Energy White,281,RT_014,1.42,281
2025-07-26 05:27:31,STORE_003,Harare_Southerton,Seed Loaf,39,RT_049,1.6,39
2025-05-25 16:19:03,STORE_037,Bulawayo_Branch,Wholegrain Brown,272,RT_017,1.42,272
2025-05-23 21:05:00,STORE_083,Bindura_Depot,High Energy White,137,RT_020,1.46,137
2025-01-03 02:22:40,STORE_053,Marondera_Depot,Seed Loaf,32,RT_031,1.64,32
2025-03-21 07:35:02,STORE_091,Kwekwe_Depot,Whole Wheat,271,RT_028,1.53,271
2025-07-02 17:54:11,STORE_081,Harare_Willowvale,Buns 6-Pack,143,RT_009,1.22,143
2025-04-06 00:35:25,STORE_090,Bulawayo_Branch,Buns 6-Pack,288,RT_045,1.21,288
2025-07-09 23:54:16,STORE_126,Bindura_Depot,Family Loaf,139,RT_008,2.38,139
2025-04-25 05:37:45,STORE_071,Masvingo_Branch,Whole Wheat,57,RT_034,1.6,57
2025-04-13 01:12:44,STORE_017,Bulawayo_Branch,Seed Loaf,242,RT_017,1.51,242
2025-02-04 19:06:14,STORE_096,Masvingo_Branch,SoftWhite,135,RT_045,1.34,135
2025-04-20 00:08:44,STORE_087,Harare_Southerton,Soft White,186,RT_037,1.3,186
2025-04-18 22:01:58,STORE_116,Kwekwe_Depot,Family Loaf,228,RT_042,2.11,228
2025-02-03 03:12:30,STORE_045,Bulawayo_Branch,Soft White,265,RT_008,1.22,265
2025-04-08 19:39:47,STORE_071,Masvingo_Branch,High Energy Brown,287,RT_028,1.43,287
2025-01-19 01:15:57,STORE_075,Gweru_Branch,Seed Lof,5,RT_005,1.66,5
2025-07-26 04:43:54,STORE_131,Gweru_Branch,High Energy White,315,RT_026,1.29,315
2025-02-18 17:14:54,STORE_041,Bindura_Depot,High Energy White,250,RT_006,1.46,250
2025-05-22 09:17:21,STORE_131,Mutare_Branch,Seed Loaf,51,RT_048,1.51,51
2025-07-18 23:26:55,STORE_101,Gweru_Branch,Family Loaf,293,RT_044,2.33,293
2025-06-30 02:07:55,STORE_112,Harare_Willowvale,Soft White,299,RT_039,1.33,299
2025-01-24 06:13:26,STORE_096,Kwekwe_Depot,Seed Loaf,55,RT_007,1.54,55
2025-03-09 03:48:14,STORE_122,Gweru_Branch,Wholegrain Brown,248,RT_014,1.5,248
2025-03-09 21:18:42,STORE_087,Bindura_Depot,Mini Rolls 6-Pack,319,RT_021,0.91,319
2025-07-09 14:25:42,STORE_080,Marondera_Depot,Wholegrain Brown,186,RT_040,1.55,186
2025-07-22 20:04:28,STORE_100,Harare_Willowvale,Buns 6-Pack,143,RT_008,1.08,143
2025-01-13 01:47:13,STORE_090,Chitungwiza_Depot,Family Loaf,304,RT_020,2.19,304
2025-02-26 13:16:42,STORE_110,Harare_Southerton,Family Loaf,162,RT_046,2.2,162
2025-02-04 23:05:45,STORE_101,Chitungwiza_Depot,High Energy Brown,65,RT_023,1.27,65
2025-03-07 06:18:22,STORE_029,Bindura_Depot,Soft White,54,RT_025,1.35,54
2025-05-17 10:57:56,STORE_113,Bulawayo_Branch,High Energy Brown,116,RT_036,1.32,116
2025-05-29 22:42:37,STORE_078,Bindura_Depot,Family Loaf,452,RT_009,2.3,452
2025-01-31 05:20:12,STORE_037,Chitungwiza_Depot,Whole Wheat,238,RT_002,1.56,238
2025-06-23 03:33:18,STORE_075,Marondera_Depot,Seed Loaf,243,RT_008,1.45,243
2025-07-22 22:31:57,STORE_066,Marondera_Depot,Mini Rolls 6-Pack,65,RT_012,0.94,65
2025-07-20 13:10:58,STORE_079,Harare_Willowvale,Soft White,270,RT_011,1.27,270
2025-06-17 18:24:34,STORE_040,Bindura_Depot,Mini Rolls 6-Pack,296,RT_029,1.07,296
2025-05-15 04:30:36,STORE_113,Gweru_Branch,Soft White,120,RT_030,1.32,120
2025-02-26 19:49:36,STORE_089,Bindura_Depot,Soft White,161,RT_048,1.23,161
2025-07-19 04:51:42,STORE_037,Kwekwe_Depot,High Energy Brown,140,RT_034,1.45,140
2025-01-08 01:08:39,STORE_126,Harare_Southerton,Soft White,231,RT_007,1.19,231
2025-03-18 06:15:19,STORE_060,Harare_Southerton,High Energy White,288,RT_019,1.28,288
2025-04-06 19:34:13,STORE_036,Bindura_Depot,Soft White,91,RT_011,1.14,91
2025-06-19 19:07:52,STORE_091,Marondera_Depot,High Energy White,199,RT_018,1.5,199
2025-06-07 01:13:23,STORE_036,Bulawayo_Branch,Seed Loaf,289,RT_047,1.41,289
2025-02-10 00:16:19,STORE_121,Kwekwe_Depot,Whole Wheat,536,RT_011,1.49,536
2025-06-05 22:51:24,STORE_047,Harare_Willowvale,Soft White,146,RT_011,1.13,146
2025-03-25 06:54:02,STORE_042,Harare_Southerton,Family Loaf,417,RT_039,2.31,417
2025-04-12 11:25:00,STORE_013,Masvingo_Branch,Buns 6-Pack,241,RT_019,1.08,241
2025-07-26 01:29:29,STORE_119,Harare_Willowvale,Seed Loaf,234,RT_006,1.55,234
2025-02-03 12:31:23,STORE_132,Chitungwiza_Depot,Family Loaf,67,RT_039,2.13,67
2025-04-09 22:25:00,STORE_068,Mutare_Branch,Family Loaf,275,RT_042,2.35,275
2025-03-20 00:00:00,STORE_119,Kwekwe_Depot,Wholegrain Brown,291,RT_002,1.59,291
2025-05-03 16:00:29,STORE_097,Marondera_Depot,Wholegrain Brown,67,RT_012,1.53,67
2025-03-01 04:17:30,STORE_087,Mutare_Branch,Wholegrain Brown,69,RT_017,1.5,69
2025-06-22 20:02:00,STORE_104,Chitungwiza_Depot,High Energy Brown,33,RT_033,1.45,33
2025-02-02 12:32:19,STORE_085,Bulawayo_Branch,Buns 6-Pack,237,RT_018,1.15,237
2025-04-24 23:33:38,STORE_033,Harare_Willowvale,High Energy Brown,86,RT_005,1.32,86
2025-04-14 10:59:30,STORE_110,Harare_Southerton,Whole Wheat,37,RT_015,1.45,37
2025-04-13 14:04:01,STORE_101,Masvingo_Branch,Wholegrain Brown,277,RT_033,1.54,277
2025-04-02 03:04:51,STORE_023,Bindura_Depot,Soft White,79,RT_041,1.29,79
2025-02-02 01:11:07,STORE_090,Marondera_Depot,Soft White,274,RT_026,1.18,274
2025-02-14 18:34:12,STORE_108,Harare_Willowvale,Wholegrain Brown,209,RT_049,1.3,209
2025-06-12 13:47:44,STORE_023,Bindura_Depot,High Energy Brown,238,RT_032,1.47,238
2025-06-06 21:22:53,STORE_082,Chitungwiza_Depot,Seed Loaf,128,RT_027,1.61,128
2025-03-09 23:12:34,STORE_118,Bulawayo_Branch,Mini Rolls 6-Pack,94,RT_024,0.99,94
2025-01-26 23:31:42,STORE_069,Harare_Willowvale,High Energy White,63,,1.47,63
2025-07-29 21:24:29,STORE_082,Masvingo_Branch,Soft White,134,RT_041,1.13,134
2025-07-10 06:42:27,STORE_015,,Soft White,46,RT_032,1.14,46
2025-06-20 11:40:30,STORE_052,Gweru_Branch,High Energy White,41,RT_036,1.26,41
2025-07-03 05:16:00,STORE_102,Gweru_Branch,Soft White,143,RT_046,1.36,143
2025-06-01 22:11:03,STORE_078,Masvingo_Branch,Mini Rolls 6-Pack,90,RT_013,0.9,90
2025-05-26 23:36:15,STORE_136,Kwekwe_Depot,Buns 6-Pack,61,RT_013,1.06,61
2025-04-16 05:34:14,STORE_023,Bindura_Depot,Buns 6-Pack,170,RT_046,1.27,170
2025-04-17 02:44:48,STORE_091,Harare_Willowvale,Seed Loaf,233,RT_017,1.57,233
2025-05-15 07:57:11,STORE_114,Bindura_Depot,Mini Rolls 6-Pack,97,RT_045,1.19,97
2025-03-27 14:40:22,STORE_050,Harare_Southerton,Mini Rolls 6-Pack,250,RT_030,0.99,250
2025-05-07 14:46:30,STORE_056,Bulawayo_Branch,Soft White,141,RT_046,1.37,141
2025-02-06 07:52:24,STORE_018,Harare_Southerton,Wholegrain Brown,75,RT_043,1.49,75
2025-02-14 04:17:22,STORE_028,Bulawayo_Branch,Buns 6-Pack,105,RT_030,1.23,105
2025-04-02 23:15:55,STORE_041,Gweru_Branch,High Energy White,23,RT_015,1.29,23
2025-03-20 22:33:19,STORE_055,Kwekwe_Depot,Buns 6-Pack,150,RT_002,1.13,150
2025-07-07 22:28:28,STORE_094,Chitungwiza_Depot,High Energy Brown,317,RT_025,1.45,317
2025-01-31 19:39:21,STORE_065,Harare_Southerton,Buns 6-Pack,219,RT_020,1.2,219
2025-02-27 00:33:08,STORE_014,Chitungwiza_Depot,Wholegrain Brown,221,RT_012,1.38,221
2025-02-13 23:38:35,STORE_121,Harare_Southerton,Mini Rolls 6-Pack,181,RT_005,1.09,181
2025-06-01 03:30:40,STORE_136,Chitungwiza_Depot,Seed Loaf,238,RT_027,,238
2025-06-26 04:27:27,STORE_026,Gweru_Branch,Buns 6-Pack,227,RT_015,1.08,227
2025-02-06 02:36:50,STORE_013,Marondera_Depot,High Energy White,281,RT_048,,281
2025-05-02 13:15:35,STORE_085,Marondera_Depot,Whole Wheat,71,RT_006,1.59,71
2025-06-06 01:56:31,STORE_114,Harare_Willowvale,Whole Wheat,139,RT_007,1.4,139
2025-05-11 16:42:28,STORE_059,Kwekwe_Depot,Wholegrain Brown,219,RT_029,1.57,219
2025-03-11 04:53:32,STORE_021,Bulawayo_Branch,Wholegrain Brown,159,RT_007,1.33,159
2025-07-06 08:49:13,STORE_018,Bulawayo_Branch,Seed Loaf,40,RT_018,1.55,40
2025-02-19 15:39:51,STORE_129,Mutare_Branch,Seed Loaf,154,RT_009,1.42,154
2025-06-26 13:24:29,STORE_082,Harare_Southerton,High Energy Brown,46,RT_023,1.39,46
2025-04-21 12:59:48,STORE_005,Harare_Southerton,Buns 6-Pack,27,RT_020,1.07,27
2025-07-06 10:21:36,STORE_126,Mutare_Branch,Buns 6-Pack,32,RT_025,1.15,32
2025-06-22 18:05:11,STORE_034,Chitungwiza_Depot,Soft White,118,RT_014,1.24,118
2025-04-28 07:13:25,STORE_019,Bulawayo_Branch,High Energy Brown,60,RT_017,1.3,60
2025-05-27 02:33:25,STORE_103,Marondera_Depot,High Energy Brown,120,RT_046,1.46,120
2025-01-05 19:19:22,STORE_063,Harare_Willowvale,Soft White,189,RT_005,1.27,189
2025-05-02 05:02:01,STORE_054,Marondera_Depot,High Energy Brown,191,RT_018,1.22,191
2025-02-11 05:21:09,STORE_034,Bulawayo_Branch,Seed Loaf,226,RT_005,1.46,226
2025-03-16 15:43:39,STORE_029,Gweru_Branch,Family Loaf,172,RT_038,2.14,172
2025-03-11 23:51:51,STORE_099,Mutare_Branch,Wholegrain Brown,29,RT_008,1.35,29
2025-07-02 18:31:01,STORE_021,Marondera_Depot,Seed Loaf,40,RT_046,1.54,40
2025-02-03 21:43:06,STORE_097,Kwekwe_Depot,Whole Wheat,249,RT_045,1.56,249
2025-04-04 02:16:04,STORE_016,Bindura_Depot,Family Loaf,202,RT_033,2.19,202
2025-03-24 11:53:03,STORE_067,Mutare_Branch,High Energy White,31,RT_033,1.49,31
2025-05-18 11:34:34,STORE_120,Chitungwiza_Depot,Family Loaf,302,RT_037,2.24,302
2025-04-17 00:12:33,STORE_131,Marondera_Depot,High Energy White,252,RT_012,1.5,252
2025-01-22 08:42:13,STORE_023,Bindura_Depot,High Energy White,85,RT_017,1.39,85
2025-03-26 15:54:55,STORE_078,Marondera_Depot,High Energy White,252,RT_033,1.41,252
2025-07-13 17:59:27,STORE_001,Chitungwiza_Depot,Soft White,157,RT_027,1.19,157
2025-06-11 00:08:08,STORE_009,Marondera_Depot,Seed Loaf,280,RT_004,1.59,280
2025-05-16 09:16:17,STORE_085,Chitungwiza_Depot,Family Loaf,121,RT_049,2.28,121
2025-02-27 15:35:39,STORE_015,Chitungwiza_Depot,Seed Loaf,254,RT_013,1.45,254
2025-05-07 05:33:21,STORE_074,Mutare_Branch,Soft White,120,RT_021,1.21,120
2025-05-11 01:48:24,STORE_124,Masvingo_Branch,Mini Rolls 6-Pack,279,RT_039,0.9,279
2025-07-04 09:57:49,STORE_080,Mutare_Branch,Whole Wheat,27,RT_013,1.57,27
2025-06-19 07:00:49,STORE_097,Mutare_Branch,High Energy White,58,RT_030,1.42,58
2025-04-09 04:24:23,STORE_123,Bulawayo_Branch,Whole Wheat,190,RT_042,1.38,190
2025-03-05 17:32:16,STORE_023,Chitungwiza_Depot,Whole Wheat,50,RT_020,1.36,50
2025-07-10 10:57:22,STORE_121,Gweru_Branch,Whole Wheat,246,RT_008,1.37,246
2025-06-11 19:18:21,STORE_115,Mutare_Branch,Wholegrain Brown,116,RT_035,1.41,116
2025-07-04 12:43:36,STORE_062,Harare_Southerton,Buns 6-Pack,200,RT_048,1.13,200
2025-03-20 18:52:53,STORE_044,Harare_Southerton,Soft White,295,RT_010,1.22,295
2025-06-30 17:20:46,STORE_108,Bulawayo_Branch,Family Loaf,285,RT_048,2.17,285
2025-03-10 06:35:31,STORE_138,Marondera_Depot,Mini Rolls 6-Pack,114,,1.08,114
2025-07-19 23:40:06,STORE_138,Harare_Southerton,Family Loaf,133,RT_012,2.11,133
2025-06-23 05:37:04,STORE_110,Kwekwe_Depot,Soft White,185,RT_008,1.33,185
2025-05-03 04:14:46,STORE_086,Harare_Southerton,Whole Wheat,160,RT_017,1.6,160
2025-01-23 17:02:45,STORE_002,Marondera_Depot,Family Loaf,214,RT_019,2.16,214
2025-05-01 08:06:28,STORE_103,Marondera_Depot,Family Loaf,32,RT_014,2.32,32
2025-07-26 02:33:48,STORE_138,Bindura_Depot,Soft White,234,RT_005,1.17,234
2025-07-22 05:41:40,STORE_134,Marondera_Depot,Family Loaf,22,RT_016,2.14,22
2025-07-29 08:40:45,STORE_033,Bulawayo_Branch,Soft White,32,RT_029,1.16,32
2025-06-19 09:53:32,STORE_116,Bindura_Depot,Family Loaf,234,RT_036,2.23,234
2025-04-12 23:40:38,STORE_021,Bindura_Depot,High Energy Brown,201,RT_024,1.22,201
2025-07-30 20:26:08,STORE_074,Bindura_Depot,High Energy White,263,RT_002,1.33,263
2025-02-26 02:30:18,STORE_103,Kwekwe_Depot,Seed Loaf,146,RT_037,1.55,146
2025-01-29 23:43:14,STORE_084,Harare_Willowvale,High Energy White,99,RT_010,1.32,99
2025-04-14 16:33:45,STORE_031,Bindura_Depot,Seed Loaf,35,RT_034,1.58,35
2025-05-17 00:59:39,STORE_063,Bulawayo_Branch,Wholegrain Brown,145,RT_035,1.49,145
2025-01-24 09:37:15,STORE_135,Masvingo_Branch,Seed Loaf,261,RT_046,1.45,261
2025-07-15 12:47:37,STORE_032,Harare_Willowvale,Soft White,59,RT_017,1.24,59
2025-04-04 09:06:27,STORE_111,Harare_Southerton,High Energy Brown,18,RT_047,1.3,18
2025-07-28 22:37:17,STORE_107,Gweru_Branch,High Energy White,51,RT_035,1.37,51
2025-01-07 05:37:25,STORE_003,Harare_Willowvale,Seed Loaf,238,RT_032,1.5,238
2025-02-21 16:37:51,STORE_138,Harare_Willowvale,Mini Rolls 6-Pack,317,RT_035,1.15,317
2025-03-09 02:34:49,STORE_003,Harare_Southerton,Wholegrain Brown,293,RT_038,1.47,293
2025-01-25 00:43:18,STORE_101,Chitungwiza_Depot,Soft White,239,RT_035,1.33,239
2025-04-24 06:54:01,STORE_114,Chitungwiza_Depot,Seed Loaf,117,RT_022,1.55,117
2025-03-10 18:44:14,STORE_100,Harare_Southerton,Family Loaf,239,RT_007,2.26,239
2025-01-21 01:12:09,STORE_049,Marondera_Depot,Buns 6-Pack,45,RT_011,1.01,45
2025-02-11 14:17:04,STORE_043,Harare_Southerton,High Energy Brown,142,RT_045,1.41,142
2025-04-08 09:47:12,STORE_068,Bulawayo_Branch,Buns 6-Pack,157,RT_011,1.23,157
2025-03-30 16:10:34,STORE_119,Mutare_Branch,High Energy Brown,154,RT_041,1.23,154
2025-04-18 10:16:03,STORE_032,Harare_Willowvale,Family Loaf,77,RT_028,2.17,77
2025-05-05 19:09:14,STORE_009,Marondera_Depot,Seed Loaf,239,RT_042,1.58,239
2025-02-01 18:26:44,STORE_063,Chitungwiza_Depot,Mini Rolls 6-Pack,208,RT_011,1.03,208
2025-06-23 01:38:06,STORE_023,Bulawayo_Branch,Buns 6-Pack,176,RT_040,1.06,176
2025-01-26 21:04:43,STORE_051,Mutare_Branch,Mini Rolls 6-Pack,555,RT_041,1.06,555
2025-07-27 14:05:59,STORE_004,Masvingo_Branch,Seed Loaf,68,RT_028,1.57,68
2025-07-25 16:56:47,STORE_127,Marondera_Depot,Whole Wheat,260,RT_017,1.55,260
2025-03-19 08:46:59,STORE_107,Marondera_Depot,Wholegrain Brown,72,RT_041,1.37,72
2025-07-14 15:16:09,STORE_121,Bulawayo_Branch,Soft White,120,RT_011,1.19,120
2025-06-21 16:24:39,STORE_040,Kwekwe_Depot,High Energy Brown,20,RT_034,1.28,20
2025-07-04 10:39:58,STORE_075,Gweru_Branch,High Energy White,23,RT_032,1.38,23
2025-06-09 04:49:30,STORE_022,Chitungwiza_Depot,High Energy White,129,RT_006,1.41,129
2025-07-29 14:26:53,STORE_048,Bulawayo_Branch,Buns 6-Pack,19,RT_022,1.18,19
2025-07-07 06:20:40,STORE_129,Marondera_Depot,High Energy Brown,52,RT_048,1.27,52
2025-02-24 22:44:52,STORE_080,Gweru_Branch,Wholegrain Brown,164,RT_010,1.53,164
2025-02-23 00:30:24,STORE_121,Chitungwiza_Depot,Mini Rolls 6-Pack,318,RT_024,0.93,318
2025-02-27 22:16:38,STORE_002,Chitungwiza_Depot,Soft White,125,RT_040,1.2,125
2025-01-29 06:43:33,STORE_045,Gweru_Branch,Buns 6-Pack,54,RT_031,1.13,54
2025-02-18 11:13:06,STORE_062,Harare_Southerton,Wholegrain Brown,127,RT_013,1.4,127
2025-04-23 20:06:21,STORE_086,Chitungwiza_Depot,Seed Loaf,393,RT_030,1.52,393
2025-06-21 14:06:13,STORE_087,Harare_Willowvale,Family Loaf,283,RT_008,2.36,283
2025-07-09 06:03:54,STORE_023,Marondera_Depot,Seed Loaf,164,RT_008,1.44,164
2025-01-18 06:01:36,STORE_017,Gweru_Branch,Mini Rolls 6-Pack,174,RT_040,0.91,174
2025-06-20 19:27:56,STORE_068,Bulawayo_Branch,Soft White,306,RT_007,1.34,306
2025-02-24 08:23:01,STORE_131,Chitungwiza_Depot,High Energy Brown,204,RT_002,1.41,204
2025-01-05 04:05:06,STORE_105,Mutare_Branch,Mini Rolls 6-Pack,250,RT_038,1.11,250
2025-03-25 20:57:36,STORE_118,Marondera_Depot,Mini Rolls 6-Pack,313,RT_025,1.02,313
2025-01-20 04:58:57,STORE_064,Marondera_Depot,Soft White,301,RT_032,1.14,301
2025-02-18 09:35:26,STORE_128,Bindura_Depot,Buns 6-Pack,106,RT_022,1.1,106
2025-03-19 20:08:31,STORE_056,Mutare_Branch,Family Loaf,220,RT_049,2.31,220
2025-04-07 15:46:24,STORE_042,Masvingo_Branch,Family Loaf,226,RT_040,2.26,226
2025-05-24 16:00:35,STORE_055,Mutare_Branch,Mini Rolls 6-Pack,107,RT_025,1.1,107
2025-02-05 04:54:18,STORE_104,Marondera_Depot,Wholegrain Brown,3,RT_009,1.58,3
2025-03-10 00:43:29,STORE_114,Marondera_Depot,Whole Wheat,115,RT_034,1.58,115
2025-03-28 23:01:57,STORE_112,Chitungwiza_Depot,High Energy White,6,RT_030,1.34,6
2025-07-13 14:55:43,STORE_107,Bulawayo_Branch,High Energy Brown,319,RT_039,1.32,319
2025-07-30 06:31:37,STORE_010,Gweru_Branch,Wholegrain Brown,254,RT_004,1.31,254
2025-03-06 13:28:06,STORE_025,Gweru_Branch,Whole Wheat,178,RT_023,1.53,178
2025-02-19 22:46:36,STORE_010,Kwekwe_Depot,WholeWheat,104,RT_029,1.43,104
2025-05-04 14:35:44,STORE_056,Masvingo_Branch,Mini Rolls 6-Pack,59,RT_041,0.95,59
2025-02-22 04:56:19,STORE_045,Chitungwiza_Depot,High Energy White,197,RT_004,1.49,197
2025-06-26 13:32:44,STORE_012,Marondera_Depot,High Energy White,80,RT_036,1.42,80
2025-03-21 06:33:41,STORE_027,Chitungwiza_Depot,Family Loaf,134,RT_044,2.19,134
2025-07-13 06:51:51,STORE_050,Marondera_Depot,Mini Rolls 6-Pack,218,RT_041,1.08,218
2025-04-25 07:00:13,STORE_039,Chitungwiza_Depot,High Energy Brown,49,RT_031,1.46,49
2025-01-28 19:15:12,STORE_012,Mutare_Branch,High Energy Brown,241,RT_037,1.41,241
2025-04-01 00:45:48,STORE_095,Mutare_Branch,Whole Wheat,240,RT_002,1.46,240
2025-04-10 06:38:02,STORE_137,Chitungwiza_Depot,Wholegrain Brown,152,RT_009,1.3,152
2025-05-31 10:39:38,STORE_060,Masvingo_Branch,Wholegrain Brown,97,RT_008,1.34,97
2025-03-15 07:09:21,STORE_128,Harare_Willowvale,Wholegrain Brown,80,RT_029,1.39,80
2025-04-27 02:45:15,STORE_061,Kwekwe_Depot,Wholegrain Brown,228,RT_039,1.56,228
2025-05-13 14:06:31,STORE_139,Harare_Southerton,Seed Loaf,255,RT_039,1.63,255
2025-05-07 15:48:56,STORE_031,Bindura_Depot,Soft White,47,RT_048,1.31,47
2025-05-30 03:09:57,STORE_009,Gweru_Branch,Milk1L,129,RT_033,1.4,129
2025-04-13 11:16:12,STORE_056,Harare_Willowvale,Seed Loaf,319,RT_032,1.57,319
2025-03-02 02:36:18,STORE_030,Masvingo_Branch,Soft White,189,RT_025,1.21,189
2025-04-26 11:02:26,STORE_108,Mutare_Branch,Whole Wheat,238,RT_047,1.36,238
2025-02-12 05:00:04,STORE_139,Harare_Willowvale,Mini Rolls 6-Pack,279,RT_026,1.07,279
2025-05-18 06:55:43,STORE_117,Mutare_Branch,Wholegrain Brown,58,RT_042,1.4,58
2025-02-07 11:52:16,STORE_084,Gweru_Branch,Mini Rolls 6-Pack,222,RT_035,1.13,222
2025-04-09 03:38:07,STORE_063,Bulawayo_Branch,High Energy Brown,128,RT_020,1.39,128
2025-05-19 09:06:02,STORE_013,Chitungwiza_Depot,Seed Loaf,85,RT_023,1.65,85
2025-06-01 17:28:38,STORE_007,Harare_Willowvale,Family Loaf,285,RT_016,2.31,285
2025-05-06 13:31:20,STORE_132,Kwekwe_Depot,Buns 6-Pack,36,RT_043,1.19,36
2025-06-30 13:41:55,STORE_124,Kwekwe_Depot,Mini Rolls 6-Pack,8,RT_037,1.17,8
2025-07-02 19:29:58,STORE_075,Harare_Willowvale,Family Loaf,10,RT_001,2.3,10
2025-05-30 02:54:45,STORE_078,Bindura_Depot,Soft White,98,RT_025,1.12,98
2025-06-23 07:45:28,STORE_089,Bindura_Depot,High Energy White,107,RT_047,1.34,107
2025-03-01 04:50:11,STORE_082,Kwekwe_Depot,Soft White,100,RT_021,1.2,100
2025-01-11 19:21:11,STORE_123,Masvingo_Branch,High Energy Brown,92,RT_001,1.24,92
2025-05-14 12:35:23,STORE_092,Marondera_Depot,High Energy White,156,RT_007,1.3,156
2025-02-23 12:13:10,STORE_124,Marondera_Depot,Wholegrain Brown,40,RT_007,1.56,40
2025-01-11 22:22:25,STORE_095,Kwekwe_Depot,Soft White,223,RT_046,1.28,223
2025-01-14 11:33:15,STORE_038,Gweru_Branch,Sugar2kg,243,RT_041,1.19,243
2025-01-15 21:24:03,STORE_043,Chitungwiza_Depot,Buns 6-Pack,52,RT_010,1.22,52
2025-05-01 19:43:05,STORE_048,Mutare_Branch,Mini Rolls 6-Pack,267,RT_031,1.16,267
2025-02-07 13:04:59,STORE_063,Marondera_Depot,Family Loaf,277,RT_016,2.31,277
2025-03-05 20:13:09,STORE_111,Harare_Southerton,Family Loaf,250,RT_033,2.13,250
2025-03-19 13:30:47,STORE_043,Kwekwe_Depot,Family Loaf,62,RT_048,2.19,62
2025-04-26 21:29:45,STORE_073,Masvingo_Branch,Whole Wheat,96,RT_045,1.58,96
2025-03-16 07:39:32,STORE_024,Mutare_Branch,Whole grain Brown,29,RT_034,1.34,29
2025-01-11 12:22:53,STORE_124,Bindura_Depot,Mini Rolls 6-Pack,145,RT_043,1.18,145
2025-05-08 09:25:45,STORE_078,Bulawayo_Branch,Buns 6-Pack,147,RT_005,1.22,147
2025-01-11 02:05:35,STORE_115,Chitungwiza_Depot,Family Loaf,227,RT_021,2.36,227
2025-01-14 17:40:37,STORE_108,Bulawayo_Branch,High Energy White,81,RT_033,1.44,81
2025-01-17 08:46:07,STORE_100,Masvingo_Branch,High Energy Brown,178,RT_015,,178
2025-02-25 09:09:33,STORE_106,Bulawayo_Branch,Wholegrain Brown,293,RT_011,1.51,293
2025-05-04 19:03:27,STORE_094,Gweru_Branch,Mini Rolls 6-Pack,60,RT_038,1.12,60
2025-01-20 02:09:43,STORE_012,Bindura_Depot,Wholegrain Brown,5,RT_046,1.36,5
2025-06-21 15:05:58,STORE_014,Bindura_Depot,Family Loaf,232,RT_023,2.32,232
2025-05-09 05:22:59,STORE_107,Bulawayo_Branch,Mini Rolls 6-Pack,240,RT_021,0.94,240
2025-02-04 08:57:32,STORE_030,Harare_Willowvale,High Energy White,197,RT_016,1.37,197
2025-05-30 10:21:37,STORE_109,Gweru_Branch,Mini Rolls 6-Pack,278,RT_046,0.99,278
2025-04-14 11:22:44,STORE_114,Harare_Southerton,Soft White,48,RT_027,1.33,48
2025-05-16 17:18:18,STORE_138,Mutare_Branch,Whole Wheat,231,RT_036,1.48,231
2025-05-12 22:03:26,STORE_082,Bulawayo_Branch,Wholegrain Brown,265,RT_024,1.48,265
2025-04-01 04:53:24,STORE_124,Harare_Willowvale,Soft White,227,RT_023,1.15,227
2025-01-24 04:12:04,STORE_126,Kwekwe_Depot,Mini Rolls 6-Pack,153,RT_028,1.08,153
2025-06-19 15:33:54,STORE_021,Masvingo_Branch,Family Loaf,192,RT_022,2.33,192
2025-01-10 16:57:08,STORE_076,Marondera_Depot,Buns 6-Pack,171,RT_026,1.0,171
2025-03-17 10:59:45,STORE_132,Bindura_Depot,Seed Loaf,181,RT_034,1.63,181
2025-04-30 18:35:33,STORE_007,Marondera_Depot,Mini Rolls 6-Pack,24,RT_030,1.03,24
2025-04-23 02:40:27,STORE_014,Bulawayo_Branch,Mini Rolls 6-Pack,295,RT_038,0.93,295
2025-04-25 21:19:14,STORE_039,Chitungwiza_Depot,Wholegrain Brown,70,RT_005,1.54,70
2025-06-13 09:09:58,STORE_112,Bindura_Depot,Milk1L,56,RT_036,1.54,56
2025-05-07 03:05:02,STORE_004,Kwekwe_Depot,Mini Rolls 6-Pack,313,RT_025,1.07,313
2025-02-19 13:54:27,STORE_120,Bindura_Depot,High Energy White,49,RT_042,1.3,49
2025-07-02 21:41:16,STORE_137,Masvingo_Branch,Whole Wheat,266,RT_020,1.42,266
2025-04-01 19:22:52,STORE_129,Bulawayo_Branch,Family Loaf,307,RT_002,2.38,307
2025-07-26 15:29:17,STORE_099,Kwekwe_Depot,Seed Loaf,126,RT_008,1.52,126
2025-05-16 00:49:28,STORE_062,Masvingo_Branch,Buns 6-Pack,227,RT_016,1.29,227
2025-03-17 09:35:24,STORE_111,Gweru_Branch,Whole Wheat,377,RT_020,1.56,377
2025-01-13 17:33:04,STORE_027,Chitungwiza_Depot,High Energy White,240,RT_015,1.25,240
2025-06-05 03:41:28,STORE_010,Bulawayo_Branch,Family Loaf,146,RT_017,2.31,146
2025-01-09 17:55:24,STORE_116,Harare_Willowvale,Mini Rolls 6-Pack,98,RT_022,1.07,98
2025-03-31 12:58:54,STORE_106,Marondera_Depot,High Energy White,288,RT_037,1.43,288
2025-01-08 14:33:11,STORE_103,Bindura_Depot,Buns 6-Pack,282,RT_045,1.04,282
2025-02-27 01:42:32,STORE_128,Kwekwe_Depot,Whole Wheat,95,RT_015,1.59,95
2025-07-24 01:23:28,STORE_119,Mutare_Branch,Buns 6-Pack,261,RT_037,1.26,261
2025-04-29 17:52:30,STORE_004,Harare_Willowvale,Family Loaf,98,RT_016,2.21,98
2025-03-20 19:53:25,STORE_028,Chitungwiza_Depot,Mini Rolls 6-Pack,98,RT_048,0.95,98
2025-06-05 01:59:00,STORE_094,Masvingo_Branch,Mini Rolls 6-Pack,255,RT_013,1.14,255
2025-01-23 19:57:25,STORE_058,Mutare_Branch,Family Loaf,184,RT_029,2.19,184
2025-07-27 12:27:13,STORE_079,Gweru_Branch,Soft White,86,RT_020,1.3,86
2025-04-04 19:01:10,STORE_035,Marondera_Depot,Whole Wheat,106,RT_035,1.45,106
2025-01-04 13:43:37,STORE_130,Gweru_Branch,Mini Rolls 6-Pack,243,RT_047,1.08,243
2025-04-04 19:06:14,STORE_128,Masvingo_Branch,Family Loaf,130,RT_039,2.12,130
2025-06-21 00:24:14,STORE_018,Masvingo_Branch,Seed Loaf,99,RT_001,1.66,99
2025-07-22 23:16:57,STORE_019,Harare_Willowvale,Buns 6-Pack,20,RT_030,1.14,20
2025-05-18 01:12:38,STORE_040,Mutare_Branch,High Energy White,319,RT_046,1.23,319
2025-07-06 06:18:54,STORE_102,Chitungwiza_Depot,Whole Wheat,140,RT_028,1.43,140
2025-02-25 22:32:57,STORE_039,Masvingo_Branch,Soft White,91,RT_037,1.33,91
2025-07-28 09:13:58,STORE_023,Chitungwiza_Depot,Family Loaf,210,RT_044,,210
2025-01-26 06:58:52,STORE_017,Gweru_Branch,Sugar2kg,8,RT_022,1.27,8
,STORE_045,Chitungwiza_Depot,Buns 6-Pack,293,RT_003,1.3,293
2025-07-24 11:44:24,STORE_068,Chitungwiza_Depot,Seed Loaf,289,RT_041,1.61,289
2025-03-27 02:32:52,STORE_085,Chitungwiza_Depot,Soft White,14,RT_048,1.36,14
2025-05-22 18:11:45,STORE_041,Masvingo_Branch,Whole Wheat,113,RT_016,1.56,113
2025-07-24 21:35:13,STORE_072,Masvingo_Branch,Mini Rolls 6-Pack,181,RT_031,1.06,181
2025-01-01 08:15:25,STORE_123,Kwekwe_Depot,Family Loaf,208,RT_036,2.23,208
2025-02-11 19:30:10,STORE_107,Marondera_Depot,High Energy Brown,68,RT_016,1.36,68
2025-07-23 22:23:42,STORE_014,Bindura_Depot,Whole Wheat,8,RT_043,1.38,8
2025-06-06 23:13:46,STORE_067,Kwekwe_Depot,High Energy White,304,RT_005,1.38,304
2025-07-02 08:45:16,STORE_033,Marondera_Depot,Soft White,56,RT_049,1.39,56
2025-02-19 07:52:26,STORE_041,Chitungwiza_Depot,Wholegrain Brown,100,RT_020,1.54,100
2025-07-23 02:13:44,STORE_124,Kwekwe_Depot,Wholegrain Brown,265,RT_027,1.47,265
2025-02-21 06:11:30,STORE_070,Kwekwe_Depot,Wholegrain Brown,39,RT_036,1.34,39
2025-07-25 12:01:18,STORE_088,Harare_Southerton,Mini Rolls 6-Pack,139,RT_023,1.12,139
2025-07-12 01:15:01,STORE_014,Gweru_Branch,Seed Loaf,168,RT_010,1.65,168
2025-03-12 06:21:33,STORE_109,Marondera_Depot,Buns 6-Pack,218,RT_035,1.08,218
2025-03-04 16:39:35,STORE_112,Harare_Willowvale,Mini Rolls 6-Pack,96,RT_002,0.99,96
2025-07-25 15:26:47,STORE_105,Mutare_Branch,High Energy White,160,RT_019,1.37,160
2025-07-13 19:37:45,STORE_084,Chitungwiza_Depot,High Energy White,150,RT_021,1.31,150
2025-07-24 22:25:06,STORE_110,Bulawayo_Branch,Seed Loaf,28,RT_027,1.54,28
2025-02-01 23:35:57,STORE_068,Chitungwiza_Depot,High Energy Brown,201,RT_004,1.39,201
2025-02-23 13:44:16,STORE_111,Bulawayo_Branch,Buns 6-Pack,61,RT_009,1.29,61
2025-05-22 22:07:04,STORE_012,Kwekwe_Depot,Family Loaf,146,RT_005,2.28,146
2025-07-22 21:38:30,STORE_034,Marondera_Depot,Wholegrain Brown,61,RT_025,1.48,61
2025-01-17 05:12:50,STORE_108,Harare_Southerton,High Energy Brown,220,RT_041,1.31,220
2025-03-08 22:12:17,STORE_073,Harare_Southerton,High Energy Brown,48,RT_042,1.43,48
2025-01-05 02:23:02,STORE_103,Gweru_Branch,Soft White,205,RT_035,1.28,205
2025-01-02 00:55:43,STORE_068,Harare_Willowvale,Family Loaf,164,RT_031,2.25,164
2025-06-19 19:51:30,STORE_033,Gweru_Branch,Wholegrain Brown,287,RT_043,1.42,287
2025-03-25 00:44:37,STORE_008,Gweru_Branch,Seed Loaf,147,RT_047,1.43,147
2025-07-07 12:42:38,STORE_124,Bulawayo_Branch,Buns 6-Pack,255,RT_044,1.08,255
2025-01-07 08:33:59,STORE_075,Mutare_Branch,High Energy Brown,233,RT_022,1.23,233
2025-01-11 04:33:52,STORE_115,Gweru_Branch,High Energy White,84,RT_037,1.24,84
2025-04-20 09:06:05,STORE_037,Kwekwe_Depot,Mini Rolls 6-Pack,313,RT_023,1.14,313
2025-02-27 07:34:35,STORE_037,Chitungwiza_Depot,High Energy White,70,RT_035,1.48,70
2025-01-12 13:59:38,STORE_085,Harare_Willowvale,Whole Wheat,267,RT_005,1.45,267
2025-01-14 23:17:48,STORE_028,Chitungwiza_Depot,Soft White,197,RT_021,1.23,197
2025-02-11 15:21:46,STORE_014,Marondera_Depot,Family Loaf,7,RT_023,2.37,7
2025-03-12 18:49:50,STORE_100,Kwekwe_Depot,Buns 6-Pack,109,RT_047,1.17,109
2025-02-15 15:19:43,STORE_049,Harare_Southerton,High Energy Brown,304,RT_032,1.28,304
2025-05-14 18:06:07,STORE_118,Harare_Southerton,Wholegrain Brown,49,RT_044,1.31,49
2025-06-29 10:30:39,STORE_041,Marondera_Depot,Buns 6-Pack,241,RT_011,1.11,241
2025-02-15 20:27:56,STORE_036,Harare_Southerton,Mini Rolls 6-Pack,175,RT_040,0.94,175
2025-04-14 03:12:42,STORE_024,Gweru_Branch,Buns 6-Pack,176,RT_006,1.09,176
2025-02-23 05:55:05,STORE_016,Marondera_Depot,Whole Wheat,37,RT_009,1.52,37
2025-03-18 12:43:28,STORE_088,Gweru_Branch,Wholegrain Brown,73,RT_019,1.42,73
2025-01-11 12:22:53,STORE_124,Bindura_Depot,Mini Rolls 6-Pack,145,RT_043,1.18,145
2025-03-11 09:06:16,STORE_070,Harare_Willowvale,Whole Wheat,20,RT_044,1.56,20
2025-06-25 03:34:58,STORE_072,Mutare_Branch,Soft White,149,RT_007,1.38,149
2025-04-17 05:47:59,STORE_126,Marondera_Depot,High Energy Wite,28,RT_024,1.4,28
2025-03-22 13:59:25,STORE_060,Harare_Southerton,Family Loaf,66,RT_038,2.25,66
2025-07-19 13:56:04,STORE_068,Masvingo_Branch,Mini Rolls 6-Pack,171,RT_023,1.06,171
2025-02-15 19:16:36,STORE_038,Harare_Southerton,Family Loaf,206,RT_040,2.22,206
2025-07-28 00:48:22,STORE_043,Mutare_Branch,Buns 6-Pack,144,RT_016,1.26,144
2025-05-08 17:48:51,STORE_007,Harare_Willowvale,High Energy Brown,162,RT_048,1.47,162
2025-01-03 12:03:14,STORE_032,Gweru_Branch,Buns 6-Pack,112,RT_004,1.18,112
2025-05-28 02:15:03,STORE_018,Harare_Willowvale,High Energy Brown,17,RT_033,1.33,17
2025-02-09 08:19:44,STORE_016,Bulawayo_Branch,Wholegrain Brown,261,RT_003,1.58,261
2025-03-17 08:27:05,STORE_135,Harare_Willowvale,Buns 6-Pack,169,RT_043,1.26,169
2025-06-09 13:02:28,STORE_101,Harare_Southerton,Soft White,266,RT_017,1.25,266
2025-01-26 00:46:06,STORE_033,Bindura_Depot,Wholegrain Brown,117,RT_025,1.48,117
2025-04-21 01:22:56,STORE_117,Gweru_Branch,Soft White,220,RT_012,1.22,220
2025-02-22 09:54:18,STORE_101,Mutare_Branch,High Energy Brown,94,RT_012,1.43,94
2025-07-24 07:40:47,STORE_110,Harare_Southerton,Buns 6-Pack,186,RT_027,1.13,186
2025-03-17 09:00:40,STORE_063,Gweru_Branch,Family Loaf,192,RT_039,2.1,192
2025-03-21 10:37:39,STORE_044,Harare_Southerton,Seed Loaf,56,RT_036,1.61,56
2025-01-28 06:57:01,STORE_125,Marondera_Depot,High Energy Brown,196,RT_042,1.36,196
2025-02-11 06:42:48,STORE_074,Gweru_Branch,Buns 6-Pack,54,RT_014,1.06,54
2025-01-17 02:52:55,STORE_098,Harare_Willowvale,High Energy White,298,RT_019,1.26,298
2025-06-25 14:13:05,STORE_131,Harare_Willowvale,High Energy Brown,54,RT_016,1.31,54
2025-06-04 00:13:18,STORE_022,Harare_Southerton,Buns 6-Pack,234,RT_034,1.11,234
2025-06-26 02:49:36,STORE_137,Bulawayo_Branch,Family Loaf,13,,2.28,13
2025-07-08 11:41:39,STORE_024,Harare_Willowvale,High Energy White,20,RT_031,1.34,20
2025-01-27 00:51:16,STORE_012,Harare_Willowvale,Mini Rolls 6-Pack,14,RT_013,1.11,14
2025-04-30 02:32:39,STORE_026,Kwekwe_Depot,High Energy Brown,198,RT_002,1.46,198
2025-03-09 06:56:15,STORE_089,Harare_Southerton,High Energy Brown,304,RT_013,1.28,304
2025-04-16 23:09:19,STORE_061,Bulawayo_Branch,Soft White,122,RT_038,1.32,122
2025-03-05 00:52:22,STORE_050,Bindura_Depot,Mini Rolls 6-Pack,290,RT_010,0.93,290
2025-07-17 00:26:00,STORE_108,Chitungwiza_Depot,Family Loaf,14,RT_001,2.27,14
2025-04-13 14:37:45,STORE_044,Harare_Willowvale,Seed Loaf,9,RT_021,1.48,9
2025-01-22 23:25:39,STORE_052,Bindura_Depot,Whole Wheat,25,RT_020,1.52,25
2025-01-06 18:34:23,STORE_098,Marondera_Depot,Whole Wheat,290,RT_024,1.6,290
2025-02-26 09:31:31,STORE_043,Harare_Southerton,Mini Rolls 6-Pack,237,RT_020,0.99,237
2025-05-10 01:08:17,STORE_063,Mutare_Branch,High Energy White,250,RT_029,1.29,250
2025-06-24 12:28:55,STORE_018,Harare_Southerton,Mini Rolls 6-Pack,203,RT_035,0.99,203
2025-01-03 06:30:11,STORE_052,Bulawayo_Branch,Whole Wheat,168,RT_007,1.37,168
2025-07-25 11:34:09,STORE_072,Bindura_Depot,Buns 6-Pack,96,RT_037,1.11,96
2025-05-19 18:27:58,STORE_007,Bulawayo_Branch,SoapBar,39,RT_015,1.14,39
2025-01-03 17:51:08,STORE_120,Chitungwiza_Depot,Mini Rolls 6-Pack,126,RT_030,1.13,126
2025-03-30 03:24:47,STORE_031,Bulawayo_Branch,Buns 6-Pack,21,RT_016,1.22,21
2025-05-20 15:39:29,STORE_072,Bulawayo_Branch,Mini Rolls 6-Pack,237,RT_024,1.03,237
2025-02-24 19:38:39,STORE_022,Harare_Willowvale,Seed Loaf,297,RT_020,1.49,297
2025-07-21 22:04:05,STORE_052,Bindura_Depot,Whole Wheat,225,RT_036,1.42,225
2025-03-29 23:35:48,STORE_034,Chitungwiza_Depot,Family Loaf,227,RT_002,2.37,227
2025-03-12 19:58:42,STORE_066,Chitungwiza_Depot,Whole Wheat,226,RT_024,1.6,226
2025-07-20 04:33:01,STORE_092,Mutare_Branch,High Energy Brown,46,RT_030,1.26,46
2025-03-28 13:42:53,STORE_006,Harare_Southerton,High Energy White,92,RT_013,1.26,92
2025-06-29 06:17:01,STORE_089,Bindura_Depot,Seed Loaf,217,RT_005,1.59,217
2025-05-28 07:30:50,STORE_052,Masvingo_Branch,Buns 6-Pack,129,RT_014,1.05,129
2025-05-07 05:25:42,STORE_050,Chitungwiza_Depot,High Energy White,152,RT_041,1.44,152
2025-07-16 17:52:48,STORE_005,Mutare_Branch,Mini Rolls 6-Pack,147,RT_035,1.1,147
2025-03-24 13:30:56,STORE_068,Harare_Southerton,High Energy White,203,RT_030,1.35,203
2025-03-22 00:21:23,STORE_041,Harare_Southerton,Whole Wheat,113,RT_012,1.52,113
2025-01-31 00:24:09,STORE_113,Bulawayo_Branch,High Energy White,252,RT_044,1.26,252
2025-07-18 13:54:45,STORE_036,Harare_Willowvale,Mini Rolls 6-Pack,124,RT_043,1.08,124
2025-01-21 06:21:06,STORE_130,Masvingo_Branch,Family Loaf,303,RT_017,2.34,303
2025-04-20 12:03:02,STORE_048,Bindura_Depot,Whole Wheat,49,RT_032,1.51,49
2025-05-15 07:29:42,STORE_052,Marondera_Depot,Wholegrain Brown,139,RT_006,1.55,139
2025-04-25 01:43:00,STORE_052,Mutare_Branch,Soft White,188,RT_016,1.24,188
2025-06-30 23:01:30,STORE_002,Masvingo_Branch,Seed Loaf,300,RT_046,1.41,300
2025-04-27 19:40:05,STORE_056,Kwekwe_Depot,Seed Loaf,148,RT_025,1.43,148
2025-01-29 00:22:44,STORE_025,Mutare_Branch,Family Loaf,166,RT_036,2.24,166
2025-04-25 17:05:42,STORE_001,Harare_Southerton,Family Loaf,313,RT_045,2.27,313
2025-04-28 04:00:43,STORE_094,Chitungwiza_Depot,High Energy White,272,RT_046,1.33,272
2025-03-06 08:45:12,STORE_072,Masvingo_Branch,Family Loaf,288,RT_043,2.2,288
2025-05-29 06:06:53,STORE_047,Bindura_Depot,Whole Wheat,89,RT_047,1.57,89
2025-05-13 09:00:01,STORE_024,Marondera_Depot,High Energy White,9,RT_003,1.25,9
2025-07-03 14:05:36,STORE_071,Marondera_Depot,Family Loaf,125,RT_045,2.17,125
2025-02-20 10:03:52,STORE_081,Gweru_Branch,Wholegrain Brown,240,RT_043,1.54,240
2025-02-14 00:42:10,STORE_015,Mutare_Branch,Family Loaf,187,RT_035,2.13,187
2025-04-13 07:05:12,STORE_136,Bindura_Depot,High Energy Brown,256,RT_023,1.39,256
,STORE_008,Masvingo_Branch,Mini Rolls 6-Pack,211,RT_043,0.93,211
2025-01-21 11:33:37,STORE_049,Masvingo_Branch,High Energy Brown,110,RT_033,1.35,110
2025-03-24 19:58:40,STORE_123,Chitungwiza_Depot,High Energy White,50,RT_030,1.28,50
2025-05-15 03:40:17,STORE_001,Mutare_Branch,Mini Rolls 6-Pack,236,RT_025,1.02,236
2025-04-30 00:28:56,STORE_066,Harare_Southerton,High Energy Brown,65,RT_047,1.22,65
2025-03-02 13:08:28,STORE_098,Kwekwe_Depot,Family Loaf,147,RT_040,2.26,147
2025-02-16 05:07:32,STORE_046,Chitungwiza_Depot,Buns 6-Pack,94,RT_007,1.18,94
2025-06-14 21:41:53,STORE_017,Kwekwe_Depot,Wholegrain Brown,254,RT_014,1.53,254
2025-02-14 15:53:24,STORE_027,Gweru_Branch,Buns 6-Pack,86,RT_003,1.02,86
2025-03-20 00:00:00,STORE_076,,Soft White,55,RT_040,1.39,55
2025-03-12 00:00:00,STORE_105,Masvingo_Branch,Soft White,42,RT_035,1.37,42
2025-03-10 05:42:05,STORE_081,Masvingo_Branch,Mini Rolls 6-Pack,67,RT_032,0.99,67
2025-06-12 22:23:07,STORE_009,Marondera_Depot,Wholegrain Brown,124,RT_037,1.54,124
2025-01-20 23:49:33,STORE_118,Kwekwe_Depot,Seed Loaf,85,RT_023,1.69,85
2025-05-12 14:44:53,STORE_006,Chitungwiza_Depot,Family Loaf,303,RT_038,2.12,303
2025-07-27 11:52:07,STORE_018,Masvingo_Branch,High Energy White,194,RT_043,1.21,194
2025-05-02 01:19:37,STORE_131,Bulawayo_Branch,Wholegrain Brown,200,RT_019,1.35,200
2025-05-24 06:49:49,STORE_124,Marondera_Depot,Seed Loaf,22,RT_044,1.56,22
2025-06-12 11:26:49,STORE_059,Chitungwiza_Depot,Soft White,104,RT_024,1.35,104
2025-04-10 10:02:27,STORE_126,Marondera_Depot,Seed Loaf,194,RT_043,1.47,194
2025-01-04 03:30:36,STORE_077,Bindura_Depot,Seed Loaf,248,RT_042,1.48,248
2025-07-16 17:56:02,STORE_138,Chitungwiza_Depot,High Energy White,250,RT_005,1.23,250
2025-05-19 08:16:23,STORE_111,Mutare_Branch,Seed Loaf,132,RT_044,1.41,132
2025-05-02 07:14:30,STORE_089,Gweru_Branch,Soft White,147,RT_049,1.37,147
2025-03-09 04:35:44,STORE_014,Bulawayo_Branch,Family Loaf,188,RT_011,2.28,188
2025-07-25 10:40:31,STORE_081,Harare_Willowvale,Buns 6-Pack,65,RT_032,1.24,65
2025-07-03 02:45:33,STORE_051,Masvingo_Branch,Family Loaf,155,RT_002,2.35,155
2025-06-20 12:51:17,STORE_033,Kwekwe_Depot,Seed Loaf,184,RT_010,1.52,184
2025-06-20 05:52:30,STORE_136,Harare_Southerton,High Energy White,300,RT_048,1.25,300
2025-02-25 10:20:39,STORE_008,,High Energy Brown,111,RT_032,1.37,111
2025-05-08 05:20:49,STORE_012,Bulawayo_Branch,Mini Rolls 6-Pack,49,RT_033,1.02,49
2025-04-17 03:41:07,STORE_108,Harare_Southerton,Wholegrain Brown,61,RT_007,1.32,61
2025-02-15 05:55:08,STORE_034,Marondera_Depot,Buns 6-Pack,147,RT_048,1.09,147
2025-07-10 12:37:55,STORE_024,Mutare_Branch,High Energy Brown,45,RT_030,1.46,45
2025-05-13 20:06:37,STORE_124,Masvingo_Branch,High Energy White,195,RT_033,1.26,195
2025-02-26 09:11:22,STORE_049,Kwekwe_Depot,Mini Rolls 6-Pack,10,RT_012,0.98,10
2025-04-30 13:56:29,STORE_080,Harare_Southerton,Wholegrain Brown,149,RT_031,1.45,149
2025-06-19 12:54:25,STORE_009,Harare_Willowvale,High Energy Brown,27,RT_017,1.29,27
2025-02-10 18:48:20,STORE_122,Marondera_Depot,Seed Loaf,232,RT_009,1.44,232
2025-05-11 07:59:44,STORE_070,Harare_Southerton,Buns 6-Pack,200,RT_012,1.17,200
2025-05-31 19:39:47,STORE_036,Chitungwiza_Depot,High Energy Brown,228,RT_030,1.23,228
2025-05-08 03:52:21,STORE_012,Bulawayo_Branch,Seed Loaf,53,RT_022,1.45,53
2025-03-30 21:05:24,STORE_010,Chitungwiza_Depot,Buns 6-Pack,162,RT_045,1.23,162
2025-04-02 07:02:19,STORE_135,Kwekwe_Depot,Whole Wheat,117,RT_040,1.57,117
2025-01-26 22:31:45,STORE_014,Bindura_Depot,Mini Rolls 6-Pack,310,RT_022,1.04,310
2025-07-10 13:43:37,STORE_137,Mutare_Branch,Soft White,277,RT_043,1.19,277
2025-03-11 19:40:19,STORE_072,Gweru_Branch,High Energy White,143,RT_040,1.46,143
2025-06-16 18:28:09,STORE_037,Mutare_Branch,Seed Loaf,90,RT_002,1.61,90
2025-05-28 22:19:09,STORE_014,Bulawayo_Branch,Seed Loaf,103,RT_025,1.69,103
2025-06-01 22:28:24,STORE_002,Harare_Southerton,Mini Rolls 6-Pack,65,RT_014,1.05,65
2025-05-06 21:56:36,STORE_023,Mutare_Branch,Whole Wheat,82,RT_016,1.52,82
2025-06-24 12:50:13,STORE_139,Masvingo_Branch,Family Loaf,83,RT_036,2.13,83
2025-01-10 12:53:46,STORE_019,Harare_Willowvale,Whole Wheat,144,RT_031,1.54,144
2025-05-15 00:03:15,STORE_081,Mutare_Branch,High Energy White,135,RT_001,1.49,135
2025-06-06 03:18:15,STORE_080,Chitungwiza_Depot,Wholegrain Brown,91,RT_005,1.41,91
2025-01-11 19:40:14,STORE_011,Gweru_Branch,Mini Rolls 6-Pack,28,RT_003,0.95,28
2025-07-17 00:04:53,STORE_010,Bindura_Depot,Whole Wheat,179,RT_013,1.58,179
2025-03-13 09:56:45,STORE_051,Kwekwe_Depot,Wholegrain Brown,244,RT_041,1.4,244
2025-03-01 07:02:44,STORE_130,Chitungwiza_Depot,SoapBar,26,RT_040,1.1,26
2025-03-25 19:06:16,STORE_118,Harare_Southerton,Family Loaf,6,RT_022,2.35,6
2025-02-27 20:48:02,STORE_139,Masvingo_Branch,Mini Rolls 6-Pack,225,RT_007,1.03,225
2025-06-05 09:33:53,STORE_030,Gweru_Branch,Wholegrain Brown,300,RT_008,1.48,300
2025-07-09 19:19:33,STORE_057,Masvingo_Branch,Family Loaf,17,RT_029,2.17,17
2025-02-23 02:49:29,STORE_027,Gweru_Branch,Seed Loaf,72,RT_048,1.42,72
2025-07-02 05:06:48,STORE_082,Mutare_Branch,Whole Wheat,268,RT_004,1.49,268
2025-03-01 05:55:22,STORE_122,Masvingo_Branch,Soft White,156,RT_006,1.13,156
2025-04-27 06:42:59,STORE_049,Gweru_Branch,Wholegrain Brown,192,RT_004,1.44,192
2025-04-11 09:47:17,STORE_129,Masvingo_Branch,Seed Loaf,173,RT_031,1.41,173
2025-03-15 02:46:37,STORE_085,Mutare_Branch,Seed Loaf,141,RT_007,1.44,141
2025-01-11 23:07:06,STORE_123,Mutare_Branch,Soft White,267,RT_033,1.28,267
2025-05-11 19:51:11,STORE_054,Marondera_Depot,Whole Wheat,83,RT_006,1.38,83
2025-03-16 23:34:03,STORE_101,Kwekwe_Depot,Seed Lof,60,RT_041,1.61,60
2025-04-28 09:27:22,STORE_083,Harare_Willowvale,High Energy Brown,233,RT_003,1.28,233
2025-05-29 13:04:23,STORE_042,Harare_Willowvale,Buns 6-Pack,268,RT_037,1.09,268
2025-01-05 11:19:14,STORE_051,Chitungwiza_Depot,Seed Loaf,273,RT_017,1.58,273
2025-07-03 12:26:17,STORE_114,Chitungwiza_Depot,High Energy White,138,RT_024,1.29,138
2025-05-22 08:44:26,STORE_008,Mutare_Branch,Mini Rolls 6-Pack,58,RT_010,1.16,58
2025-04-16 08:12:20,STORE_130,Harare_Southerton,Whole Wheat,95,RT_048,1.39,95
2025-01-12 09:44:21,STORE_040,Bulawayo_Branch,Soft Whtie,233,RT_043,1.15,233
2025-06-08 09:47:38,STORE_137,Mutare_Branch,Soft White,106,RT_006,1.4,106
2025-02-28 15:08:39,STORE_045,Mutare_Branch,Family Loaf,315,RT_010,2.35,315
2025-05-22 00:38:26,STORE_098,Bulawayo_Branch,Buns 6-Pack,57,RT_045,1.14,57
2025-06-12 21:32:14,STORE_112,Bulawayo_Branch,Mini Rolls 6-Pack,121,RT_016,0.98,121
2025-01-08 12:19:10,STORE_055,Gweru_Branch,High Energy Brown,243,RT_003,1.24,243
2025-07-01 13:38:22,STORE_083,Bulawayo_Branch,Buns 6-Pack,273,RT_007,1.02,273
2025-02-08 09:59:04,STORE_037,Kwekwe_Depot,High Energy Brown,260,RT_008,1.3,260
2025-01-08 19:51:36,STORE_059,Masvingo_Branch,Soft White,153,RT_034,1.39,153
2025-04-13 22:13:32,STORE_137,Harare_Southerton,High Energy Brown,95,RT_029,1.49,95
2025-02-19 09:36:13,STORE_132,Masvingo_Branch,Whole Wheat,99,RT_021,1.42,99
2025-03-11 09:18:54,STORE_040,Chitungwiza_Depot,Family Loaf,277,RT_009,2.13,277
2025-04-29 23:19:44,STORE_116,Chitungwiza_Depot,Whole Wheat,154,RT_029,1.6,154
2025-04-28 15:51:58,STORE_011,Harare_Willowvale,Mini Rolls 6-Pack,58,RT_043,1.12,58
2025-02-23 19:43:35,STORE_072,Mutare_Branch,Mini Rolls 6-Pack,212,RT_047,0.95,212
2025-03-07 11:07:05,STORE_133,Marondera_Depot,Buns 6-Pack,214,RT_025,1.24,214
2025-04-11 00:52:35,STORE_111,Marondera_Depot,Soft White,249,RT_031,1.21,249
2025-03-14 15:04:40,STORE_100,Bulawayo_Branch,Soft White,24,RT_001,1.2,24
2025-07-22 17:05:06,STORE_077,Harare_Willowvale,Soft White,64,RT_022,1.38,64
2025-04-28 05:07:55,STORE_074,Harare_Willowvale,Mini Rolls 6-Pack,113,RT_047,0.97,113
2025-03-31 21:33:47,STORE_121,Kwekwe_Depot,Buns 6-Pack,129,RT_003,1.04,129
2025-02-26 07:42:28,STORE_030,Bindura_Depot,Seed Loaf,143,RT_037,1.5,143
2025-06-01 23:00:24,STORE_138,Harare_Willowvale,Wholegrain Brown,111,RT_045,1.33,111
2025-07-16 17:02:43,STORE_108,Gweru_Branch,High Energy Brown,291,RT_033,1.23,291
2025-05-20 12:24:00,STORE_018,Bulawayo_Branch,High Energy Brown,102,RT_032,1.31,102
2025-07-26 09:34:51,STORE_100,Marondera_Depot,Wholegrain Brown,52,RT_015,1.51,52
2025-04-05 21:19:04,STORE_128,Harare_Southerton,Mini Rolls 6-Pack,305,RT_019,1.1,305
2025-07-17 05:10:15,STORE_009,Marondera_Depot,Family Loaf,130,RT_001,2.21,130
2025-03-20 17:02:21,STORE_060,Gweru_Branch,Mini Rolls 6-Pack,136,RT_008,0.99,136
2025-03-19 19:27:21,STORE_036,Gweru_Branch,Wholegrain Brown,200,RT_023,1.38,200
2025-03-05 00:28:49,STORE_133,Mutare_Branch,High Energy White,195,RT_032,1.32,195
2025-02-08 00:08:57,STORE_100,Gweru_Branch,Seed Loaf,246,RT_021,1.42,246
2025-07-27 17:02:27,STORE_071,Mutare_Branch,Family Loaf,283,RT_019,2.16,283
2025-07-23 05:51:22,STORE_002,Harare_Willowvale,Seed Loaf,195,RT_017,1.51,195
2025-05-15 08:13:50,STORE_131,Bulawayo_Branch,Buns 6-Pack,231,RT_016,1.22,231
2025-07-07 22:38:28,STORE_103,Harare_Southerton,High Energy White,194,RT_028,1.26,194
2025-01-19 00:50:42,STORE_004,Kwekwe_Depot,Soft White,215,RT_040,1.35,215
2025-07-28 03:21:49,STORE_024,Kwekwe_Depot,Buns 6-Pack,220,RT_048,1.21,220
2025-05-05 06:34:56,STORE_016,Bindura_Depot,Buns 6-Pack,184,RT_042,1.04,184
2025-05-19 23:32:36,STORE_132,Bindura_Depot,High Energy Brown,17,RT_043,1.45,17
2025-03-05 23:12:51,STORE_069,Marondera_Depot,Buns 6-Pack,196,RT_007,1.06,196
2025-01-11 17:38:30,STORE_069,Mutare_Branch,Buns 6-Pack,210,RT_042,1.29,210
2025-01-08 00:05:09,STORE_133,Mutare_Branch,Mini Rolls 6-Pack,300,RT_021,0.94,300
2025-01-22 23:30:54,STORE_125,Bulawayo_Branch,Wholegrain Brown,273,RT_027,1.34,273
2025-06-06 01:11:03,STORE_027,Gweru_Branch,Buns 6-Pack,90,RT_020,1.09,90
2025-04-29 15:06:19,STORE_121,Marondera_Depot,Mini Rolls 6-Pack,161,RT_042,1.07,161
2025-03-24 19:53:26,STORE_061,Harare_Willowvale,Seed Loaf,277,RT_006,1.52,277
2025-04-24 11:03:25,STORE_046,Harare_Willowvale,Soft White,91,RT_037,1.31,91
2025-06-03 07:05:21,STORE_091,Chitungwiza_Depot,Whole Wheat,180,RT_018,1.47,180
2025-06-30 11:46:10,STORE_129,Harare_Southerton,Soft White,235,RT_030,1.18,235
2025-01-23 16:03:35,STORE_077,Harare_Southerton,Family Loaf,279,RT_032,2.11,279
2025-03-04 01:59:58,STORE_031,Chitungwiza_Depot,Wholegrain Brown,56,RT_007,1.39,56
2025-06-17 11:41:59,STORE_136,Chitungwiza_Depot,High Energy White,64,RT_029,1.28,64
2025-04-14 11:37:27,STORE_016,Harare_Willowvale,Seed Loaf,238,RT_044,1.43,238
2025-06-20 14:29:31,STORE_013,Harare_Willowvale,High Energy Brown,204,RT_002,1.38,204
2025-05-08 17:02:47,STORE_087,Mutare_Branch,Soft White,232,RT_034,1.36,232
2025-01-29 09:41:22,STORE_020,Chitungwiza_Depot,High Energy White,195,RT_044,1.41,195
2025-04-18 18:31:27,STORE_032,Harare_Southerton,Soft White,187,RT_025,1.18,187
2025-03-12 00:00:00,STORE_015,Mutare_Branch,Whole Wheat,295,RT_012,1.43,295
2025-07-01 00:58:46,STORE_035,Mutare_Branch,Soft White,215,RT_042,1.32,215
2025-06-23 21:58:12,STORE_090,Harare_Southerton,Soft White,186,RT_010,1.35,186
2025-01-03 05:55:52,STORE_132,Harare_Willowvale,High Energy White,146,RT_047,1.43,146
2025-04-06 04:01:42,STORE_003,Bindura_Depot,High Energy White,305,RT_047,1.21,305
2025-01-04 16:05:52,STORE_017,Gweru_Branch,Whole Wheat,202,RT_028,1.44,202
2025-07-04 10:23:14,STORE_062,Kwekwe_Depot,Buns 6-Pack,25,RT_009,1.29,25
2025-05-29 19:21:10,STORE_030,Mutare_Branch,Soft White,239,RT_048,1.3,239
2025-06-26 05:44:06,STORE_088,Mutare_Branch,Wholegrain Brown,97,RT_024,1.4,97
2025-04-11 17:03:37,STORE_072,Marondera_Depot,Buns 6-Pack,133,RT_026,1.02,133
2025-01-20 14:24:41,STORE_079,Gweru_Branch,High Energy Brown,292,RT_006,1.2,292
2025-06-06 21:36:35,STORE_100,Bindura_Depot,Mini Rolls 6-Pack,189,RT_008,1.15,189
2025-03-22 21:37:03,STORE_062,Mutare_Branch,Soft White,216,RT_006,1.4,216
2025-04-08 22:25:16,STORE_066,Bulawayo_Branch,Wholegrain Brown,282,RT_034,1.3,282
2025-03-01 19:49:09,STORE_020,Gweru_Branch,Family Loaf,267,RT_049,2.25,267
2025-01-20 18:23:26,STORE_066,Kwekwe_Depot,Family Loaf,54,RT_042,2.24,54
2025-02-19 23:50:53,STORE_005,Bulawayo_Branch,Wholegrain Brown,283,RT_032,1.31,283
2025-03-08 21:21:17,STORE_113,Chitungwiza_Depot,Whole Wheat,45,RT_043,1.54,45
2025-04-29 02:59:57,STORE_116,Mutare_Branch,High Energy White,290,RT_030,1.31,290
2025-03-16 07:45:34,STORE_066,Chitungwiza_Depot,High Energy Brown,206,RT_016,1.45,206
2025-03-23 10:20:55,STORE_101,Chitungwiza_Depot,Wholegrain Brown,221,RT_037,1.41,221
2025-02-09 19:25:40,STORE_056,Mutare_Branch,Wholegrain Brown,105,RT_001,1.36,105
2025-02-15 21:02:15,STORE_113,Harare_Willowvale,High Energy White,97,RT_005,1.25,97
2025-02-10 02:15:43,STORE_002,Harare_Southerton,Buns 6-Pack,78,RT_012,1.13,78
2025-02-22 11:25:10,STORE_018,Masvingo_Branch,Mini Rolls 6-Pack,185,RT_043,1.12,185
2025-05-03 00:41:45,STORE_109,Mutare_Branch,Whole Wheat,164,RT_016,1.44,164
2025-01-20 23:29:59,STORE_014,Marondera_Depot,Buns 6-Pack,318,RT_022,1.12,318
2025-01-05 10:48:53,STORE_087,Bindura_Depot,Mini Rolls 6-Pack,54,RT_034,0.91,54
2025-07-04 04:21:06,STORE_081,Masvingo_Branch,High Energy Brown,227,RT_028,1.42,227
2025-05-27 07:00:02,STORE_069,Harare_Willowvale,Soft White,140,RT_003,1.4,140
2025-06-21 18:32:24,STORE_116,Masvingo_Branch,Mini Rolls 6-Pack,262,RT_022,0.96,262
2025-03-27 11:41:45,STORE_058,Kwekwe_Depot,High Energy White,281,RT_014,1.39,281
2025-01-08 23:32:36,STORE_044,Marondera_Depot,Seed Loaf,42,RT_038,1.64,42
2025-05-16 15:01:10,STORE_113,Chitungwiza_Depot,Soft White,31,RT_022,1.16,31
2025-01-23 16:59:37,STORE_010,Harare_Southerton,Mini Rolls 6-Pack,22,RT_037,1.05,22
2025-07-12 23:35:42,STORE_092,Gweru_Branch,Seed Loaf,215,RT_013,1.6,215
2025-05-10 20:41:03,STORE_013,Gweru_Branch,Buns 6-Pack,71,RT_030,1.22,71
2025-03-01 20:39:03,STORE_137,Harare_Willowvale,Family Loaf,266,RT_018,2.38,266
2025-04-05 12:58:46,STORE_001,Gweru_Branch,Seed Loaf,118,RT_005,1.5,118
2025-02-20 15:45:51,STORE_129,,Wholegrain Brown,11,RT_001,1.44,11
2025-07-29 20:52:27,STORE_057,Harare_Southerton,Buns 6-Pack,273,RT_047,1.16,273
2025-05-26 07:30:29,STORE_127,Marondera_Depot,High Energy Brown,19,RT_013,1.48,19
2025-04-27 16:22:25,STORE_012,Mutare_Branch,Seed Loaf,134,RT_022,1.52,134
2025-02-14 20:35:54,STORE_078,Kwekwe_Depot,High Energy White,128,RT_042,1.49,128
2025-04-30 18:26:54,STORE_021,Bindura_Depot,Buns 6-Pack,269,RT_030,1.17,269
2025-03-12 02:45:14,STORE_068,Bulawayo_Branch,Family Loaf,164,RT_029,2.29,164
2025-04-04 04:13:25,STORE_110,Harare_Willowvale,Whole Wheat,87,RT_045,1.55,87
2025-06-10 09:08:21,STORE_070,Harare_Willowvale,Mini Rolls 6-Pack,209,,0.91,209
2025-02-15 16:46:41,STORE_064,Masvingo_Branch,Mini Rolls 6-Pack,23,RT_031,1.15,23
2025-06-18 14:07:59,STORE_081,Masvingo_Branch,High Energy Brown,212,RT_020,1.42,212
2025-01-29 16:53:37,STORE_072,Masvingo_Branch,Whole Wheat,234,RT_049,1.42,234
2025-05-06 15:28:36,STORE_049,Bulawayo_Branch,High Energy Brown,263,RT_013,1.4,263
2025-02-13 03:31:44,STORE_060,Harare_Southerton,High Energy White,290,RT_033,1.44,290
2025-03-17 00:42:12,STORE_139,Marondera_Depot,Family Loaf,200,RT_018,2.25,200
2025-02-18 19:19:54,STORE_037,Harare_Willowvale,Mini Rolls 6-Pack,21,RT_033,1.18,21
2025-02-22 22:56:03,STORE_099,Harare_Willowvale,Mini Rolls 6-Pack,118,RT_005,1.11,118
2025-05-13 08:15:23,STORE_115,Kwekwe_Depot,SeedLoaf,67,RT_046,1.6,67
2025-03-07 10:25:26,STORE_050,Chitungwiza_Depot,Family Loaf,73,RT_017,2.17,73
2025-03-24 13:15:08,STORE_131,Masvingo_Branch,Seed Loaf,261,RT_025,1.55,261
2025-05-09 15:05:11,STORE_024,Marondera_Depot,High Energy Brown,163,RT_027,1.21,163
2025-04-19 10:58:27,STORE_073,Masvingo_Branch,High Energy Brown,212,RT_031,1.37,212
2025-07-28 17:25:31,STORE_070,Gweru_Branch,Buns 6-Pack,116,RT_048,1.2,116
2025-02-03 12:08:34,STORE_004,Harare_Willowvale,Family Loaf,32,RT_033,2.38,32
2025-01-24 01:12:04,STORE_059,Harare_Willowvale,Buns 6-Pack,242,RT_039,1.01,242
2025-04-05 03:49:57,STORE_112,Mutare_Branch,Buns 6-Pack,8,RT_045,1.18,8
2025-07-03 14:24:05,STORE_092,Chitungwiza_Depot,Seed Loaf,216,RT_036,1.57,216
2025-07-30 18:52:26,STORE_085,Kwekwe_Depot,Wholegrain Brown,269,RT_020,1.48,269
2025-06-22 17:40:12,STORE_054,Harare_Southerton,Seed Loaf,47,RT_031,1.47,47
2025-05-23 22:58:59,STORE_056,Chitungwiza_Depot,High Energy Brown,128,RT_017,1.42,128
2025-06-24 14:46:47,STORE_122,Mutare_Branch,Whole Wheat,453,RT_049,1.47,453
2025-04-23 19:02:30,STORE_109,Harare_Willowvale,Family Loaf,71,RT_030,2.22,71
2025-06-25 19:17:38,STORE_108,Masvingo_Branch,Wholegrain Brown,283,RT_010,1.31,283
2025-02-03 14:25:07,STORE_122,Chitungwiza_Depot,Soft White,89,RT_013,1.29,89
2025-01-26 13:56:26,STORE_132,Harare_Willowvale,High Energy Brown,77,RT_023,1.26,77
2025-01-19 03:39:26,STORE_002,Harare_Southerton,High Energy Brown,80,RT_004,1.33,80
2025-07-15 11:27:31,STORE_086,Bindura_Depot,High Energy White,248,RT_003,1.37,248
2025-02-10 08:13:47,STORE_030,Chitungwiza_Depot,Seed Loaf,319,RT_049,1.58,319
2025-05-13 17:25:29,STORE_099,Gweru_Branch,Family Loaf,81,RT_019,2.39,81
2025-06-15 20:49:43,STORE_121,Mutare_Branch,Buns 6-Pack,281,RT_026,1.13,281
2025-07-23 05:10:57,STORE_097,Masvingo_Branch,High Energy White,10,RT_017,1.32,10
2025-04-07 02:22:55,STORE_001,Gweru_Branch,Soft White,113,RT_006,1.2,113
2025-03-20 00:00:00,STORE_003,Harare_Willowvale,High Energy Brown,120,RT_016,,120
2025-05-28 00:18:00,STORE_068,Harare_Southerton,Seed Loaf,283,RT_006,1.63,283
2025-01-03 04:04:46,STORE_041,Marondera_Depot,High Energy White,48,RT_019,1.26,48
2025-06-11 02:07:11,STORE_073,Chitungwiza_Depot,Buns 6-Pack,297,RT_001,1.05,297
2025-01-29 10:44:16,STORE_095,Bulawayo_Branch,Mini Rolls 6-Pack,86,RT_010,1.06,86
2025-01-24 10:59:53,STORE_050,Bulawayo_Branch,Soft White,154,RT_017,1.39,154
2025-07-19 05:52:34,STORE_091,Marondera_Depot,High Energy Brown,308,RT_025,1.21,308
2025-05-29 21:51:58,STORE_003,Harare_Southerton,Family Loaf,185,RT_028,2.12,185
2025-05-13 06:09:38,STORE_078,Harare_Willowvale,High Energy White,306,RT_013,1.41,306
2025-01-03 06:18:27,STORE_033,Harare_Willowvale,Wholegrain Brown,208,RT_034,1.51,208
2025-05-15 06:47:06,STORE_092,Mutare_Branch,Soft White,115,RT_016,1.17,115
2025-07-01 01:38:21,STORE_009,Bulawayo_Branch,Seed Loaf,81,RT_011,,81
2025-05-28 21:51:34,STORE_091,Harare_Southerton,Wholegrain Brown,24,RT_046,1.43,24
2025-01-29 19:51:46,STORE_081,Bindura_Depot,Soft White,93,RT_017,1.28,93
2025-04-13 12:13:52,STORE_034,Chitungwiza_Depot,Buns 6-Pack,251,RT_025,1.05,251
2025-02-27 00:43:06,STORE_061,Marondera_Depot,High Energy Brown,63,RT_031,1.35,63
2025-01-21 11:46:43,STORE_102,Marondera_Depot,High Energy White,309,RT_029,1.39,309
2025-04-22 14:14:07,STORE_033,Marondera_Depot,Mini Rolls 6-Pack,128,RT_013,0.93,128
2025-07-26 23:25:50,STORE_058,Masvingo_Branch,High Energy Brown,11,RT_031,1.42,11
2025-06-08 00:58:07,STORE_024,Mutare_Branch,Mini Rolls 6-Pack,104,RT_049,0.92,104
2025-04-18 09:57:43,STORE_062,Mutare_Branch,Soft White,17,RT_009,1.35,17
2025-03-29 08:18:11,STORE_049,Masvingo_Branch,High Energy Brown,80,RT_029,1.42,80
2025-05-31 17:17:50,STORE_124,Gweru_Branch,Seed Loaf,292,RT_036,1.69,292
2025-04-12 18:36:20,STORE_052,Masvingo_Branch,Family Loaf,111,RT_036,2.4,111
2025-02-12 04:04:48,STORE_105,Marondera_Depot,Wholegrain Brown,41,RT_016,1.44,41
2025-03-05 10:49:25,STORE_116,Harare_Southerton,Whole Wheat,67,RT_031,1.39,67
2025-02-27 06:51:39,STORE_088,Chitungwiza_Depot,Buns 6-Pack,150,RT_048,1.01,150
2025-05-16 15:41:17,STORE_013,Masvingo_Branch,High Energy Brown,239,RT_038,1.44,239
2025-04-02 03:08:12,STORE_014,Marondera_Depot,Buns 6-Pack,227,RT_043,1.19,227
2025-01-31 03:18:47,STORE_133,Marondera_Depot,Soft White,273,RT_018,1.34,273
2025-01-11 18:40:53,STORE_139,Marondera_Depot,Whole Wheat,157,RT_045,1.4,157
2025-02-09 22:42:36,STORE_022,Harare_Southerton,Whole Wheat,254,RT_028,1.63,254
2025-05-09 18:42:56,STORE_065,Chitungwiza_Depot,Mini Rolls 6-Pack,263,RT_006,0.97,263
2025-06-07 02:50:56,STORE_089,Mutare_Branch,Seed Loaf,182,RT_049,1.69,182
2025-01-15 19:05:43,STORE_103,Kwekwe_Depot,Family Loaf,67,RT_021,2.23,67
2025-07-15 05:47:52,STORE_115,Kwekwe_Depot,Mini Rolls 6-Pack,184,RT_030,0.98,184
2025-03-22 17:49:52,STORE_089,Gweru_Branch,Mini Rolls 6-Pack,226,RT_035,1.18,226
2025-03-19 17:58:46,STORE_109,Harare_Southerton,High Energy Brown,199,RT_004,1.39,199
2025-01-29 02:33:08,STORE_048,Harare_Southerton,High Energy Brown,22,RT_033,1.23,22
2025-02-08 03:54:51,STORE_064,Gweru_Branch,Mini Rolls 6-Pack,57,RT_043,1.19,57
2025-01-20 03:10:05,STORE_095,Gweru_Branch,Soft White,107,RT_002,1.16,107
2025-04-03 17:19:54,STORE_004,Chitungwiza_Depot,High Energy Brown,274,RT_045,1.29,274
2025-01-01 19:34:23,STORE_020,Bindura_Depot,Mini Rolls 6-Pack,14,RT_018,1.12,14
2025-04-24 16:21:30,STORE_117,Kwekwe_Depot,High Energy White,62,RT_027,1.32,62
2025-06-11 19:10:50,STORE_027,Mutare_Branch,Whole Wheat,36,RT_035,1.44,36
2025-03-12 00:00:00,STORE_120,Harare_Southerton,Mini Rolls 6-Pack,152,RT_004,0.99,152
2025-05-15 04:01:51,STORE_033,Mutare_Branch,Family Loaf,184,RT_040,2.21,184
2025-02-09 17:42:52,STORE_084,Mutare_Branch,Mini Rolls 6-Pack,153,RT_017,0.91,153
2025-07-17 15:47:02,STORE_096,Harare_Willowvale,High Energy Brown,272,RT_019,1.24,272
2025-04-28 13:01:00,STORE_133,Masvingo_Branch,Seed Loaf,20,RT_015,1.64,20
2025-01-30 09:14:31,STORE_080,Bulawayo_Branch,High Energy Brown,181,RT_031,1.31,181
2025-03-31 12:54:45,STORE_009,Mutare_Branch,High Energy White,199,RT_009,1.38,199
2025-02-17 17:12:38,STORE_089,Kwekwe_Depot,High Energy White,293,RT_023,1.43,293
2025-04-28 18:45:10,STORE_060,Harare_Southerton,Soft White,113,RT_037,1.24,113
2025-04-13 13:11:26,STORE_126,Mutare_Branch,Whole Wheat,272,RT_024,1.57,272
2025-02-10 19:45:10,STORE_124,Gweru_Branch,Whole Wheat,84,RT_018,1.42,84
2025-07-15 06:44:04,STORE_012,Bindura_Depot,Soft White,239,RT_036,1.33,239
2025-01-12 22:36:50,STORE_101,Harare_Southerton,High Energy White,307,RT_037,1.48,307
2025-03-18 15:04:21,STORE_087,Masvingo_Branch,Soft White,148,RT_044,1.15,148
2025-04-13 20:56:48,STORE_073,Gweru_Branch,Buns 6-Pack,13,RT_025,1.03,13
2025-01-22 08:14:13,STORE_041,Marondera_Depot,Family Loaf,301,RT_022,2.33,301
2025-03-28 10:12:13,STORE_015,Harare_Willowvale,Soft White,16,RT_045,1.31,16
2025-04-03 12:12:06,STORE_129,Mutare_Branch,High Energy White,89,RT_003,1.31,89
2025-06-22 23:32:11,STORE_003,Mutare_Branch,Whole Wheat,46,RT_017,1.61,46
2025-07-11 04:03:16,STORE_124,Marondera_Depot,Wholegrain Brown,163,RT_029,1.5,163
2025-07-20 23:54:05,STORE_044,Kwekwe_Depot,Family Loaf,263,RT_008,2.14,263
2025-06-09 14:38:03,STORE_097,Harare_Willowvale,Whole Wheat,256,RT_014,1.48,256
2025-04-18 02:40:04,STORE_085,Mutare_Branch,Mini Rolls 6-Pack,255,RT_029,0.93,255
2025-01-14 19:31:42,STORE_121,Mutare_Branch,Mini Rolls 6-Pack,256,RT_012,1.04,256
2025-03-27 14:24:33,STORE_059,Harare_Southerton,Buns 6-Pack,258,RT_017,1.1,258
2025-01-13 05:51:20,STORE_138,Kwekwe_Depot,High Energy White,57,RT_025,1.3,57
2025-01-11 14:51:12,STORE_138,Bindura_Depot,High Energy White,230,RT_023,1.3,230
2025-02-14 00:42:58,STORE_043,Chitungwiza_Depot,Buns 6-Pack,252,RT_039,1.17,252
2025-06-27 23:50:24,STORE_018,Kwekwe_Depot,High Energy Brown,305,RT_036,1.3,305
,STORE_118,Mutare_Branch,Mini Rolls 6-Pack,319,RT_038,1.2,319
2025-03-02 05:11:02,STORE_036,Mutare_Branch,High Energy Brown,193,RT_045,1.39,193
2025-07-22 14:07:44,STORE_019,Marondera_Depot,Seed Loaf,298,RT_017,1.45,298
2025-05-11 06:41:40,STORE_127,Harare_Willowvale,Buns 6-Pack,18,RT_031,1.2,18
2025-04-29 03:30:47,STORE_093,Chitungwiza_Depot,Whole Wheat,227,RT_035,1.45,227
2025-01-17 00:33:30,STORE_048,Marondera_Depot,Wholegrain Brown,61,RT_001,1.52,61
2025-04-19 12:51:40,STORE_090,Bindura_Depot,Wholegrain Brown,13,RT_011,1.55,13
2025-03-20 01:53:57,STORE_027,Chitungwiza_Depot,Seed Loaf,151,RT_040,1.68,151
2025-03-05 18:19:25,STORE_083,Chitungwiza_Depot,Wholegrain Brown,32,RT_033,1.32,32
2025-05-29 08:02:51,STORE_111,Gweru_Branch,High Energy White,23,RT_023,1.29,23
2025-05-12 01:27:00,STORE_079,Gweru_Branch,Family Loaf,149,RT_029,2.24,149
2025-02-09 12:51:11,STORE_024,Gweru_Branch,Buns 6-Pack,86,RT_025,1.3,86
2025-07-27 01:06:01,STORE_013,Kwekwe_Depot,High Energy White,275,RT_049,1.3,275
2025-06-12 22:00:28,STORE_062,Harare_Southerton,Mini Rolls 6-Pack,295,RT_011,1.02,295
2025-06-22 06:36:39,STORE_038,Bindura_Depot,Wholegrain Brown,102,RT_038,1.57,102
2025-03-29 03:04:32,STORE_039,Mutare_Branch,Soft White,296,RT_005,1.29,296
2025-07-10 12:26:34,STORE_018,Chitungwiza_Depot,Family Loaf,38,RT_025,2.21,38
2025-07-20 10:59:11,STORE_122,Marondera_Depot,Soft White,223,RT_010,1.26,223
2025-06-06 18:51:53,STORE_025,Bindura_Depot,Family Loaf,19,RT_027,2.28,19
2025-01-02 15:55:04,STORE_139,Mutare_Branch,Wholegrain Brown,10,RT_037,1.47,10
2025-01-23 12:47:10,STORE_139,Harare_Willowvale,Seed Loaf,277,RT_009,1.48,277
2025-03-06 03:19:03,STORE_082,Bindura_Depot,High Energy White,212,RT_044,1.23,212
2025-07-29 23:02:03,STORE_035,Harare_Southerton,Family Loaf,4,RT_007,2.12,4
2025-04-09 19:28:53,STORE_001,Harare_Willowvale,Whole Wheat,30,RT_003,1.49,30
2025-04-16 01:49:12,STORE_101,Masvingo_Branch,Soft White,155,RT_038,1.38,155
2025-01-28 09:35:22,STORE_001,Mutare_Branch,High Energy Brown,16,RT_026,1.49,16
2025-06-16 11:51:32,STORE_043,Marondera_Depot,Seed Loaf,70,RT_005,1.67,70
2025-04-05 14:22:01,STORE_122,Kwekwe_Depot,Seed Loaf,172,RT_027,1.67,172
2025-02-19 12:02:25,STORE_044,Harare_Willowvale,Buns 6-Pack,85,RT_043,1.03,85
2025-03-09 20:25:16,STORE_108,Harare_Southerton,Wholegrain Brown,263,RT_015,1.51,263
2025-06-09 00:38:25,STORE_093,Bulawayo_Branch,Wholegrain Brown,176,RT_038,1.51,176
2025-07-24 13:06:52,STORE_091,Gweru_Branch,Family Loaf,193,RT_027,2.34,193
2025-03-20 23:41:04,STORE_121,Masvingo_Branch,Family Loaf,31,RT_002,2.15,31
2025-04-01 05:53:35,STORE_118,Harare_Southerton,Mini Rolls 6-Pack,233,RT_014,1.09,233
2025-06-19 10:30:13,STORE_130,Harare_Willowvale,High Energy White,239,RT_015,1.47,239
2025-06-20 21:38:18,STORE_014,Marondera_Depot,Soft White,37,RT_026,1.24,37
2025-06-26 06:53:35,STORE_051,Marondera_Depot,Mini Rolls 6-Pack,247,RT_028,0.98,247
2025-01-08 19:15:04,STORE_103,Masvingo_Branch,Wholegrain Brown,283,RT_023,1.58,283
2025-07-29 23:36:14,STORE_041,Mutare_Branch,Soft White,228,RT_022,1.14,228
,STORE_046,Masvingo_Branch,Wholegrain Brown,162,RT_026,1.37,162
2025-03-20 00:00:00,STORE_030,Gweru_Branch,Mini Rolls 6-Pack,73,RT_028,0.93,73
2025-03-05 02:01:26,STORE_030,Kwekwe_Depot,Soft White,310,RT_040,1.14,310
2025-02-17 13:30:04,STORE_092,Harare_Willowvale,Family Loaf,85,RT_041,2.1,85
2025-06-16 07:39:12,STORE_049,Harare_Southerton,Soft White,274,RT_018,1.4,274
2025-07-18 04:17:26,STORE_059,Harare_Southerton,Soft White,92,RT_023,1.36,92
2025-02-07 14:48:53,STORE_062,Kwekwe_Depot,Buns 6-Pack,306,RT_032,1.15,306
2025-07-20 02:55:29,STORE_091,Masvingo_Branch,Seed Loaf,250,RT_041,1.52,250
2025-02-19 04:22:21,STORE_045,Harare_Willowvale,Mini Rolls 6-Pack,189,RT_019,1.15,189
2025-06-01 14:03:43,STORE_032,Chitungwiza_Depot,High Energy Brown,127,RT_047,1.37,127
2025-03-08 12:40:35,STORE_111,Kwekwe_Depot,Family Loaf,227,RT_037,2.39,227
2025-05-23 05:55:37,STORE_067,Masvingo_Branch,Whole Wheat,41,RT_007,1.59,41
2025-07-28 06:45:00,STORE_132,Harare_Willowvale,Wholegrain Brown,201,RT_035,1.59,201
2025-04-18 16:54:08,STORE_132,Marondera_Depot,Seed Loaf,283,RT_016,1.4,283
2025-03-13 03:09:39,STORE_046,Marondera_Depot,Soft White,30,RT_025,1.12,30
2025-01-30 08:08:57,STORE_077,Bulawayo_Branch,Mini Rolls 6-Pack,75,RT_014,1.18,75
2025-03-09 22:08:38,STORE_038,Harare_Southerton,Buns 6-Pack,77,RT_004,1.24,77
2025-01-01 22:32:51,STORE_095,Marondera_Depot,Seed Loaf,48,RT_029,,48
2025-05-01 22:58:15,STORE_108,Bindura_Depot,Buns 6-Pack,50,RT_001,1.11,50
2025-05-22 06:49:30,STORE_101,Mutare_Branch,Whole Wheat,312,RT_011,1.56,312
2025-06-29 17:36:38,STORE_059,Bulawayo_Branch,Buns 6-Pack,15,RT_049,1.07,15
2025-01-02 17:14:29,STORE_033,Mutare_Branch,Family Loaf,307,RT_043,2.16,307
2025-01-01 05:19:16,STORE_122,Mutare_Branch,Soft White,45,RT_040,1.31,45
2025-03-12 03:24:57,STORE_086,Harare_Willowvale,Buns 6-Pack,256,RT_033,1.14,256
2025-01-08 01:10:03,STORE_119,Masvingo_Branch,Soft White,219,RT_001,1.37,219
2025-06-20 21:46:36,STORE_065,Marondera_Depot,Buns 6-Pack,125,RT_016,1.19,125
2025-06-08 17:03:06,STORE_129,Bindura_Depot,Buns 6-Pack,178,RT_008,1.19,178
2025-05-07 17:32:59,STORE_030,Mutare_Branch,High Energy White,131,RT_038,1.38,131
2025-02-16 03:36:40,STORE_055,Harare_Southerton,Wholegrain Brown,273,RT_014,1.55,273
2025-06-27 10:18:06,STORE_126,Gweru_Branch,Buns 6-Pack,87,RT_009,1.01,87
2025-06-30 20:13:18,STORE_042,Kwekwe_Depot,Whole Wheat,124,RT_030,1.59,124
2025-04-24 16:29:42,STORE_081,Mutare_Branch,High Energy White,79,RT_032,1.29,79
2025-06-04 12:23:18,STORE_040,Harare_Willowvale,Mini Rolls 6-Pack,191,RT_015,0.97,191
2025-07-23 18:49:11,STORE_075,Marondera_Depot,High Energy White,307,RT_012,1.38,307
2025-02-26 08:14:33,STORE_062,Marondera_Depot,Wholegrain Brown,105,RT_019,1.5,105
2025-07-15 15:10:54,STORE_009,Masvingo_Branch,Buns 6-Pack,106,RT_040,1.26,106
2025-07-17 21:31:20,STORE_069,Kwekwe_Depot,Wholegrain Brown,66,RT_021,1.54,66
2025-03-19 09:41:06,STORE_045,Harare_Southerton,Soft White,232,RT_020,1.3,232
2025-03-16 14:31:00,STORE_030,Harare_Southerton,Soft White,263,RT_049,1.28,263
2025-04-29 12:29:47,STORE_083,Bulawayo_Branch,Soft White,7,RT_025,1.1,7
2025-01-01 14:27:35,STORE_048,Mutare_Branch,Seed Loaf,66,RT_040,1.44,66
2025-04-08 19:31:55,STORE_088,Masvingo_Branch,High Energy White,197,RT_002,1.44,197
2025-03-01 00:25:54,STORE_021,Gweru_Branch,Soft White,108,RT_039,1.37,108
2025-05-16 02:52:37,STORE_089,Bulawayo_Branch,High Energy Brown,189,RT_039,1.28,189
2025-06-04 03:21:55,STORE_129,Kwekwe_Depot,Buns 6-Pack,89,RT_021,1.24,89
2025-04-27 01:58:41,STORE_043,Harare_Willowvale,Buns 6-Pack,260,RT_021,1.27,260
2025-03-13 06:12:18,STORE_110,Masvingo_Branch,High Energy White,252,RT_009,1.38,252
2025-05-31 19:23:12,STORE_133,Marondera_Depot,Buns 6-Pack,264,RT_003,1.24,264
2025-06-01 22:20:10,STORE_138,Bindura_Depot,High Energy Brown,102,RT_037,1.25,102
2025-05-09 00:11:00,STORE_102,Masvingo_Branch,Buns 6-Pack,295,RT_040,1.19,295
2025-05-09 11:48:22,STORE_017,Masvingo_Branch,High Energy Brown,137,RT_027,1.26,137
2025-06-18 09:51:43,STORE_123,Harare_Willowvale,High Energy Brown,102,RT_007,1.46,102
2025-01-06 17:50:32,STORE_128,Harare_Southerton,Whole Wheat,60,RT_037,1.52,60
2025-04-11 18:37:49,STORE_114,Harare_Willowvale,Mini Rolls 6-Pack,206,RT_031,1.01,206
2025-04-15 03:32:11,STORE_056,Masvingo_Branch,Mini Rolls 6-Pack,291,RT_001,0.95,291
2025-07-24 11:00:52,STORE_132,Chitungwiza_Depot,Seed Loaf,193,RT_024,1.65,193
2025-02-25 04:27:06,STORE_007,Kwekwe_Depot,Family Loaf,191,RT_044,2.21,191
2025-06-13 05:02:05,STORE_087,Bindura_Depot,Soft White,187,RT_035,1.38,187
2025-03-30 20:11:02,STORE_070,Gweru_Branch,High Energy Brown,122,RT_038,1.24,122
2025-05-17 05:09:23,STORE_113,Chitungwiza_Depot,High Energy Brown,272,RT_021,1.35,272
2025-04-25 10:10:26,STORE_063,Bindura_Depot,Seed Loaf,170,RT_001,1.68,170
2025-07-10 01:04:57,STORE_062,Mutare_Branch,Buns 6-Pack,16,RT_008,1.23,16
2025-02-23 06:55:56,STORE_065,Gweru_Branch,High Energy White,188,RT_043,1.37,188
2025-06-10 23:03:44,STORE_007,Harare_Southerton,Family Loaf,272,RT_046,2.23,272
2025-05-30 03:34:36,STORE_042,Marondera_Depot,Seed Loaf,39,RT_002,1.62,39
2025-01-31 18:29:31,STORE_107,Harare_Willowvale,High Energy Brown,266,RT_048,1.23,266
2025-06-06 03:14:51,STORE_018,Harare_Willowvale,Wholegrain Brown,246,RT_007,1.55,246
2025-04-05 21:01:35,STORE_025,Chitungwiza_Depot,Whole Wheat,301,RT_034,1.37,301
2025-03-14 03:18:59,STORE_084,Harare_Southerton,Milk1L,25,RT_014,1.5,25
2025-05-23 05:44:06,STORE_068,Gweru_Branch,High Energy Brown,28,RT_004,1.5,28
2025-04-20 06:54:54,STORE_108,Gweru_Branch,High Energy Brown,230,RT_024,1.26,230
2025-05-25 11:19:44,STORE_005,Harare_Willowvale,Buns 6-Pack,93,RT_027,1.12,93
2025-01-24 00:46:08,STORE_110,Harare_Southerton,High Energy White,316,RT_020,1.48,316
2025-02-18 05:07:46,STORE_008,Bindura_Depot,High Energy White,237,RT_018,1.5,237
2025-03-15 20:27:38,STORE_044,Bindura_Depot,Seed Loaf,260,RT_017,1.51,260
2025-03-29 17:22:29,STORE_027,Bulawayo_Branch,Family Loaf,264,RT_025,2.18,264
2025-05-08 08:08:29,STORE_103,Gweru_Branch,Mini Rolls 6-Pack,60,RT_028,0.95,60
2025-03-23 09:10:01,STORE_081,Bindura_Depot,Whole grain Brown,216,RT_004,1.45,216
2025-01-04 12:17:26,STORE_037,Gweru_Branch,Seed Loaf,114,RT_047,1.65,114
2025-01-27 11:43:47,STORE_083,Marondera_Depot,Mini Rolls 6-Pack,200,RT_018,1.12,200
2025-04-06 11:21:32,STORE_038,Marondera_Depot,Family Loaf,306,RT_049,2.35,306
2025-05-28 15:50:10,STORE_039,Gweru_Branch,Whole Wheat,4,RT_027,1.64,4
2025-07-13 18:48:46,STORE_029,Kwekwe_Depot,WholeWheat,144,RT_016,1.38,144
2025-02-12 18:39:21,STORE_036,Bulawayo_Branch,High Energy White,149,RT_044,1.48,149
2025-06-29 05:30:15,STORE_126,Bulawayo_Branch,Mini Rolls 6-Pack,277,RT_016,0.96,277
2025-04-02 02:21:47,STORE_024,Masvingo_Branch,Buns 6-Pack,41,RT_003,1.15,41
2025-01-11 07:46:55,STORE_094,Chitungwiza_Depot,Soft White,253,RT_032,1.31,253
2025-03-16 08:39:48,STORE_089,Bulawayo_Branch,High Energy Brown,195,RT_034,1.23,195
2025-02-12 05:19:41,STORE_079,Harare_Willowvale,Soft White,170,RT_043,1.21,170
2025-04-09 02:12:57,STORE_060,Bindura_Depot,High Energy White,280,RT_013,1.31,280
2025-02-05 19:15:48,STORE_085,Bulawayo_Branch,High Energy White,282,RT_045,1.22,282
2025-07-10 16:10:09,STORE_018,Bulawayo_Branch,Buns 6-Pack,257,RT_017,1.24,257
2025-05-25 08:18:53,STORE_066,Harare_Southerton,Mini Rolls 6-Pack,314,RT_030,1.13,314
2025-01-05 15:24:59,STORE_003,Bindura_Depot,Mini Rolls 6-Pack,133,RT_034,1.2,133
2025-06-11 03:19:59,STORE_007,Harare_Southerton,High Energy Brown,279,RT_018,1.36,279
2025-01-12 01:03:47,STORE_124,Bulawayo_Branch,Soft White,11,RT_010,1.21,11
2025-06-04 17:24:44,STORE_096,Mutare_Branch,Wholegrain Brown,126,RT_037,,126
2025-02-01 07:30:21,STORE_136,Marondera_Depot,High Energy Brown,31,RT_020,1.49,31
2025-03-21 11:38:46,STORE_039,Gweru_Branch,High Energy Brown,309,RT_022,1.25,309
2025-02-20 19:27:00,STORE_117,Harare_Willowvale,High Energy White,218,RT_010,1.4,218
2025-03-22 14:36:27,STORE_013,Masvingo_Branch,High Energy Brown,276,RT_024,1.44,276
2025-03-02 22:21:22,STORE_045,Chitungwiza_Depot,Whole Wheat,88,RT_041,1.61,88
2025-03-13 15:44:41,STORE_056,Gweru_Branch,Buns 6-Pack,211,RT_040,1.2,211
2025-02-16 11:56:20,STORE_092,Marondera_Depot,High Energy White,269,RT_047,1.34,269
2025-05-05 18:58:21,STORE_091,Gweru_Branch,Seed Loaf,48,RT_017,1.5,48
2025-06-22 10:17:33,STORE_091,Harare_Southerton,Family Loaf,92,RT_023,2.15,92
2025-03-31 15:23:16,STORE_106,Marondera_Depot,Whole Wheat,125,RT_012,1.46,125
2025-01-31 13:35:55,STORE_089,Gweru_Branch,High Energy White,151,RT_018,1.49,151
2025-05-12 14:19:20,STORE_099,Harare_Willowvale,Seed Loaf,108,RT_005,1.51,108
2025-04-27 14:47:11,STORE_095,Kwekwe_Depot,High Energy Brown,19,RT_025,1.4,19
2025-03-20 19:43:03,STORE_053,Bulawayo_Branch,Family Loaf,160,RT_025,2.19,160
2025-04-18 21:53:54,STORE_094,Gweru_Branch,Seed Loaf,141,RT_049,1.49,141
2025-05-19 04:20:35,STORE_018,Kwekwe_Depot,Buns 6-Pack,128,RT_039,1.08,128
2025-03-22 15:52:09,STORE_130,Harare_Southerton,Mini Rolls 6-Pack,27,RT_010,1.01,27
2025-02-21 17:03:21,STORE_039,Marondera_Depot,Seed Loaf,160,,1.64,160
2025-06-26 05:35:59,STORE_031,Kwekwe_Depot,Wholegrain Brown,38,RT_001,1.51,38
2025-06-10 09:59:43,STORE_099,Chitungwiza_Depot,Buns 6-Pack,88,RT_014,1.18,88
2025-01-01 23:12:56,STORE_010,Mutare_Branch,Buns 6-Pack,195,RT_042,1.13,195
2025-04-20 01:26:34,STORE_081,Harare_Willowvale,Soft White,180,RT_035,1.16,180
2025-05-04 03:33:29,STORE_019,Harare_Southerton,Family Loaf,10,RT_027,2.4,10
2025-02-28 21:28:59,STORE_045,Kwekwe_Depot,High Energy Brown,300,RT_002,1.38,300
2025-05-11 12:39:07,STORE_061,Masvingo_Branch,Soft White,37,RT_012,1.25,37
2025-03-18 18:15:42,STORE_100,Masvingo_Branch,Sugar2kg,590,RT_037,1.21,590
2025-05-17 10:59:24,STORE_109,Bindura_Depot,Whole Wheat,223,RT_041,1.58,223
2025-02-28 16:27:27,STORE_119,Harare_Southerton,Wholegrain Brown,32,RT_039,1.53,32
2025-05-04 20:23:15,STORE_050,Chitungwiza_Depot,Wholegrain Brown,146,RT_017,1.36,146
2025-01-03 20:08:20,STORE_139,Kwekwe_Depot,Wholegrain Brown,136,RT_036,1.56,136
2025-02-25 10:52:44,STORE_113,Chitungwiza_Depot,Mini Rolls 6-Pack,25,RT_034,1.14,25
2025-02-04 00:41:47,STORE_090,Marondera_Depot,Whole Wheat,6,RT_039,1.48,6
2025-01-14 19:39:42,STORE_045,Harare_Southerton,Whole Wheat,135,RT_047,1.54,135
2025-01-12 19:53:03,STORE_044,Chitungwiza_Depot,High Energy Brown,95,RT_039,1.3,95
2025-04-27 08:27:09,STORE_077,Mutare_Branch,Family Loaf,286,RT_017,2.35,286
2025-01-17 07:11:17,STORE_065,Bindura_Depot,Mini Rolls 6-Pack,137,RT_031,1.07,137
2025-02-26 15:24:24,STORE_135,Harare_Southerton,Soft White,123,RT_043,1.29,123
2025-02-20 13:45:35,STORE_078,Marondera_Depot,High Energy Brown,144,RT_003,1.24,144
2025-01-30 03:51:47,STORE_135,Bindura_Depot,High Energy Brown,158,RT_018,1.21,158
2025-06-17 20:41:31,STORE_057,Chitungwiza_Depot,High Energy Brown,59,RT_002,1.42,59
,STORE_098,Mutare_Branch,High Energy Brown,83,RT_028,1.39,83
2025-01-09 21:46:38,STORE_047,Harare_Willowvale,Soft White,302,RT_031,1.3,302
2025-03-16 10:56:15,STORE_039,Chitungwiza_Depot,Mini Rolls 6-Pack,76,RT_017,1.06,76
2025-03-11 08:15:03,STORE_038,Bindura_Depot,Seed Loaf,45,RT_033,1.44,45
2025-03-13 00:57:55,STORE_061,Mutare_Branch,Soft White,143,RT_039,1.28,143
2025-03-17 09:56:06,STORE_072,Mutare_Branch,Soft White,212,RT_029,1.38,212
2025-02-02 07:22:18,STORE_046,Mutare_Branch,Family Loaf,138,RT_033,2.16,138
2025-06-24 21:38:20,STORE_023,Masvingo_Branch,High Energy White,32,RT_003,1.2,32
2025-01-09 03:12:06,STORE_053,Marondera_Depot,Family Loaf,174,RT_045,2.17,174
2025-01-30 17:21:41,STORE_091,Marondera_Depot,Mini Rolls 6-Pack,49,RT_008,0.93,49
2025-04-24 09:30:44,STORE_073,Masvingo_Branch,Whole Wheat,155,RT_046,1.55,155
2025-07-16 02:43:27,STORE_117,Bulawayo_Branch,Wholegrain Brown,227,RT_030,1.53,227
2025-07-08 16:02:10,STORE_064,Masvingo_Branch,Wholegrain Brown,187,RT_017,1.59,187
2025-01-07 11:50:32,STORE_132,Mutare_Branch,Whole Wheat,253,RT_008,1.56,253
2025-04-03 08:04:08,STORE_066,Marondera_Depot,Seed Loaf,130,RT_041,1.57,130
2025-05-12 20:28:03,STORE_011,Bulawayo_Branch,High Energy White,165,RT_047,1.34,165
2025-05-07 11:51:24,STORE_117,Bindura_Depot,Mini Rolls 6-Pack,43,RT_009,1.16,43
2025-04-19 00:09:55,STORE_121,Chitungwiza_Depot,Buns 6-Pack,237,RT_026,1.28,237
2025-04-11 06:06:18,STORE_052,Bindura_Depot,Mini Rolls 6-Pack,279,RT_010,1.07,279
2025-05-22 18:17:50,STORE_066,Kwekwe_Depot,Soft White,270,RT_047,1.32,270
2025-02-23 12:52:15,STORE_080,Harare_Willowvale,High Energy White,110,RT_048,1.34,110
2025-07-17 13:18:00,STORE_057,Kwekwe_Depot,Mini Rolls 6-Pack,4,RT_036,0.94,4
2025-04-13 05:13:13,STORE_043,Bindura_Depot,Wholegrain Brown,311,RT_003,1.32,311
2025-07-21 14:40:48,STORE_021,Chitungwiza_Depot,Seed Loaf,108,RT_034,1.48,108
2025-07-02 06:38:34,STORE_136,Marondera_Depot,Wholegrain Brown,207,RT_039,1.47,207
2025-03-08 10:53:58,STORE_048,Harare_Southerton,Family Loaf,37,RT_014,2.23,37
2025-04-13 21:28:31,STORE_137,Mutare_Branch,Family Loaf,274,RT_005,2.21,274
2025-02-01 20:38:10,STORE_124,Marondera_Depot,Buns 6-Pack,39,RT_041,1.26,39
2025-04-26 23:12:57,STORE_021,Marondera_Depot,High Energy Brown,104,RT_004,1.35,104
2025-07-16 22:54:23,STORE_006,Bulawayo_Branch,Wholegrain Brown,12,RT_021,1.44,12
2025-01-06 18:52:44,STORE_115,Harare_Willowvale,High Energy Brown,95,RT_031,1.43,95
2025-03-06 10:40:17,STORE_047,Gweru_Branch,Soft White,253,RT_024,1.27,253
2025-01-19 10:52:42,STORE_047,Marondera_Depot,Family Loaf,137,RT_033,2.28,137
2025-01-19 22:36:57,STORE_035,Gweru_Branch,High Energy Brown,203,RT_018,1.27,203
2025-02-05 03:32:33,STORE_069,Kwekwe_Depot,High Energy Brown,214,RT_020,1.45,214
2025-05-16 05:33:02,STORE_111,Chitungwiza_Depot,Seed Loaf,163,RT_033,1.6,163
2025-01-09 22:12:23,STORE_035,Bindura_Depot,Soft White,84,RT_016,1.38,84
2025-05-06 15:08:40,STORE_076,Masvingo_Branch,Wholegrain Brown,314,RT_007,1.55,314
2025-06-10 12:44:08,STORE_125,Harare_Willowvale,High Energy White,34,RT_034,1.21,34
2025-06-12 07:40:37,STORE_038,Harare_Willowvale,Whole Wheat,16,RT_034,1.5,16
2025-04-13 04:20:52,STORE_021,Marondera_Depot,High Energy White,20,RT_042,1.34,20
2025-06-08 03:27:20,STORE_044,Mutare_Branch,Whole Wheat,304,RT_010,1.39,304
2025-05-26 16:15:38,STORE_096,Chitungwiza_Depot,Soft White,119,RT_038,1.29,119
2025-03-14 05:25:27,STORE_034,Harare_Willowvale,Soft White,198,RT_046,1.18,198
2025-02-11 15:35:57,STORE_070,Marondera_Depot,Whole Wheat,200,RT_027,1.48,200
2025-06-03 16:07:27,STORE_124,Bulawayo_Branch,Sugar2kg,226,RT_038,1.32,226
2025-04-26 05:32:31,STORE_083,Bindura_Depot,Buns 6-Pack,105,RT_041,1.23,105
2025-03-30 17:57:37,STORE_086,Kwekwe_Depot,High Energy White,230,RT_042,1.22,230
2025-04-26 01:34:59,STORE_132,Masvingo_Branch,Wholegrain Brown,300,RT_043,1.47,300
2025-01-03 18:20:26,STORE_005,Chitungwiza_Depot,Family Loaf,106,RT_008,2.22,106
2025-01-07 02:26:09,STORE_043,Harare_Willowvale,Whole Wheat,118,RT_030,1.57,118
2025-05-28 19:49:15,STORE_101,Masvingo_Branch,Family Loaf,261,RT_014,,261
2025-05-29 23:24:53,STORE_059,Mutare_Branch,Family Loaf,310,RT_026,2.33,310
2025-06-05 09:45:05,STORE_046,Marondera_Depot,Wholegrain Brown,8,RT_037,1.35,8
2025-05-24 06:06:19,STORE_082,Mutare_Branch,High Energy Brown,3,RT_027,1.26,3
2025-04-05 11:36:05,STORE_008,Masvingo_Branch,High Energy White,87,RT_006,1.48,87
2025-05-15 00:44:53,STORE_043,Harare_Willowvale,Whole Wheat,238,RT_001,1.62,238
2025-01-28 18:21:41,STORE_029,Gweru_Branch,Soft White,27,RT_021,1.38,27
2025-07-17 11:49:48,STORE_070,Chitungwiza_Depot,Family Loaf,183,RT_045,2.11,183
2025-02-09 15:00:04,STORE_031,Gweru_Branch,Soft White,76,RT_041,1.11,76
2025-07-15 09:16:51,STORE_014,Mutare_Branch,Seed Loaf,28,RT_029,1.6,28
2025-03-25 17:20:46,STORE_058,Harare_Willowvale,Soft White,84,RT_001,1.38,84
2025-01-09 20:17:45,STORE_034,Marondera_Depot,High Energy White,150,RT_021,1.23,150
2025-04-22 00:34:56,STORE_098,Bindura_Depot,Family Loaf,148,RT_041,2.4,148
2025-01-23 13:02:43,STORE_119,Harare_Willowvale,Soft White,239,RT_006,1.29,239
2025-06-13 02:14:21,STORE_082,Mutare_Branch,Wholegrain Brown,87,RT_015,1.33,87
2025-04-07 00:32:15,STORE_068,Masvingo_Branch,Mini Rolls 6-Pack,212,RT_018,1.05,212
2025-05-17 03:57:30,STORE_097,Bulawayo_Branch,High Energy Brown,312,RT_016,1.47,312
2025-01-22 23:04:25,STORE_093,Bulawayo_Branch,Buns 6-Pack,241,RT_018,1.27,241
2025-03-20 00:00:00,STORE_133,Marondera_Depot,High Energy White,316,RT_041,1.26,316
2025-05-29 01:01:42,STORE_109,Chitungwiza_Depot,Wholegrain Brown,95,RT_033,1.56,95
2025-01-01 13:38:35,STORE_076,Gweru_Branch,Family Loaf,135,RT_045,2.19,135
2025-04-20 00:59:08,STORE_121,Harare_Willowvale,High Energy White,202,RT_034,1.27,202
2025-07-06 05:00:23,STORE_071,Bulawayo_Branch,Buns 6-Pack,262,RT_043,1.2,262
2025-03-14 04:59:55,STORE_079,Marondera_Depot,Soft White,103,RT_026,1.12,103
2025-06-01 00:49:13,STORE_120,Gweru_Branch,High Energy Brown,166,RT_012,1.26,166
2025-05-27 20:45:54,STORE_138,Bulawayo_Branch,Family Loaf,28,RT_034,2.39,28
2025-01-15 09:25:17,STORE_108,Masvingo_Branch,Family Loaf,229,RT_022,2.28,229
2025-02-10 13:05:57,STORE_052,Bindura_Depot,Whole Wheat,79,RT_010,1.41,79
2025-01-14 16:00:59,STORE_107,Chitungwiza_Depot,Wholegrain Brown,283,RT_003,1.55,283
2025-02-02 09:44:48,STORE_009,Harare_Southerton,High Energy White,63,RT_032,1.4,63
2025-03-27 03:50:04,STORE_118,Harare_Willowvale,High Energy Brown,293,RT_029,1.37,293
2025-02-09 15:32:45,STORE_106,Mutare_Branch,Soft White,295,RT_009,1.13,295
2025-04-14 23:20:12,STORE_063,Kwekwe_Depot,Buns 6-Pack,51,RT_048,1.24,51
2025-07-23 03:00:54,STORE_073,Harare_Southerton,High Energy White,44,RT_020,1.45,44
2025-07-02 23:01:44,STORE_136,Harare_Southerton,Seed Loaf,57,RT_043,1.61,57
2025-02-09 08:17:38,STORE_080,Bindura_Depot,WholeWheat,37,RT_049,1.46,37
2025-07-23 21:19:37,STORE_040,Mutare_Branch,Seed Loaf,113,RT_027,1.62,113
2025-07-18 08:08:17,STORE_060,Mutare_Branch,Soft White,265,RT_018,1.31,265
2025-05-12 14:33:30,STORE_029,Bulawayo_Branch,Whole Wheat,90,RT_048,1.52,90
2025-05-23 04:23:00,STORE_099,Masvingo_Branch,Seed Loaf,189,RT_035,1.41,189
2025-04-14 11:57:04,STORE_130,Chitungwiza_Depot,Mini Rolls 6-Pack,261,RT_007,1.14,261
2025-07-23 09:54:10,STORE_125,Harare_Willowvale,High Energy White,7,RT_010,1.26,7
2025-03-20 02:54:05,STORE_120,Gweru_Branch,Seed Loaf,217,RT_003,1.68,217
2025-04-06 16:25:02,STORE_074,Mutare_Branch,Family Loaf,285,RT_040,2.16,285
2025-03-20 00:00:00,STORE_081,Bindura_Depot,Whole Wheat,175,RT_003,1.36,175
2025-07-12 01:48:11,STORE_022,Mutare_Branch,Soft White,276,RT_017,1.13,276
2025-04-23 05:14:34,STORE_076,Marondera_Depot,Whole Whet,131,RT_040,1.54,131
2025-04-07 15:20:50,STORE_129,Kwekwe_Depot,High Energy Brown,31,RT_023,1.43,31
2025-03-05 20:22:32,STORE_127,Harare_Southerton,Wholegrain Brown,199,RT_007,1.52,199
2025-07-26 08:59:56,STORE_100,Marondera_Depot,High Energy Brown,167,RT_020,1.4,167
2025-01-10 21:43:37,STORE_038,Gweru_Branch,Mini Rolls 6-Pack,53,RT_027,1.01,53
2025-03-17 01:15:31,STORE_083,Bulawayo_Branch,Seed Loaf,146,RT_017,1.7,146
2025-06-15 18:54:06,STORE_124,Marondera_Depot,Soft White,26,RT_005,1.11,26
2025-03-24 06:18:13,STORE_067,Masvingo_Branch,Buns 6-Pack,190,RT_020,1.2,190
2025-07-09 14:48:47,STORE_016,Masvingo_Branch,Family Loaf,249,RT_039,2.34,249
2025-01-22 20:40:06,STORE_051,Gweru_Branch,Soft White,112,RT_019,1.13,112
2025-04-02 04:23:59,STORE_085,Marondera_Depot,Whole Wheat,256,RT_007,1.64,256
2025-12-05 00:00:00,STORE_073,Chitungwiza_Depot,Buns 6-Pack,95,RT_040,1.24,95
2025-04-30 08:23:45,STORE_010,Harare_Southerton,Soft White,57,RT_030,1.3,57
2025-02-22 19:09:46,STORE_115,Bulawayo_Branch,Seed Loaf,96,RT_011,1.61,96
2025-02-25 00:43:39,STORE_112,Marondera_Depot,Soft White,275,RT_001,1.26,275
2025-01-11 00:42:05,STORE_011,Mutare_Branch,High Energy Brown,123,RT_013,1.45,123
2025-02-23 03:12:03,STORE_079,Bulawayo_Branch,Mini Rolls 6-Pack,102,RT_029,1.09,102
2025-07-01 16:26:45,STORE_136,Harare_Southerton,Soft White,260,RT_042,1.11,260
2025-04-30 03:04:18,STORE_003,Harare_Willowvale,High Energy White,89,RT_012,1.23,89
2025-06-03 06:31:26,STORE_024,Chitungwiza_Depot,Seed Loaf,214,RT_012,1.59,214
2025-02-10 22:09:57,STORE_099,Gweru_Branch,High Energy White,310,RT_042,1.28,310
2025-07-12 07:14:26,STORE_120,Masvingo_Branch,High Energy White,78,RT_044,1.4,78
2025-05-17 09:10:45,STORE_043,Bulawayo_Branch,Family Loaf,203,RT_045,2.28,203
2025-02-06 11:31:22,STORE_036,Marondera_Depot,Whole Wheat,95,RT_022,1.39,95
2025-04-06 07:30:22,STORE_019,Harare_Willowvale,Wholegrain Brown,166,RT_018,1.52,166
2025-05-05 11:57:17,STORE_137,Masvingo_Branch,Whole Wheat,4,RT_008,1.43,4
2025-05-25 07:06:32,STORE_032,Gweru_Branch,Buns 6-Pack,92,RT_027,1.07,92
2025-01-26 03:02:52,STORE_038,Chitungwiza_Depot,Family Loaf,271,RT_029,2.22,271
2025-04-28 04:18:04,STORE_046,Bulawayo_Branch,Whole Wheat,69,RT_009,1.47,69
2025-05-27 10:22:27,STORE_117,Bulawayo_Branch,Soft White,12,RT_001,1.22,12
2025-03-20 18:28:17,STORE_123,Harare_Willowvale,Family Loaf,286,RT_033,2.22,286
2025-04-22 12:36:03,STORE_029,Gweru_Branch,High Energy White,305,RT_020,1.32,305
2025-07-08 13:32:49,STORE_050,Bindura_Depot,Wholegrain Brown,44,RT_016,1.4,44
2025-02-25 03:42:38,STORE_023,Harare_Southerton,Milk1L,35,RT_008,1.04,35
2025-07-04 18:33:56,STORE_065,Bindura_Depot,Wholegrain Brown,209,RT_009,1.49,209
2025-05-10 11:18:06,STORE_015,Bulawayo_Branch,Buns 6-Pack,222,RT_049,1.06,222
2025-01-05 16:54:57,STORE_082,Harare_Willowvale,High Energy Brown,9,RT_031,1.28,9
2025-05-19 20:59:28,STORE_106,Harare_Southerton,Family Loaf,295,RT_035,2.31,295
2025-04-18 00:32:46,STORE_052,Chitungwiza_Depot,Family Loaf,49,RT_041,2.17,49
2025-05-22 20:48:35,STORE_042,Harare_Southerton,Whole Wheat,222,RT_024,1.61,222
2025-05-15 09:33:57,STORE_119,Harare_Willowvale,Mini Rolls 6-Pack,22,RT_023,1.08,22
2025-06-18 20:35:01,STORE_030,Marondera_Depot,Soft White,166,RT_033,1.35,166
2025-06-24 23:21:55,STORE_069,Kwekwe_Depot,Soft White,140,RT_017,1.12,140
2025-02-01 23:15:08,STORE_114,Harare_Southerton,Soft White,104,RT_040,1.13,104
2025-03-04 13:25:26,STORE_122,Kwekwe_Depot,Seed Loaf,273,RT_032,1.58,273
2025-05-24 08:36:29,STORE_111,Bindura_Depot,High Energy White,243,RT_009,1.28,243
2025-02-16 04:08:04,STORE_126,Masvingo_Branch,Soft White,101,RT_020,1.24,101
2025-02-14 10:50:24,STORE_102,Kwekwe_Depot,Wholegrain Brown,205,RT_025,1.4,205
2025-03-20 22:05:53,STORE_106,Masvingo_Branch,High Energy White,13,RT_003,1.25,13
2025-05-27 09:26:22,STORE_025,Bulawayo_Branch,Wholegrain Brown,42,RT_040,1.47,42
2025-01-14 20:37:22,STORE_031,Harare_Southerton,Mini Rolls 6-Pack,144,RT_008,1.18,144
2025-06-01 04:01:59,STORE_061,Marondera_Depot,High Energy Brown,303,RT_003,1.39,303
2025-03-02 04:24:55,STORE_079,Masvingo_Branch,Whole Wheat,61,RT_033,1.59,61
2025-07-28 17:30:24,STORE_090,Mutare_Branch,Seed Loaf,125,RT_028,1.63,125
2025-02-09 04:22:37,STORE_028,Chitungwiza_Depot,Soft White,240,RT_030,1.32,240
2025-04-17 06:46:51,STORE_123,Chitungwiza_Depot,High Energy White,180,RT_020,1.45,180
2025-01-24 06:03:41,STORE_050,Bindura_Depot,Family Loaf,229,RT_028,2.26,229
2025-04-19 09:28:57,STORE_093,Bindura_Depot,High Energy Brown,6,RT_005,1.35,6
2025-03-20 07:50:14,STORE_070,Masvingo_Branch,Buns 6-Pack,61,RT_020,1.12,61
2025-01-20 19:27:52,STORE_055,Chitungwiza_Depot,WholgrainBrown,123,RT_005,1.31,123
2025-05-19 18:53:43,STORE_026,Chitungwiza_Depot,Buns 6-Pack,56,RT_030,1.3,56
2025-05-04 06:39:46,STORE_115,Kwekwe_Depot,High Energy White,84,RT_004,1.38,84
2025-04-08 08:38:03,STORE_093,Harare_Southerton,Seed Loaf,173,RT_048,1.67,173
2025-05-17 04:18:28,STORE_051,Masvingo_Branch,Seed Loaf,124,RT_029,1.59,124
2025-02-14 14:22:19,STORE_090,Chitungwiza_Depot,Seed Loaf,136,RT_036,1.47,136
2025-05-23 13:17:44,STORE_105,Chitungwiza_Depot,High Energy Brown,218,RT_002,1.27,218
2025-07-23 02:08:16,STORE_004,Marondera_Depot,Seed Loaf,93,RT_009,1.68,93
2025-05-09 10:58:36,STORE_115,Harare_Southerton,Soft White,82,RT_031,1.35,82
2025-01-15 07:36:08,STORE_037,Harare_Southerton,Whole Wheat,13,RT_015,1.39,13
2025-05-23 10:22:45,STORE_068,Chitungwiza_Depot,Seed Loaf,195,RT_001,1.7,195
2025-01-20 00:24:43,STORE_066,Marondera_Depot,Buns 6-Pack,283,RT_029,1.1,283
2025-02-20 16:37:25,STORE_066,Harare_Willowvale,High Energy Brown,304,RT_042,1.43,304
2025-06-02 17:19:08,STORE_026,Masvingo_Branch,Buns 6-Pack,226,RT_032,1.02,226
2025-06-25 10:52:08,STORE_038,Harare_Willowvale,Buns 6-Pack,123,RT_005,1.02,123
2025-03-04 01:47:20,STORE_109,Chitungwiza_Depot,Whole Wheat,137,RT_040,1.42,137
2025-03-14 16:03:22,STORE_046,Mutare_Branch,Soft White,7,RT_027,1.21,7
2025-06-28 22:02:36,STORE_030,Marondera_Depot,Seed Loaf,36,RT_039,1.48,36
2025-04-03 07:45:26,STORE_018,Masvingo_Branch,Buns 6-Pack,316,RT_025,1.11,316
2025-02-25 01:14:57,STORE_092,Gweru_Branch,High Energy Brown,163,RT_030,1.39,163
2025-02-18 08:01:56,STORE_070,Marondera_Depot,Whole Wheat,276,RT_041,1.58,276
2025-04-23 02:32:13,STORE_116,Chitungwiza_Depot,Soft White,199,RT_047,1.37,199
2025-07-19 19:33:35,STORE_115,Harare_Willowvale,High Energy Brown,119,RT_010,1.22,119
2025-07-22 23:42:52,STORE_082,Bindura_Depot,High Energy Brown,92,RT_047,1.45,92
2025-03-14 01:43:38,STORE_046,Bindura_Depot,Family Loaf,271,RT_028,2.39,271
2025-04-16 00:32:16,STORE_022,Kwekwe_Depot,High Energy Brown,45,RT_039,1.38,45
2025-07-30 13:14:23,STORE_057,Gweru_Branch,Buns 6-Pack,251,RT_032,1.03,251
2025-02-08 04:27:28,STORE_080,Marondera_Depot,High Energy White,60,RT_045,1.25,60
2025-07-12 05:13:37,STORE_023,Marondera_Depot,Family Loaf,68,RT_046,2.3,68
2025-05-18 16:06:20,STORE_080,Kwekwe_Depot,Family Loaf,24,RT_033,2.16,24
2025-03-22 07:01:32,STORE_053,Chitungwiza_Depot,Whole Wheat,267,RT_012,1.52,267
2025-05-06 01:45:22,STORE_139,Bulawayo_Branch,Whole Wheat,155,RT_041,1.37,155
2025-04-18 07:20:30,STORE_081,Marondera_Depot,Soft White,98,RT_012,1.21,98
2025-06-01 08:26:43,STORE_131,Gweru_Branch,Soft White,82,RT_029,1.36,82
2025-03-12 19:14:10,STORE_038,Masvingo_Branch,Family Loaf,161,RT_038,2.33,161
2025-05-31 04:32:37,STORE_010,Mutare_Branch,Soft White,262,RT_049,1.1,262
2025-03-25 00:28:57,STORE_111,Bulawayo_Branch,Mini Rolls 6-Pack,192,RT_037,0.96,192
2025-07-26 03:55:56,STORE_065,Masvingo_Branch,High Energy White,256,RT_001,1.47,256
2025-05-04 17:46:59,STORE_053,Gweru_Branch,Seed Loaf,306,RT_016,1.7,306
2025-02-07 13:31:38,STORE_018,Mutare_Branch,Mini Rolls 6-Pack,31,RT_023,0.93,31
2025-03-07 07:02:15,STORE_054,Masvingo_Branch,Seed Loaf,86,RT_036,1.63,86
2025-01-29 14:59:59,STORE_053,Masvingo_Branch,Seed Lof,256,RT_012,1.64,256
2025-03-09 05:25:31,STORE_104,Bulawayo_Branch,Mini Rolls 6-Pack,111,RT_014,1.04,111
2025-07-23 09:08:14,STORE_123,Masvingo_Branch,Soft White,287,RT_017,1.24,287
2025-04-04 03:56:52,STORE_090,Kwekwe_Depot,Seed Loaf,233,RT_031,1.64,233
2025-05-01 10:47:53,STORE_071,Bulawayo_Branch,Family Loaf,86,RT_046,2.14,86
2025-02-15 00:52:31,STORE_052,Kwekwe_Depot,High Energy White,154,RT_010,1.46,154
2025-04-18 21:26:44,STORE_077,Masvingo_Branch,Mini Rolls 6-Pack,144,RT_016,1.03,144
2025-02-13 21:17:18,STORE_037,Marondera_Depot,High Energy Brown,103,RT_002,1.35,103
2025-06-12 15:46:37,STORE_016,Kwekwe_Depot,Soft White,186,RT_028,1.25,186
2025-02-19 04:18:32,STORE_020,Bulawayo_Branch,Soft White,146,RT_031,1.29,146
2025-04-29 00:54:59,STORE_013,Kwekwe_Depot,High Energy Brown,227,RT_033,1.39,227
2025-07-04 17:30:19,STORE_032,Gweru_Branch,Seed Loaf,128,RT_028,1.43,128
2025-03-10 21:28:41,STORE_004,Mutare_Branch,Mini Rolls 6-Pack,112,RT_011,1.14,112
2025-06-13 21:22:26,STORE_053,Harare_Willowvale,High Energy White,161,RT_009,1.36,161
2025-07-22 18:45:04,STORE_034,Chitungwiza_Depot,Mini Rolls 6-Pack,17,RT_018,1.09,17
2025-02-28 16:51:55,STORE_066,Harare_Willowvale,Whole Wheat,48,RT_003,1.42,48
2025-07-27 23:42:27,STORE_069,Chitungwiza_Depot,Seed Loaf,126,RT_005,1.57,126
2025-05-08 22:44:46,STORE_080,Marondera_Depot,Wholegrain Brown,160,RT_033,1.59,160
2025-02-17 04:49:00,STORE_080,Gweru_Branch,Seed Loaf,100,RT_032,1.66,100
2025-06-26 23:29:35,STORE_067,Gweru_Branch,High Energy White,49,RT_018,1.35,49
2025-01-20 15:25:52,STORE_080,Bulawayo_Branch,Whole Wheat,255,RT_022,1.53,255
2025-02-03 17:36:51,STORE_091,Gweru_Branch,Seed Loaf,87,RT_041,1.65,87
2025-01-14 12:18:18,STORE_116,Harare_Willowvale,High Energy Brown,246,RT_004,1.32,246
2025-03-13 04:22:38,STORE_070,Harare_Southerton,Seed Loaf,143,RT_043,1.63,143
2025-01-25 05:08:21,STORE_054,Chitungwiza_Depot,Family Loaf,41,RT_012,2.21,41
2025-03-06 18:35:26,STORE_100,Chitungwiza_Depot,Buns 6-Pack,193,RT_035,1.09,193
2025-02-01 22:25:27,STORE_038,Gweru_Branch,Seed Loaf,174,RT_005,1.67,174
2025-05-15 16:48:07,STORE_012,Chitungwiza_Depot,Whole Whet,191,RT_027,1.41,191
2025-01-30 14:37:11,STORE_097,Masvingo_Branch,Wholegrain Brown,102,RT_014,1.54,102
2025-04-10 03:35:54,STORE_105,Mutare_Branch,Mini Rolls 6-Pack,19,RT_011,0.96,19
2025-04-10 08:49:37,STORE_098,Chitungwiza_Depot,Mini Rolls 6-Pack,137,RT_024,1.01,137
2025-01-24 01:09:27,STORE_046,Chitungwiza_Depot,Mini Rolls 6-Pack,199,RT_006,1.13,199
2025-06-29 12:37:33,STORE_017,Masvingo_Branch,Soft White,292,RT_027,1.33,292
2025-07-16 16:49:46,STORE_019,Bindura_Depot,High Energy Brown,82,RT_023,1.36,82
2025-02-11 07:37:09,STORE_074,Gweru_Branch,Whole Wheat,162,RT_026,1.49,162
2025-06-26 22:28:58,STORE_121,Masvingo_Branch,High Energy White,47,RT_024,1.34,47
2025-04-07 22:35:41,STORE_073,Marondera_Depot,Soft White,117,RT_039,1.19,117
2025-02-25 00:48:15,STORE_087,Marondera_Depot,Soft White,199,RT_017,1.4,199
2025-04-10 19:11:33,STORE_124,Gweru_Branch,Family Loaf,112,RT_027,2.35,112
2025-02-20 00:54:02,STORE_014,Mutare_Branch,Soft White,12,RT_046,1.25,12
2025-02-14 00:24:34,STORE_054,Bulawayo_Branch,Family Loaf,200,RT_008,2.35,200
2025-06-26 02:06:07,STORE_021,Masvingo_Branch,Seed Loaf,148,RT_015,1.42,148
2025-03-12 00:00:00,STORE_014,Marondera_Depot,Buns 6-Pack,87,RT_032,1.01,87
2025-07-10 19:57:49,STORE_013,Bulawayo_Branch,High Energy White,235,RT_004,1.44,235
2025-05-01 06:44:47,STORE_093,Harare_Willowvale,Mini Rolls 6-Pack,15,RT_012,0.92,15
2025-05-16 01:04:38,STORE_093,,Soft White,202,RT_009,1.2,202
2025-07-16 03:09:37,STORE_031,Mutare_Branch,Mini Rolls 6-Pack,109,RT_044,1.17,109
2025-05-16 09:27:20,STORE_017,Mutare_Branch,High Energy White,97,RT_035,1.21,97
2025-05-03 17:38:56,STORE_088,Masvingo_Branch,High Energy White,24,RT_033,1.25,24
2025-02-22 20:17:41,STORE_088,Bulawayo_Branch,Seed Loaf,182,RT_044,1.55,182
2025-03-15 09:54:29,STORE_038,Mutare_Branch,Mini Rolls 6-Pack,3,RT_033,0.96,3
2025-06-09 12:48:23,STORE_137,Mutare_Branch,High Energy White,291,RT_025,1.37,291
2025-03-03 15:07:32,STORE_109,Bulawayo_Branch,Mini Rolls 6-Pack,14,RT_013,1.04,14
2025-07-10 01:16:47,STORE_101,Marondera_Depot,Seed Loaf,230,RT_034,1.56,230
2025-01-11 11:46:35,STORE_082,Mutare_Branch,Soft White,232,RT_008,1.35,232
2025-12-05 00:00:00,STORE_116,Chitungwiza_Depot,Family Loaf,129,RT_040,2.21,129
2025-02-11 22:30:25,STORE_096,Bulawayo_Branch,High Energy White,15,RT_002,1.43,15
2025-02-24 20:59:12,STORE_087,Harare_Willowvale,High Energy Brown,130,RT_023,1.47,130
2025-07-19 18:37:38,STORE_135,Bindura_Depot,Buns 6-Pack,299,RT_037,1.18,299
2025-07-26 07:21:53,STORE_078,Kwekwe_Depot,High Energy Brown,283,RT_012,1.43,283
2025-01-10 06:08:37,STORE_124,Bindura_Depot,Seed Loaf,7,RT_028,1.66,7
2025-02-20 10:30:47,STORE_104,Masvingo_Branch,Wholegrain Brown,252,RT_047,1.53,252
2025-03-27 21:31:13,STORE_016,Bindura_Depot,Buns 6-Pack,167,RT_016,1.25,167
2025-05-25 00:04:03,STORE_132,Mutare_Branch,Soft White,182,RT_020,1.21,182
2025-06-19 09:11:41,STORE_033,Mutare_Branch,Whole Wheat,50,RT_044,1.42,50
2025-06-05 09:19:44,STORE_116,Marondera_Depot,Whole Wheat,62,RT_009,1.36,62
2025-03-04 17:32:31,STORE_003,Kwekwe_Depot,Mini Rolls 6-Pack,308,RT_002,0.98,308
2025-04-25 07:24:12,STORE_110,Kwekwe_Depot,Seed Loaf,149,RT_010,1.56,149
2025-03-31 13:29:30,STORE_036,Chitungwiza_Depot,Seed Loaf,32,RT_002,1.49,32
2025-04-20 14:21:49,STORE_070,Masvingo_Branch,Mini Rolls 6-Pack,158,RT_021,1.13,158
2025-04-13 11:32:06,STORE_053,Masvingo_Branch,High Energy Brown,14,RT_048,1.21,14
2025-03-19 16:26:11,STORE_123,Bulawayo_Branch,Wholegrain Brown,49,RT_009,1.44,49
2025-05-07 05:19:34,STORE_013,Mutare_Branch,High Energy Brown,150,RT_043,1.33,150
2025-05-23 04:25:42,STORE_113,Kwekwe_Depot,High Energy Brown,67,RT_019,1.33,67
2025-06-10 20:43:44,STORE_118,Bindura_Depot,Family Loaf,233,RT_017,2.31,233
2025-05-25 04:46:59,STORE_097,Bindura_Depot,High Energy Brown,194,RT_039,1.34,194
2025-02-27 04:16:12,STORE_127,Bulawayo_Branch,Wholegrain Brown,92,RT_003,1.53,92
2025-03-06 23:44:14,STORE_064,Bulawayo_Branch,Whole Wheat,16,RT_003,1.55,16
2025-06-10 02:29:22,STORE_049,Marondera_Depot,Wholegrain Brown,165,RT_048,1.53,165
2025-03-27 14:18:31,STORE_107,Bindura_Depot,Wholegrain Brown,39,RT_048,1.33,39
2025-03-30 04:55:58,STORE_076,Chitungwiza_Depot,Family Loaf,11,RT_032,2.36,11
2025-07-12 15:32:21,STORE_038,Mutare_Branch,Whole Wheat,42,RT_015,1.42,42
2025-04-22 06:15:01,STORE_041,Harare_Southerton,High Energy White,43,RT_015,1.29,43
2025-02-07 00:10:18,STORE_026,Chitungwiza_Depot,High Energy Brown,11,RT_046,1.27,11
2025-03-05 17:01:29,STORE_134,Kwekwe_Depot,Whole Wheat,155,RT_041,1.37,155
2025-07-03 10:19:35,STORE_023,Bulawayo_Branch,Seed Loaf,182,RT_010,1.61,182
2025-02-24 02:13:04,STORE_073,Marondera_Depot,Family Loaf,310,RT_038,2.39,310
2025-06-23 12:20:37,STORE_063,Gweru_Branch,Mini Rolls 6-Pack,146,RT_042,1.01,146
2025-07-07 15:01:13,STORE_083,Masvingo_Branch,Buns 6-Pack,239,RT_004,1.07,239
2025-03-02 09:52:54,STORE_132,Marondera_Depot,High Energy Brown,213,RT_040,1.46,213
2025-05-05 11:36:37,STORE_055,Chitungwiza_Depot,Whole Wheat,284,RT_021,1.39,284
2025-06-15 08:48:33,STORE_003,Chitungwiza_Depot,Buns 6-Pack,284,RT_031,1.04,284
2025-07-13 14:32:36,STORE_134,Masvingo_Branch,Family Loaf,109,RT_039,2.33,109
2025-07-10 07:14:09,STORE_007,Harare_Willowvale,Wholegrain Brown,254,RT_003,1.34,254
2025-07-11 18:10:28,STORE_104,Harare_Southerton,Whole Wheat,311,RT_038,1.36,311
2025-03-16 23:37:03,STORE_066,Mutare_Branch,Buns 6-Pack,189,RT_047,1.12,189
2025-07-15 12:56:25,STORE_123,Gweru_Branch,High Energy Brown,206,RT_039,1.21,206
2025-07-19 20:09:44,STORE_103,Bindura_Depot,Buns 6-Pack,158,RT_044,1.27,158
2025-03-14 15:46:49,STORE_010,Harare_Southerton,Soft White,258,RT_048,1.16,258
2025-05-17 18:07:31,STORE_010,Kwekwe_Depot,High Energy Brown,316,RT_008,1.46,316
2025-02-02 16:37:45,STORE_091,Gweru_Branch,Seed Loaf,207,RT_033,1.52,207
2025-06-25 20:28:28,STORE_117,Gweru_Branch,Soft White,202,RT_026,1.32,202
2025-01-10 00:17:19,STORE_081,Mutare_Branch,Family Loaf,277,RT_041,2.1,277
2025-05-03 01:39:52,STORE_083,Marondera_Depot,Wholegrain Brown,222,RT_035,1.37,222
2025-07-17 20:32:33,STORE_037,Marondera_Depot,Family Loaf,86,,2.26,86
2025-02-16 22:55:26,STORE_105,Harare_Southerton,Wholegrain Brown,62,RT_032,1.48,62
2025-03-28 16:21:45,STORE_083,Chitungwiza_Depot,Soft White,25,RT_014,1.33,25
2025-02-01 08:12:09,STORE_069,Harare_Willowvale,High Energy Brown,241,RT_031,1.23,241
2025-02-07 04:34:34,STORE_084,Gweru_Branch,Whole Wheat,164,RT_024,1.43,164
2025-05-11 15:32:47,STORE_125,Bulawayo_Branch,Soft White,133,RT_047,1.3,133
2025-02-26 04:20:42,STORE_124,Harare_Southerton,Mini Rolls 6-Pack,104,RT_016,1.12,104
2025-04-09 10:52:57,STORE_037,Gweru_Branch,Soft White,64,RT_026,1.1,64
2025-04-13 02:07:26,STORE_016,Mutare_Branch,Wholegrain Brown,141,RT_004,1.35,141
2025-07-28 17:55:58,STORE_069,Kwekwe_Depot,Whole Wheat,225,RT_044,1.42,225
2025-04-09 23:29:55,STORE_107,Chitungwiza_Depot,High Energy White,93,RT_016,1.27,93
2025-04-07 00:25:53,STORE_099,Bulawayo_Branch,Wholegrain Brown,250,RT_034,1.42,250
2025-03-13 16:53:16,STORE_020,Gweru_Branch,High Energy White,242,RT_010,1.48,242
2025-04-14 05:22:42,STORE_072,Bindura_Depot,Whole Wheat,302,RT_036,1.39,302
2025-02-22 05:33:01,STORE_082,Harare_Willowvale,Wholegrain Brown,301,RT_018,1.47,301
2025-06-11 11:56:07,STORE_050,Mutare_Branch,Seed Loaf,20,RT_011,1.53,20
2025-04-15 09:58:27,STORE_077,Chitungwiza_Depot,Buns 6-Pack,91,RT_019,1.2,91
2025-04-24 17:12:24,STORE_079,Kwekwe_Depot,High Energy Brown,10,RT_028,1.49,10
2025-02-13 09:43:42,STORE_139,Kwekwe_Depot,Seed Loaf,17,RT_016,1.62,17
2025-04-25 21:37:15,STORE_016,Harare_Southerton,Soft White,44,RT_028,1.25,44
2025-07-26 05:04:34,STORE_100,Marondera_Depot,Whole Whet,62,RT_001,1.62,62
2025-04-18 09:15:01,STORE_098,Harare_Southerton,Soft White,244,RT_020,1.3,244
2025-04-09 07:18:55,STORE_052,Marondera_Depot,Buns 6-Pack,5,RT_013,1.16,5
2025-04-01 01:50:34,STORE_066,Bulawayo_Branch,Family Loaf,243,RT_017,2.38,243
2025-07-24 15:07:06,STORE_129,Bindura_Depot,Seed Loaf,204,RT_046,1.52,204
2025-04-26 00:37:36,STORE_139,Bindura_Depot,Whole Wheat,272,RT_034,1.6,272
2025-03-28 09:05:31,STORE_004,Harare_Willowvale,Family Loaf,119,RT_016,2.1,119
2025-03-27 17:00:46,STORE_124,Marondera_Depot,Wholegrain Brown,121,RT_048,1.41,121
2025-03-01 02:49:02,STORE_119,Mutare_Branch,Soft White,307,RT_002,1.36,307
2025-01-20 04:51:06,STORE_089,Harare_Willowvale,High Energy White,267,RT_033,1.4,267
2025-04-08 23:52:01,STORE_070,Bindura_Depot,Family Loaf,196,RT_044,2.27,196
2025-05-16 14:26:20,STORE_024,Harare_Southerton,Buns 6-Pack,152,RT_035,1.08,152
2025-02-28 16:22:01,STORE_060,Harare_Southerton,Whole Wheat,215,RT_004,1.56,215
2025-02-14 06:11:13,STORE_104,Harare_Southerton,High Energy White,210,RT_047,1.45,210
2025-01-31 07:33:09,STORE_002,Mutare_Branch,High Energy White,245,RT_001,1.29,245
2025-05-11 18:30:57,STORE_122,Gweru_Branch,High Energy Brown,139,RT_034,1.36,139
2025-06-01 01:27:50,STORE_130,Masvingo_Branch,Seed Loaf,152,RT_022,1.58,152
2025-04-27 16:38:24,STORE_062,Masvingo_Branch,High Energy Brown,114,RT_008,1.32,114
2025-04-12 19:20:15,STORE_123,Gweru_Branch,Wholegrain Brown,171,RT_036,1.54,171
2025-06-05 22:02:59,STORE_082,Harare_Willowvale,Seed Loaf,152,RT_004,1.65,152
2025-01-12 01:45:40,STORE_117,Bulawayo_Branch,Mini Rolls 6-Pack,260,RT_032,1.14,260
2025-02-02 07:18:28,STORE_059,Harare_Southerton,Family Loaf,128,RT_035,2.29,128
2025-03-07 08:20:49,STORE_076,Harare_Willowvale,Family Loaf,117,RT_037,2.33,117
2025-03-13 11:15:43,STORE_046,Mutare_Branch,Soft White,166,RT_045,1.1,166
2025-02-01 03:59:47,STORE_027,Bulawayo_Branch,Buns 6-Pack,275,RT_001,1.25,275
2025-07-12 17:15:02,STORE_064,,High Energy White,149,RT_041,1.27,149
2025-01-11 00:10:45,STORE_051,Bindura_Depot,Family Loaf,135,RT_015,2.17,135
2025-02-07 01:17:53,STORE_063,Chitungwiza_Depot,High Energy White,9,RT_043,1.22,9
2025-06-17 08:40:21,STORE_059,Harare_Willowvale,Wholegrain Brown,15,RT_017,1.35,15
2025-04-03 22:50:50,STORE_060,Marondera_Depot,Wholegrain Brown,194,RT_034,1.42,194
2025-01-13 17:35:00,STORE_022,Harare_Willowvale,Wholegrain Brown,211,RT_012,,211
2025-03-26 16:02:40,STORE_073,Marondera_Depot,Whole Wheat,103,RT_042,1.5,103
2025-01-07 11:52:13,STORE_095,Masvingo_Branch,High Energy White,305,RT_015,1.42,305
2025-01-06 03:58:15,STORE_030,Bindura_Depot,Wholegrain Brown,137,RT_012,1.37,137
2025-02-28 02:59:43,STORE_092,Bulawayo_Branch,High Energy Brown,92,RT_014,1.27,92
2025-01-17 11:21:26,STORE_026,Mutare_Branch,Family Loaf,252,RT_046,2.2,252
2025-02-28 10:47:38,STORE_133,Kwekwe_Depot,High Energy Brown,56,,1.24,56
2025-07-07 18:01:37,STORE_073,Gweru_Branch,Whole Wheat,232,RT_008,1.59,232
2025-06-22 18:41:08,STORE_059,Gweru_Branch,Buns 6-Pack,236,RT_049,1.16,236
2025-04-11 18:00:13,STORE_050,Masvingo_Branch,Whole Whet,179,RT_034,1.37,179
2025-07-04 10:27:18,STORE_102,Marondera_Depot,Buns 6-Pack,194,RT_030,1.27,194
2025-05-07 07:17:43,STORE_128,Harare_Southerton,Soft White,145,RT_047,1.37,145
2025-07-23 01:44:54,STORE_025,Marondera_Depot,Family Loaf,263,RT_043,2.13,263
2025-03-17 12:19:27,STORE_117,Bulawayo_Branch,Family Loaf,313,RT_026,2.1,313
2025-07-12 00:10:01,STORE_039,Mutare_Branch,Buns 6-Pack,302,RT_017,1.21,302
2025-04-10 17:16:37,STORE_028,Kwekwe_Depot,Mini Rolls 6-Pack,20,RT_034,0.91,20
2025-02-02 23:13:59,STORE_045,Bindura_Depot,High Energy White,286,RT_009,1.4,286
2025-07-07 14:07:08,STORE_041,Kwekwe_Depot,Family Loaf,298,RT_026,2.15,298
2025-06-24 02:15:16,STORE_039,Marondera_Depot,Buns 6-Pack,67,RT_027,1.15,67
2025-06-07 23:40:45,STORE_008,Masvingo_Branch,Mini Rolls 6-Pack,297,RT_030,1.11,297
2025-07-28 03:54:36,STORE_093,Harare_Southerton,High Energy Brown,125,RT_008,1.25,125
2025-05-28 08:51:57,STORE_030,Marondera_Depot,Buns 6-Pack,32,RT_011,1.09,32
2025-06-24 14:48:29,STORE_090,Harare_Southerton,Whole Wheat,150,RT_003,1.5,150
2025-04-23 22:42:59,STORE_088,Marondera_Depot,Family Loaf,161,RT_033,2.36,161
2025-03-17 03:17:58,STORE_135,Bindura_Depot,Buns 6-Pack,18,RT_043,1.04,18
2025-06-20 15:05:51,STORE_057,Gweru_Branch,High Energy Brown,260,RT_023,1.41,260
2025-01-04 11:06:29,STORE_099,Harare_Willowvale,Mini Rolls 6-Pack,13,RT_031,1.06,13
2025-05-19 17:07:07,STORE_055,Chitungwiza_Depot,High Energy White,30,RT_003,1.47,30
2025-05-02 21:33:13,STORE_018,Mutare_Branch,Wholegrain Brown,205,RT_017,1.52,205
2025-02-09 11:18:51,STORE_128,Mutare_Branch,Whole Wheat,118,RT_009,1.47,118
2025-03-04 18:30:44,STORE_014,Bulawayo_Branch,Buns 6-Pack,217,RT_021,1.29,217
2025-06-13 20:24:52,STORE_101,Mutare_Branch,Whole Wheat,175,RT_008,1.38,175
2025-02-25 13:10:12,STORE_056,Bulawayo_Branch,High Energy Brown,132,RT_038,1.25,132
2025-01-31 01:07:37,STORE_018,Kwekwe_Depot,Soft White,274,RT_012,1.32,274
2025-04-12 03:02:25,STORE_105,Kwekwe_Depot,Soft White,203,RT_043,1.14,203
2025-04-08 08:40:54,STORE_103,Kwekwe_Depot,Wholegrain Brown,11,RT_009,1.35,11
2025-03-05 13:49:12,STORE_023,Marondera_Depot,Whole Wheat,294,RT_012,1.55,294
2025-06-10 02:05:53,STORE_123,Marondera_Depot,Whole Wheat,235,RT_005,1.63,235
2025-05-09 05:19:30,STORE_094,Mutare_Branch,Wholegrain Brown,190,RT_014,1.51,190
2025-02-13 07:41:58,STORE_036,Bindura_Depot,Family Loaf,85,RT_029,2.14,85
2025-05-10 19:53:35,STORE_119,Bulawayo_Branch,Family Loaf,278,RT_048,2.25,278
2025-05-08 22:59:49,STORE_074,Harare_Southerton,Buns 6-Pack,270,RT_017,1.05,270
2025-04-30 15:17:46,STORE_037,Chitungwiza_Depot,High Energy White,140,RT_021,1.33,140
2025-05-06 14:13:44,STORE_073,Marondera_Depot,Family Loaf,90,RT_020,2.36,90
2025-05-04 11:43:55,STORE_037,Mutare_Branch,Wholegrain Brown,316,RT_017,1.58,316
2025-02-05 03:38:19,STORE_042,Mutare_Branch,High Energy White,91,RT_046,1.31,91
2025-06-19 01:12:19,STORE_068,Harare_Willowvale,High Energy White,189,RT_030,1.28,189
2025-04-30 06:26:43,STORE_059,Harare_Willowvale,High Energy Brown,102,RT_029,1.46,102
2025-07-02 07:34:24,STORE_087,Masvingo_Branch,Buns 6-Pack,284,RT_045,1.27,284
2025-06-09 22:07:19,STORE_011,Masvingo_Branch,Wholegrain Brown,187,RT_023,1.44,187
2025-03-08 20:41:42,STORE_011,Harare_Willowvale,Buns 6-Pack,226,RT_032,1.15,226
2025-01-08 14:11:00,STORE_134,Chitungwiza_Depot,High Energy Brown,44,RT_028,1.38,44
2025-02-22 09:51:08,STORE_131,Harare_Southerton,Family Loaf,161,RT_032,2.15,161
2025-05-29 19:27:41,STORE_133,Kwekwe_Depot,Buns 6-Pack,313,RT_048,1.13,313
2025-04-18 01:21:17,STORE_115,Harare_Southerton,High Energy White,234,RT_022,1.24,234
2025-03-25 16:20:57,STORE_016,Gweru_Branch,Seed Loaf,277,RT_022,1.45,277
2025-01-23 18:48:07,STORE_055,Harare_Southerton,High Energy Brown,182,RT_012,1.23,182
2025-04-28 08:00:41,STORE_037,Masvingo_Branch,Mini Rolls 6-Pack,258,RT_022,1.09,258
2025-03-20 07:38:19,STORE_073,Mutare_Branch,Buns 6-Pack,150,RT_029,1.29,150
2025-06-14 19:38:49,STORE_126,Masvingo_Branch,Wholegrain Brown,142,RT_026,1.42,142
2025-02-17 16:19:46,STORE_003,Kwekwe_Depot,Buns 6-Pack,6,RT_023,1.11,6
2025-03-13 10:27:36,STORE_103,Bulawayo_Branch,Soft White,170,RT_039,1.31,170
2025-06-10 10:45:29,STORE_060,Harare_Willowvale,High Energy Brown,198,RT_026,1.44,198
2025-07-20 23:14:31,STORE_099,Harare_Willowvale,Buns 6-Pack,319,RT_035,1.18,319
2025-06-30 14:37:14,STORE_086,Bindura_Depot,Wholegrain Brown,292,RT_026,1.54,292
2025-04-06 07:29:15,STORE_020,Harare_Willowvale,Soft White,122,RT_039,1.31,122
2025-01-20 16:53:44,STORE_120,Harare_Willowvale,Family Loaf,132,RT_004,2.34,132
2025-06-25 02:07:47,STORE_074,Bindura_Depot,Family Loaf,237,RT_022,2.36,237
2025-07-02 13:35:53,STORE_040,Bulawayo_Branch,Whole Wheat,46,RT_011,1.63,46
2025-03-30 00:18:43,STORE_102,Mutare_Branch,High Energy White,149,RT_001,1.48,149
2025-06-11 14:46:31,STORE_063,Masvingo_Branch,Family Loaf,86,RT_015,2.23,86
2025-05-22 07:57:05,STORE_030,Gweru_Branch,Whole Wheat,300,RT_029,1.41,300
2025-04-10 20:18:06,STORE_052,Bindura_Depot,Whole Wheat,261,RT_002,1.42,261
2025-02-13 22:20:27,STORE_083,Kwekwe_Depot,Buns 6-Pack,314,RT_040,1.17,314
2025-02-24 06:32:13,STORE_119,Mutare_Branch,Buns 6-Pack,21,RT_021,1.03,21
2025-01-19 09:03:39,STORE_095,Harare_Southerton,Buns 6-Pack,228,RT_034,1.26,228
2025-06-04 06:41:12,STORE_084,Gweru_Branch,Family Loaf,13,RT_015,2.24,13
2025-05-09 10:50:52,STORE_139,Kwekwe_Depot,Buns 6-Pack,7,RT_040,1.19,7
2025-03-27 19:44:02,STORE_017,Kwekwe_Depot,Seed Loaf,212,RT_040,1.66,212
2025-07-22 23:29:27,STORE_090,Chitungwiza_Depot,Wholegrain Brown,303,RT_040,1.55,303
2025-07-27 08:15:33,STORE_124,Marondera_Depot,High Energy White,118,RT_011,1.41,118
2025-07-21 18:23:44,STORE_015,Marondera_Depot,Wholegrain Brown,127,RT_014,1.37,127
2025-06-05 02:16:28,STORE_030,Harare_Willowvale,Seed Loaf,211,RT_006,1.67,211
2025-05-05 16:29:01,STORE_016,Gweru_Branch,High Energy Brown,307,RT_041,1.46,307
2025-02-21 01:48:23,STORE_095,Mutare_Branch,Family Loaf,65,RT_001,2.2,65
2025-05-24 00:44:11,STORE_139,Harare_Willowvale,Family Loaf,205,RT_029,2.31,205
2025-03-08 16:43:57,STORE_101,Harare_Southerton,High Energy White,37,RT_027,1.38,37
2025-01-07 07:31:41,STORE_029,Harare_Southerton,Mini Rolls 6-Pack,220,RT_039,0.95,220
2025-06-01 11:08:55,STORE_051,Mutare_Branch,Soft White,214,RT_033,1.1,214
2025-02-18 03:07:13,STORE_129,Marondera_Depot,Mini Rolls 6-Pack,262,RT_007,0.93,262
2025-03-02 02:34:38,STORE_061,Kwekwe_Depot,Whole Wheat,92,RT_015,1.42,92
2025-03-04 14:26:32,STORE_076,Bulawayo_Branch,Buns 6-Pack,14,RT_046,1.05,14
2025-01-17 13:30:41,STORE_091,Chitungwiza_Depot,Family Loaf,227,RT_036,2.2,227
2025-02-13 14:49:13,STORE_087,Bindura_Depot,Family Loaf,78,RT_048,2.14,78
2025-07-03 12:07:48,STORE_103,Kwekwe_Depot,Wholegrain Brown,49,RT_047,1.59,49
2025-04-22 03:06:28,STORE_046,Kwekwe_Depot,High Energy White,13,RT_020,1.22,13
2025-03-19 05:55:06,STORE_061,Harare_Willowvale,Soft White,25,RT_031,1.29,25
2025-04-19 12:57:57,STORE_116,Chitungwiza_Depot,Whole Wheat,175,RT_046,1.58,175
2025-07-15 10:54:54,STORE_133,Mutare_Branch,Wholegrain Brown,147,RT_015,1.43,147
2025-01-19 01:22:01,STORE_086,Harare_Southerton,High Energy Brown,13,RT_004,1.42,13
2025-01-27 20:34:44,STORE_085,Bindura_Depot,Buns 6-Pack,158,RT_030,1.26,158
2025-03-26 09:38:26,STORE_050,Marondera_Depot,Whole Wheat,107,RT_041,1.49,107
2025-05-06 02:21:10,STORE_116,Harare_Willowvale,High Energy White,225,RT_004,1.36,225
2025-02-14 04:11:47,STORE_034,Harare_Southerton,Seed Loaf,288,RT_027,1.55,288
2025-07-19 08:34:20,STORE_005,Harare_Southerton,Seed Loaf,169,RT_030,1.41,169
2025-07-07 03:36:24,STORE_034,,Coke500ml,48,RT_003,2.22,48
2025-05-08 08:12:28,STORE_031,Bindura_Depot,Wholegrain Brown,63,RT_034,1.51,63
2025-03-09 12:42:32,STORE_119,Harare_Willowvale,Buns 6-Pack,212,RT_019,1.27,212
2025-04-17 01:54:12,STORE_060,Masvingo_Branch,Buns 6-Pack,226,RT_031,1.27,226
2025-02-27 23:07:09,STORE_010,Harare_Southerton,Wholegrain Brown,40,RT_010,1.48,40
2025-03-04 20:40:42,STORE_037,Gweru_Branch,Family Loaf,101,RT_018,2.39,101
2025-04-10 08:04:36,STORE_087,Harare_Southerton,Buns 6-Pack,312,RT_016,1.28,312
2025-06-03 21:22:18,STORE_079,Marondera_Depot,Family Loaf,9,RT_031,2.35,9
2025-07-01 17:36:44,STORE_060,Harare_Willowvale,Wholegrain Brown,239,RT_036,1.41,239
2025-02-22 17:46:06,STORE_048,Gweru_Branch,Family Loaf,223,RT_032,2.22,223
2025-03-29 03:43:43,STORE_063,Chitungwiza_Depot,Soft White,192,RT_024,1.13,192
2025-03-23 09:05:19,STORE_024,Bulawayo_Branch,Family Loaf,300,RT_040,2.37,300
2025-01-09 22:59:12,STORE_006,Masvingo_Branch,Buns 6-Pack,267,RT_028,1.25,267
2025-06-22 22:39:31,STORE_046,Harare_Willowvale,Soft White,315,RT_004,1.29,315
2025-02-13 20:29:23,STORE_082,Harare_Willowvale,Whole Wheat,290,RT_032,1.42,290
2025-03-07 04:33:12,STORE_036,Harare_Southerton,Family Loaf,138,RT_009,2.26,138
2025-01-21 06:02:16,STORE_080,Marondera_Depot,High Energy White,176,RT_034,1.25,176
2025-04-14 09:19:30,STORE_138,Harare_Southerton,Seed Loaf,18,RT_007,1.56,18
2025-05-03 09:30:02,STORE_040,Masvingo_Branch,Buns 6-Pack,137,RT_018,1.29,137
2025-04-06 06:12:42,STORE_078,Marondera_Depot,Wholegrain Brown,168,RT_048,1.44,168
2025-04-02 11:24:58,STORE_099,Chitungwiza_Depot,Wholegrain Brown,258,RT_016,1.54,258
2025-01-31 17:46:11,STORE_072,Marondera_Depot,Seed Loaf,6,RT_006,1.48,6
2025-06-13 06:40:26,STORE_001,Marondera_Depot,Soft White,79,RT_006,1.15,79
2025-05-01 05:28:45,STORE_073,Bindura_Depot,Seed Loaf,83,RT_003,1.47,83
2025-04-06 23:18:43,STORE_080,Harare_Southerton,Soft White,62,RT_019,1.34,62
2025-05-04 00:16:12,STORE_022,Bulawayo_Branch,Family Loaf,42,RT_033,2.36,42
2025-03-31 18:05:57,STORE_044,Kwekwe_Depot,Seed Loaf,34,RT_006,1.54,34
2025-05-26 01:27:59,STORE_095,Kwekwe_Depot,High Energy White,276,RT_016,1.21,276
2025-01-02 17:13:08,STORE_124,Mutare_Branch,Buns 6-Pack,208,RT_021,1.13,208
2025-04-18 23:58:57,STORE_095,Bindura_Depot,Wholegrain Brown,41,RT_039,1.4,41
2025-05-29 13:40:02,STORE_085,Masvingo_Branch,Family Loaf,194,RT_022,2.13,194
2025-05-31 17:06:13,STORE_106,Bindura_Depot,Seed Loaf,7,RT_026,1.5,7
2025-06-22 22:04:44,STORE_075,Bindura_Depot,Mini Rolls 6-Pack,234,RT_030,1.16,234
2025-06-20 04:31:24,STORE_063,Masvingo_Branch,Soft White,20,RT_038,1.17,20
2025-02-19 18:41:55,STORE_086,Harare_Southerton,High Energy White,291,RT_042,1.38,291
2025-02-23 08:15:03,STORE_053,Kwekwe_Depot,Buns 6-Pack,104,RT_012,1.09,104
2025-04-30 15:28:25,STORE_066,Bindura_Depot,Wholegrain Brown,82,RT_045,1.53,82
2025-06-15 22:16:34,STORE_138,Mutare_Branch,Mini Rolls 6-Pack,207,RT_027,1.12,207
2025-05-05 23:52:00,STORE_068,Chitungwiza_Depot,Whole Wheat,200,RT_040,1.62,200
2025-07-24 14:42:30,STORE_032,Marondera_Depot,Family Loaf,135,RT_013,2.16,135
2025-05-11 09:05:45,STORE_005,Mutare_Branch,Seed Loaf,256,RT_026,1.41,256
2025-03-19 19:55:04,STORE_097,Bindura_Depot,High Energy White,229,RT_040,1.31,229
2025-04-03 06:33:59,STORE_084,Kwekwe_Depot,Seed Loaf,299,RT_026,1.41,299
2025-07-01 02:44:05,STORE_036,Bulawayo_Branch,Wholegrain Brown,153,RT_035,1.39,153
2025-03-21 12:03:21,STORE_126,Kwekwe_Depot,Buns 6-Pack,220,RT_033,1.23,220
2025-02-11 06:18:37,STORE_003,Marondera_Depot,Mini Rolls 6-Pack,84,RT_038,1.05,84
2025-03-23 05:25:55,STORE_061,Marondera_Depot,Buns 6-Pack,245,RT_010,1.25,245
2025-02-20 02:54:13,STORE_136,Gweru_Branch,Seed Loaf,130,RT_003,1.6,130
2025-03-08 05:03:46,STORE_135,Harare_Willowvale,Whole Whet,227,RT_041,1.6,227
2025-01-04 02:19:47,STORE_073,Marondera_Depot,Mini Rolls 6-Pack,56,RT_038,1.14,56
2025-03-30 11:47:19,STORE_021,Kwekwe_Depot,Buns 6-Pack,77,RT_042,1.26,77
2025-07-15 21:02:35,STORE_130,Bulawayo_Branch,Wholegrain Brown,9,RT_031,1.53,9
2025-05-22 15:10:52,STORE_087,Chitungwiza_Depot,Mini Rolls 6-Pack,159,RT_032,1.0,159
2025-06-09 21:02:12,STORE_003,Kwekwe_Depot,Mini Rolls 6-Pack,18,RT_021,0.92,18
2025-02-27 01:01:16,STORE_081,Masvingo_Branch,Soft White,54,RT_038,1.28,54
2025-07-01 05:09:42,STORE_049,Gweru_Branch,High Energy Brwn,279,RT_045,1.3,279
2025-01-18 10:30:10,STORE_096,Masvingo_Branch,Soft White,124,RT_043,1.27,124
2025-03-08 03:12:28,STORE_029,Harare_Willowvale,Whole Wheat,81,RT_002,1.61,81
2025-07-23 12:28:39,STORE_025,Masvingo_Branch,Seed Loaf,197,RT_011,1.66,197
2025-03-22 14:38:25,STORE_003,Gweru_Branch,Seed Loaf,28,RT_032,1.5,28
2025-05-09 16:16:49,STORE_103,Kwekwe_Depot,Whole Wheat,264,RT_029,1.56,264
2025-04-06 10:44:33,STORE_112,Chitungwiza_Depot,Seed Loaf,272,RT_046,1.44,272
2025-06-15 00:02:42,STORE_064,Gweru_Branch,Buns 6-Pack,82,RT_017,1.15,82
2025-02-27 18:45:32,STORE_116,Kwekwe_Depot,Wholegrain Brown,309,RT_019,1.35,309
2025-02-05 15:27:56,STORE_138,Gweru_Branch,Mini Rolls 6-Pack,263,RT_001,1.19,263
2025-07-12 12:50:15,STORE_043,Kwekwe_Depot,Wholegrain Brown,226,RT_046,1.39,226
2025-03-23 06:33:02,STORE_125,Bulawayo_Branch,Wholegrain Brown,309,RT_012,1.4,309
2025-04-17 12:56:34,STORE_047,Harare_Willowvale,Soft White,466,RT_004,1.16,466
2025-05-15 22:21:51,STORE_120,Chitungwiza_Depot,High Energy Brown,210,RT_006,1.33,210
2025-05-05 17:26:55,STORE_129,Mutare_Branch,High Energy White,7,RT_019,1.41,7
2025-03-02 15:48:08,STORE_041,Bulawayo_Branch,Whole Wheat,134,RT_025,1.4,134
2025-05-31 03:08:20,STORE_075,Gweru_Branch,High Energy Wite,158,RT_019,1.28,158
2025-12-05 00:00:00,STORE_103,Bulawayo_Branch,SeedLoaf,289,RT_038,1.59,289
2025-07-09 12:30:01,STORE_129,Chitungwiza_Depot,Mini Rolls 6-Pack,319,RT_033,1.18,319
2025-01-02 03:43:50,STORE_038,Masvingo_Branch,High Energy White,230,RT_039,1.49,230
2025-07-07 23:45:34,STORE_110,Mutare_Branch,High Energy White,174,RT_003,1.2,174
2025-04-19 07:08:33,STORE_105,Marondera_Depot,Mini Rolls 6-Pack,11,RT_006,0.99,11
2025-02-25 04:52:41,STORE_074,Chitungwiza_Depot,Soft White,413,RT_016,1.16,413
2025-03-28 10:01:51,STORE_047,Mutare_Branch,Buns 6-Pack,176,RT_018,1.23,176
2025-06-09 15:27:47,STORE_057,Harare_Southerton,High Energy White,160,RT_005,1.29,160
2025-05-15 15:23:52,STORE_136,Harare_Willowvale,Wholegrain Brown,202,RT_030,1.34,202
2025-05-09 23:59:12,STORE_137,Mutare_Branch,Soft White,242,RT_007,1.12,242
2025-05-23 03:10:06,STORE_101,Mutare_Branch,Seed Loaf,199,RT_030,1.54,199
2025-01-09 00:09:17,STORE_060,Harare_Southerton,Whole Wheat,218,RT_043,1.57,218
2025-05-06 13:25:38,STORE_112,Marondera_Depot,Seed Loaf,85,RT_010,1.7,85
2025-06-16 15:13:17,STORE_100,Harare_Willowvale,Family Loaf,21,RT_036,2.37,21
2025-04-09 12:38:06,STORE_017,Bulawayo_Branch,Seed Loaf,211,RT_015,1.48,211
2025-05-31 14:42:29,STORE_105,Marondera_Depot,Seed Loaf,211,RT_023,1.52,211
2025-06-06 02:29:17,STORE_104,Chitungwiza_Depot,Buns 6-Pack,25,RT_031,1.12,25
2025-02-19 01:46:52,STORE_067,Harare_Willowvale,Mini Rolls 6-Pack,142,RT_041,0.96,142
2025-04-08 21:12:03,STORE_065,Bindura_Depot,Family Loaf,106,RT_047,2.36,106
2025-04-19 01:25:27,STORE_062,Kwekwe_Depot,High Energy Brown,107,RT_021,1.33,107
2025-07-07 10:03:34,STORE_099,Mutare_Branch,Whole Wheat,99,RT_035,1.52,99
2025-03-23 07:48:12,STORE_011,Masvingo_Branch,High Energy Brown,11,RT_033,1.42,11
2025-06-08 00:59:32,STORE_120,Kwekwe_Depot,Seed Lof,127,RT_009,1.52,127
2025-01-30 12:29:12,STORE_119,Chitungwiza_Depot,Seed Loaf,302,RT_037,1.44,302
2025-03-26 15:42:33,STORE_044,Kwekwe_Depot,Soft White,70,RT_019,1.28,70
2025-04-13 02:25:49,STORE_138,Kwekwe_Depot,Whole Wheat,314,RT_033,1.51,314
2025-06-03 21:59:32,STORE_085,Marondera_Depot,Soft White,218,RT_024,1.36,218
2025-04-12 02:54:17,STORE_076,Bulawayo_Branch,Wholegrain Brown,90,RT_022,1.47,90
2025-04-02 15:53:04,STORE_106,Masvingo_Branch,Mini Rolls 6-Pack,278,RT_043,0.94,278
2025-06-16 09:55:21,STORE_036,Gweru_Branch,High Energy Brown,310,RT_004,1.44,310
2025-04-24 05:53:24,STORE_126,Bindura_Depot,Seed Loaf,12,RT_014,1.66,12
2025-03-30 01:43:07,STORE_029,Gweru_Branch,High Energy Brown,162,RT_010,1.43,162
2025-01-29 08:30:51,STORE_131,Harare_Willowvale,Seed Loaf,83,RT_016,1.54,83
2025-06-17 01:21:44,STORE_095,Bindura_Depot,Seed Loaf,124,RT_039,1.54,124
2025-01-31 03:35:02,STORE_135,Masvingo_Branch,Family Loaf,302,RT_033,2.38,302
2025-01-28 00:06:20,STORE_084,Bindura_Depot,High Energy White,120,RT_034,1.25,120
2025-01-21 11:45:30,STORE_137,Bulawayo_Branch,Wholegrain Brown,57,RT_014,1.4,57
2025-03-14 01:09:44,STORE_129,Bindura_Depot,Buns 6-Pack,214,RT_006,1.13,214
2025-01-31 14:27:26,STORE_089,Gweru_Branch,Wholegrain Brown,8,RT_005,1.53,8
2025-02-06 03:39:04,STORE_055,Chitungwiza_Depot,Wholegrain Brown,182,RT_021,1.46,182
2025-01-27 11:01:53,STORE_139,Gweru_Branch,Wholegrain Brown,78,RT_038,1.31,78
2025-03-30 03:35:41,STORE_040,Mutare_Branch,Whole Wheat,10,RT_037,1.39,10
2025-02-12 15:33:35,STORE_124,Chitungwiza_Depot,Wholegrain Brown,157,RT_012,1.43,157
2025-05-05 14:09:16,STORE_031,Harare_Willowvale,Soft White,60,RT_032,1.27,60
2025-02-21 00:30:49,STORE_078,Bulawayo_Branch,High Energy White,315,RT_030,1.26,315
2025-06-22 03:28:26,STORE_013,Mutare_Branch,Family Loaf,179,RT_036,2.11,179
2025-06-17 10:39:48,STORE_073,Chitungwiza_Depot,Family Loaf,160,RT_019,2.13,160
2025-02-20 11:37:42,STORE_020,Masvingo_Branch,High Energy White,280,RT_035,1.41,280
2025-03-01 07:29:55,STORE_108,Bindura_Depot,Buns 6-Pack,189,RT_023,1.07,189
2025-07-22 08:15:30,STORE_087,Bindura_Depot,Mini Rolls 6-Pack,69,RT_022,0.93,69
2025-06-26 11:42:26,STORE_121,Bulawayo_Branch,Whole Wheat,296,RT_042,1.52,296
2025-01-10 00:25:05,STORE_049,Mutare_Branch,Seed Loaf,93,RT_026,1.69,93
2025-05-29 09:40:51,STORE_057,Bindura_Depot,Family Loaf,287,RT_044,2.13,287
2025-05-17 18:37:58,STORE_049,Gweru_Branch,High Energy White,231,RT_001,1.4,231
2025-04-09 00:02:31,STORE_026,Gweru_Branch,Mini Rolls 6-Pack,290,RT_032,1.17,290
2025-02-11 09:32:38,STORE_077,Gweru_Branch,Soft White,97,RT_023,1.39,97
2025-02-17 11:35:53,STORE_031,Gweru_Branch,High Energy White,259,RT_014,1.21,259
2025-05-11 01:38:38,STORE_100,Mutare_Branch,Buns 6-Pack,257,RT_034,1.05,257
2025-01-10 06:56:00,STORE_122,Harare_Willowvale,Soft White,51,RT_010,1.39,51
2025-02-05 21:03:35,STORE_063,Gweru_Branch,Seed Loaf,298,RT_036,1.54,298
2025-04-02 14:13:34,STORE_113,Bulawayo_Branch,Soft White,124,RT_022,1.23,124
2025-06-02 05:51:05,STORE_099,Gweru_Branch,Family Loaf,82,RT_032,2.28,82
2025-02-21 16:19:10,STORE_065,Bulawayo_Branch,Family Loaf,215,RT_026,2.24,215
2025-07-29 19:13:26,STORE_139,Gweru_Branch,Family Loaf,132,RT_034,2.27,132
2025-06-13 09:08:15,STORE_035,Masvingo_Branch,Wholegrain Brown,240,RT_030,1.42,240
2025-04-23 01:55:33,STORE_049,Harare_Willowvale,Family Loaf,264,RT_021,2.28,264
2025-01-16 09:32:43,STORE_129,Gweru_Branch,Mini Rolls 6-Pack,85,RT_020,0.98,85
2025-04-12 11:36:41,STORE_034,Marondera_Depot,High Energy Brown,171,RT_040,1.33,171
2025-04-07 03:20:11,STORE_117,Kwekwe_Depot,Mini Rolls 6-Pack,290,RT_041,1.04,290
2025-06-16 03:51:22,STORE_128,Bindura_Depot,Mini Rolls 6-Pack,176,RT_041,1.03,176
2025-03-04 07:48:55,STORE_083,Harare_Willowvale,Whole Wheat,115,RT_046,1.55,115
2025-04-20 15:05:37,STORE_103,Kwekwe_Depot,Coke500ml,81,RT_015,1.11,81
2025-02-16 13:55:37,STORE_138,Masvingo_Branch,High Energy White,178,RT_011,1.31,178
2025-04-05 20:55:06,STORE_035,Harare_Willowvale,High Energy Brown,41,RT_030,1.24,41
2025-07-09 14:05:52,STORE_027,Kwekwe_Depot,Family Loaf,143,RT_039,2.31,143
2025-06-23 08:50:28,STORE_063,Mutare_Branch,Wholegrain Brown,265,RT_028,1.48,265
2025-02-15 11:57:21,STORE_073,Harare_Southerton,Family Loaf,47,RT_029,2.23,47
2025-04-24 12:45:53,STORE_047,Chitungwiza_Depot,High Energy White,106,RT_040,1.5,106
2025-07-03 19:03:46,STORE_032,Marondera_Depot,Family Loaf,135,RT_032,2.19,135
2025-01-13 18:27:28,STORE_010,Bulawayo_Branch,Family Loaf,70,RT_016,2.4,70
2025-01-21 23:37:45,STORE_013,Bulawayo_Branch,Whole Wheat,291,RT_030,1.65,291
2025-03-05 15:55:33,STORE_091,Gweru_Branch,Whole Wheat,315,RT_023,1.53,315
2025-06-20 10:28:03,STORE_088,Bulawayo_Branch,Buns 6-Pack,303,RT_016,1.27,303
2025-04-09 11:05:50,STORE_002,Bindura_Depot,Wholegrain Brown,15,RT_023,1.44,15
2025-02-19 12:02:57,STORE_092,Chitungwiza_Depot,Whole Wheat,193,RT_022,1.53,193
2025-02-12 12:35:53,STORE_106,Bulawayo_Branch,Mini Rolls 6-Pack,10,RT_039,1.08,10
2025-03-12 00:00:00,STORE_054,,Wholegrain Brown,294,RT_004,1.33,294
2025-02-23 01:35:46,STORE_043,Marondera_Depot,Family Loaf,252,RT_019,2.18,252
2025-07-16 22:53:44,STORE_081,Harare_Southerton,High Energy Brown,91,RT_021,1.34,91
2025-01-05 16:05:52,STORE_085,Chitungwiza_Depot,Mini Rolls 6-Pack,87,RT_031,1.02,87
2025-07-12 22:23:02,STORE_105,Marondera_Depot,Buns 6-Pack,184,RT_035,1.19,184
2025-02-18 04:25:21,STORE_058,Chitungwiza_Depot,High Energy Brown,281,RT_032,1.45,281
2025-06-01 04:09:18,STORE_121,Bindura_Depot,Buns 6-Pack,87,RT_029,1.12,87
2025-06-22 07:36:10,STORE_058,Mutare_Branch,Seed Loaf,94,RT_043,1.6,94
2025-02-03 10:09:17,STORE_026,Harare_Southerton,Buns 6-Pack,166,RT_025,1.22,166
2025-05-14 02:04:09,STORE_099,Bindura_Depot,Seed Loaf,317,RT_005,1.69,317
2025-01-08 16:59:39,STORE_086,Masvingo_Branch,High Energy Brown,139,RT_014,1.33,139
2025-07-12 23:55:48,STORE_125,Mutare_Branch,Mini Rolls 6-Pack,175,RT_022,1.14,175
2025-02-04 11:57:11,STORE_102,Mutare_Branch,Soft White,189,,1.38,189
2025-07-23 20:25:04,STORE_093,Chitungwiza_Depot,Soft White,49,RT_039,1.28,49
2025-01-19 02:57:11,STORE_036,Chitungwiza_Depot,High Energy White,249,RT_035,1.43,249
2025-07-19 02:48:28,STORE_059,Bindura_Depot,Seed Loaf,224,RT_017,1.53,224
2025-05-22 12:04:15,STORE_112,Bulawayo_Branch,Mini Rolls 6-Pack,181,RT_044,1.0,181
2025-07-23 07:32:44,STORE_018,Marondera_Depot,Buns 6-Pack,200,RT_005,1.11,200
2025-04-13 17:12:48,STORE_095,Marondera_Depot,Soft White,172,RT_037,1.25,172
2025-02-22 06:27:05,STORE_023,Harare_Southerton,Whole Wheat,125,RT_011,1.39,125
2025-03-12 15:15:10,STORE_120,Marondera_Depot,Whole grain Brown,101,RT_024,1.44,101
2025-06-23 16:12:43,STORE_051,Kwekwe_Depot,Soft White,130,RT_004,1.36,130
2025-06-13 22:55:40,STORE_022,Kwekwe_Depot,Soft White,139,RT_012,1.25,139
2025-04-06 04:39:27,STORE_127,Gweru_Branch,Soft White,278,RT_036,1.25,278
2025-01-14 01:55:27,STORE_074,Gweru_Branch,Wholegrain Brown,238,RT_027,1.37,238
2025-05-22 07:54:38,STORE_133,Harare_Southerton,High Energy White,24,RT_033,1.21,24
2025-01-31 04:08:14,STORE_049,Chitungwiza_Depot,Mini Rolls 6-Pack,306,RT_001,1.13,306
2025-05-25 02:11:09,STORE_048,Masvingo_Branch,Wholegrain Brown,154,RT_003,1.34,154
2025-04-29 02:06:36,STORE_082,Bindura_Depot,Family Loaf,58,RT_041,2.14,58
2025-06-29 09:38:38,STORE_006,Bulawayo_Branch,Seed Loaf,25,RT_008,1.65,25
2025-03-29 22:09:45,STORE_084,Bulawayo_Branch,Sugar2kg,162,RT_008,1.11,162
2025-06-12 13:02:57,STORE_124,Masvingo_Branch,High Energy Brown,141,RT_004,1.5,141
2025-01-11 19:55:09,STORE_010,Marondera_Depot,Family Loaf,206,RT_029,2.17,206
2025-05-14 03:40:56,STORE_113,Bindura_Depot,Wholegrain Brown,235,RT_027,1.34,235
2025-01-26 10:04:34,STORE_067,Mutare_Branch,Buns 6-Pack,81,RT_040,1.27,81
2025-01-01 13:30:48,STORE_045,Kwekwe_Depot,Mini Rolls 6-Pack,301,RT_028,1.17,301
2025-05-01 06:33:39,STORE_053,Masvingo_Branch,Mini Rolls 6-Pack,252,RT_045,0.91,252
2025-07-20 23:42:58,STORE_042,Masvingo_Branch,Soft White,304,RT_006,1.26,304
2025-04-24 03:51:57,STORE_059,Marondera_Depot,High Energy White,156,RT_015,1.41,156
2025-06-05 03:26:37,STORE_042,Mutare_Branch,Wholegrain Brown,256,RT_012,1.34,256
2025-03-20 05:24:32,STORE_108,Bulawayo_Branch,Wholegrain Brown,7,RT_021,1.6,7
2025-02-01 10:04:20,STORE_135,Harare_Southerton,Seed Loaf,311,RT_013,1.58,311
2025-05-18 05:34:50,STORE_078,Gweru_Branch,High Energy Brown,307,RT_014,1.31,307
2025-07-14 18:59:24,STORE_077,Bulawayo_Branch,High Energy Brown,297,RT_012,1.46,297
2025-07-09 22:56:22,STORE_057,Kwekwe_Depot,High Energy White,171,RT_037,1.35,171
2025-05-06 14:10:56,STORE_075,Harare_Willowvale,Whole Wheat,86,RT_030,1.41,86
2025-05-03 03:28:53,STORE_019,Bindura_Depot,High Energy Brown,299,RT_018,1.48,299
2025-05-13 01:16:39,STORE_025,Mutare_Branch,High Energy White,29,RT_006,1.25,29
2025-02-17 14:45:42,STORE_087,Mutare_Branch,Family Loaf,3,RT_028,2.24,3
2025-02-09 16:46:25,STORE_105,Mutare_Branch,Buns 6-Pack,23,RT_027,1.2,23
2025-04-16 18:16:59,STORE_064,Gweru_Branch,Wholegrain Brown,156,RT_029,1.47,156
2025-06-19 02:08:27,STORE_050,Masvingo_Branch,Family Loaf,316,RT_034,2.21,316
2025-05-05 13:19:16,STORE_061,Bulawayo_Branch,Wholegrain Brown,225,RT_043,1.33,225
2025-05-17 07:24:17,STORE_089,Bulawayo_Branch,Whole Wheat,81,RT_022,1.48,81
2025-06-27 03:12:01,STORE_136,Chitungwiza_Depot,Seed Loaf,186,RT_037,1.57,186
2025-01-29 01:54:22,STORE_046,Gweru_Branch,Buns 6-Pack,228,RT_033,1.07,228
2025-07-09 23:13:07,STORE_083,Kwekwe_Depot,Wholegrain Brown,234,RT_039,1.51,234
2025-02-19 11:04:05,STORE_131,Chitungwiza_Depot,Soft White,96,RT_049,1.25,96
2025-02-21 16:05:44,STORE_016,Marondera_Depot,Seed Loaf,61,RT_036,1.61,61
2025-03-19 23:56:53,STORE_044,Kwekwe_Depot,Mini Rolls 6-Pack,20,RT_016,0.9,20
2025-03-27 11:22:10,STORE_038,Marondera_Depot,High Energy White,215,RT_022,1.45,215
2025-02-26 11:46:19,STORE_051,Kwekwe_Depot,High Energy White,133,RT_015,1.31,133
2025-05-30 14:16:11,STORE_095,Harare_Southerton,Seed Loaf,196,RT_030,1.51,196
2025-01-04 10:20:12,STORE_130,Masvingo_Branch,Wholegrain Brown,246,RT_007,1.5,246
2025-03-14 09:23:17,STORE_084,Harare_Southerton,Mini Rolls 6-Pack,115,RT_031,1.1,115
2025-07-27 17:41:04,STORE_116,Mutare_Branch,Soft White,157,RT_040,1.19,157
2025-05-17 14:07:49,STORE_047,Kwekwe_Depot,High Energy White,51,RT_014,1.32,51
2025-02-22 15:54:16,STORE_074,Harare_Willowvale,Buns 6-Pack,288,RT_039,1.17,288
2025-01-02 12:40:53,STORE_062,Gweru_Branch,High Energy White,223,RT_012,1.29,223
2025-03-31 08:12:41,STORE_114,Gweru_Branch,Mini Rolls 6-Pack,178,RT_001,1.06,178
2025-06-19 00:40:35,STORE_080,Bindura_Depot,Seed Loaf,299,RT_025,1.4,299
2025-01-29 14:05:30,STORE_019,Chitungwiza_Depot,Family Loaf,186,RT_003,2.35,186
2025-03-30 16:23:28,STORE_131,Bindura_Depot,Wholegrain Brown,67,RT_047,1.58,67
2025-03-29 06:05:07,STORE_077,Kwekwe_Depot,Mini Rolls 6-Pack,52,RT_030,0.96,52
2025-04-19 05:19:11,STORE_089,Harare_Southerton,Mini Rolls 6-Pack,29,RT_032,1.07,29
2025-04-28 04:04:40,STORE_002,Chitungwiza_Depot,Family Loaf,191,RT_042,2.16,191
2025-02-21 01:55:59,STORE_048,Bindura_Depot,High Energy White,15,RT_042,1.43,15
2025-05-02 00:33:19,STORE_114,Mutare_Branch,Soft White,112,RT_005,1.18,112
2025-07-19 16:20:13,STORE_100,Bulawayo_Branch,Wholegrain Brown,255,RT_032,1.35,255
2025-01-13 02:36:01,STORE_060,Chitungwiza_Depot,Mini Rolls 6-Pack,251,RT_019,1.08,251
2025-06-03 00:20:59,STORE_085,Bindura_Depot,Seed Loaf,296,RT_031,1.46,296
2025-06-18 19:43:06,STORE_098,Mutare_Branch,High Energy Brown,240,RT_028,1.27,240
2025-05-14 23:10:21,STORE_057,Bindura_Depot,Whole Wheat,88,RT_039,1.61,88
2025-05-08 18:22:12,STORE_137,Mutare_Branch,Buns 6-Pack,106,RT_019,1.0,106
2025-01-12 12:44:30,STORE_131,Harare_Southerton,Family Loaf,242,RT_024,2.37,242
2025-07-01 10:41:40,STORE_036,Masvingo_Branch,Whole Wheat,200,RT_023,1.39,200
2025-02-28 10:32:24,STORE_072,Harare_Southerton,Mini Rolls 6-Pack,231,RT_040,1.19,231
2025-06-26 07:07:48,STORE_046,Bindura_Depot,Mini Rolls 6-Pack,197,RT_003,0.98,197
2025-06-21 10:15:05,STORE_054,Masvingo_Branch,Soft White,11,RT_035,1.28,11
2025-06-11 01:32:32,STORE_079,Harare_Willowvale,Buns 6-Pack,169,RT_017,1.02,169
2025-03-17 08:47:14,STORE_023,Bindura_Depot,High Energy Brown,108,RT_033,1.4,108
2025-03-04 03:10:29,STORE_040,Bindura_Depot,Family Loaf,201,RT_045,2.4,201
2025-01-13 14:04:22,STORE_022,Masvingo_Branch,Wholegrain Brown,134,RT_031,1.43,134
2025-03-18 01:42:11,STORE_114,Chitungwiza_Depot,Wholegrain Brown,228,RT_024,1.34,228
2025-02-16 04:12:31,STORE_107,Gweru_Branch,Whole Wheat,278,RT_031,1.42,278
2025-07-14 11:33:50,STORE_128,Gweru_Branch,Wholegrain Brown,196,RT_046,1.37,196
2025-07-15 15:17:47,STORE_029,Harare_Southerton,Soft White,232,RT_041,1.19,232
2025-05-05 19:00:07,STORE_079,Mutare_Branch,Soft White,197,RT_009,1.18,197
2025-04-28 08:27:52,STORE_107,Harare_Southerton,Seed Loaf,90,RT_010,1.42,90
2025-01-03 14:40:48,STORE_061,Bulawayo_Branch,High Energy Brown,291,RT_014,1.31,291
2025-06-29 18:48:04,STORE_110,Chitungwiza_Depot,Soft White,209,RT_027,1.39,209
2025-01-03 08:31:14,STORE_058,Marondera_Depot,Family Loaf,247,RT_048,2.37,247
2025-04-03 09:43:43,STORE_082,Marondera_Depot,Seed Loaf,178,RT_018,1.45,178
2025-05-10 02:49:57,STORE_077,Bulawayo_Branch,Buns 6-Pack,34,RT_017,1.0,34
2025-06-25 22:27:10,STORE_068,Bindura_Depot,Wholegrain Brown,65,RT_042,1.5,65
2025-03-24 14:55:12,STORE_062,Harare_Southerton,High Energy Brown,44,RT_014,1.29,44
2025-05-29 05:45:31,STORE_127,Bulawayo_Branch,Family Loaf,109,RT_001,2.26,109
2025-06-27 13:44:36,STORE_067,Masvingo_Branch,Family Loaf,275,RT_034,2.22,275
2025-07-26 02:28:56,STORE_074,Bulawayo_Branch,Seed Loaf,75,RT_044,1.43,75
2025-05-29 14:42:23,STORE_095,Kwekwe_Depot,Soft White,226,RT_008,1.13,226
2025-04-03 06:16:31,STORE_005,Kwekwe_Depot,High Energy Brown,12,RT_009,1.3,12
2025-06-04 10:37:35,STORE_079,Mutare_Branch,High Energy White,66,RT_028,1.35,66
2025-04-02 10:24:19,STORE_077,Kwekwe_Depot,Family Loaf,275,RT_012,2.38,275
2025-05-21 07:51:06,STORE_077,Harare_Willowvale,Wholegrain Brown,69,RT_038,1.5,69
2025-06-23 16:07:32,STORE_073,Harare_Southerton,High Energy White,8,RT_043,1.36,8
2025-03-06 15:15:33,STORE_003,Bindura_Depot,Family Loaf,76,RT_037,2.21,76
2025-02-06 21:53:09,STORE_121,Masvingo_Branch,Mini Rolls 6-Pack,16,RT_009,1.01,16
2025-07-03 04:04:04,STORE_009,Bulawayo_Branch,Wholegrain Brown,306,RT_027,1.41,306
2025-04-30 06:32:33,STORE_075,Bulawayo_Branch,High Energy Brown,252,RT_024,1.49,252
2025-04-17 23:16:53,STORE_030,Bulawayo_Branch,Buns 6-Pack,209,RT_049,1.04,209
2025-04-06 09:06:26,STORE_028,Gweru_Branch,High Energy Brown,279,RT_029,1.34,279
2025-01-27 16:23:53,STORE_023,Bindura_Depot,Soft White,38,RT_042,1.28,38
2025-02-15 23:26:09,STORE_085,Harare_Willowvale,High Energy White,361,RT_026,1.42,361
2025-06-09 18:18:30,STORE_061,Marondera_Depot,High Energy Brown,19,RT_022,1.32,19
2025-04-27 00:25:43,STORE_019,Masvingo_Branch,High Energy White,197,RT_049,1.25,197
2025-06-30 12:51:00,STORE_093,Harare_Southerton,Whole Wheat,50,RT_048,1.47,50
2025-02-06 15:15:17,STORE_105,Harare_Willowvale,Mini Rolls 6-Pack,191,RT_023,1.2,191
2025-03-17 07:57:56,STORE_055,Gweru_Branch,High Energy White,64,RT_031,1.41,64
2025-03-05 08:10:46,STORE_037,Harare_Southerton,High Energy Brown,35,RT_004,1.45,35
2025-06-22 19:31:55,STORE_041,Mutare_Branch,High Energy White,305,RT_043,1.4,305
2025-01-17 09:39:18,STORE_050,Kwekwe_Depot,Mini Rolls 6-Pack,10,RT_046,1.12,10
2025-03-29 21:42:48,STORE_023,Gweru_Branch,Mini Rolls 6-Pack,102,RT_035,0.96,102
2025-04-20 16:06:33,STORE_093,Kwekwe_Depot,Buns 6-Pack,84,RT_021,1.1,84
2025-03-14 21:10:42,STORE_092,Harare_Southerton,Family Loaf,244,RT_029,2.23,244
2025-02-16 15:54:20,STORE_130,Bindura_Depot,Whole Wheat,112,RT_018,1.4,112
2025-01-28 11:44:53,STORE_108,Bindura_Depot,High Energy White,200,RT_048,1.32,200
2025-05-08 23:39:23,STORE_112,Kwekwe_Depot,Whole Wheat,38,RT_025,1.38,38
2025-07-29 16:03:59,STORE_050,Mutare_Branch,Mini Rolls 6-Pack,189,RT_002,,189
2025-03-12 12:54:27,STORE_069,Bulawayo_Branch,Family Loaf,215,RT_039,2.17,215
2025-02-22 19:32:47,STORE_048,Mutare_Branch,Whole Wheat,311,RT_029,1.6,311
2025-04-06 08:06:20,STORE_016,Mutare_Branch,Whole Wheat,211,RT_026,1.58,211
2025-01-21 20:41:06,STORE_055,Gweru_Branch,Buns 6-Pack,289,RT_005,1.25,289
2025-07-23 01:40:42,STORE_040,Harare_Willowvale,Whole Wheat,281,RT_023,1.48,281
2025-03-05 11:23:00,STORE_129,Bindura_Depot,Wholegrain Brown,277,RT_048,1.58,277
2025-01-30 02:13:34,STORE_059,Kwekwe_Depot,Soft White,44,RT_029,1.29,44
2025-07-22 12:49:23,STORE_066,Bindura_Depot,High Energy Brown,78,RT_011,1.48,78
2025-04-18 04:21:53,STORE_129,Harare_Willowvale,Soft White,217,RT_013,1.32,217
,STORE_054,Chitungwiza_Depot,Soft White,20,RT_030,1.16,20
2025-05-30 00:42:49,STORE_051,Mutare_Branch,High Energy White,24,RT_010,1.37,24
2025-01-09 09:28:31,STORE_009,Marondera_Depot,Whole Wheat,100,RT_034,1.44,100
2025-03-20 04:12:30,STORE_121,Kwekwe_Depot,Buns 6-Pack,177,RT_042,1.27,177
2025-01-14 21:06:57,STORE_023,Chitungwiza_Depot,Buns 6-Pack,291,RT_002,1.23,291
2025-07-28 15:08:45,STORE_029,Marondera_Depot,Buns 6-Pack,12,RT_048,1.25,12
2025-07-19 21:32:44,STORE_009,Harare_Southerton,Wholegrain Brown,146,RT_029,1.34,146
2025-07-21 02:25:13,STORE_078,Bindura_Depot,Buns 6-Pack,26,RT_030,1.25,26
2025-01-16 11:50:18,STORE_049,Harare_Southerton,Wholegrain Brown,31,RT_013,1.45,31
2025-03-01 13:59:44,STORE_107,Harare_Willowvale,Wholegrain Brown,242,RT_022,1.4,242
2025-01-14 09:22:08,STORE_075,Bulawayo_Branch,Whole Wheat,157,RT_019,1.44,157
2025-05-06 17:19:26,STORE_032,Kwekwe_Depot,Soft White,238,RT_033,1.26,238
2025-07-16 11:57:07,STORE_014,Mutare_Branch,Whole Wheat,318,RT_019,1.47,318
2025-06-14 13:58:06,STORE_092,Bulawayo_Branch,Whole Wheat,247,RT_016,1.47,247
2025-02-24 13:33:06,STORE_037,Kwekwe_Depot,Wholegrain Brown,247,RT_027,1.55,247
2025-07-27 22:01:43,STORE_133,Marondera_Depot,Wholegrain Brown,247,RT_021,1.49,247
2025-01-01 07:21:45,STORE_002,Kwekwe_Depot,High Energy White,303,RT_013,1.49,303
2025-03-12 22:37:19,STORE_009,Masvingo_Branch,Wholegrain Brown,256,RT_030,1.52,256
2025-04-06 08:22:32,STORE_010,Marondera_Depot,Wholegrain Brown,159,RT_028,1.45,159
2025-06-14 07:03:18,STORE_072,Gweru_Branch,High Energy Brown,4,RT_002,1.37,4
2025-06-30 08:59:53,STORE_055,Marondera_Depot,Seed Loaf,96,RT_031,1.62,96
2025-03-12 00:00:00,STORE_082,Chitungwiza_Depot,Wholegrain Brown,263,RT_024,1.45,263
2025-04-23 13:18:20,STORE_106,Bindura_Depot,Family Loaf,253,RT_043,2.39,253
2025-01-12 01:03:03,STORE_063,Chitungwiza_Depot,Wholegrain Brown,183,RT_034,1.52,183
2025-01-16 14:13:23,STORE_073,Bulawayo_Branch,High Energy Brown,161,RT_006,1.35,161
2025-05-20 03:50:50,STORE_106,Gweru_Branch,Family Loaf,65,RT_031,2.21,65
2025-07-03 10:57:33,STORE_086,Masvingo_Branch,Mini Rolls 6-Pack,221,RT_041,1.05,221
2025-06-22 16:53:15,STORE_025,Gweru_Branch,High Energy White,77,,1.33,77
2025-02-27 13:24:24,STORE_138,Marondera_Depot,Buns 6-Pack,8,RT_009,1.25,8
2025-07-17 23:08:52,STORE_138,Chitungwiza_Depot,Soft White,152,RT_026,1.34,152
2025-01-02 21:32:24,STORE_012,Mutare_Branch,Family Loaf,77,RT_029,2.36,77
2025-04-27 07:01:38,STORE_063,Harare_Willowvale,Soft White,238,RT_001,1.19,238
2025-01-31 00:14:19,STORE_116,Bulawayo_Branch,Buns 6-Pack,281,RT_039,1.28,281
2025-03-03 23:19:02,STORE_115,Harare_Willowvale,High Energy Brown,247,RT_045,1.48,247
2025-02-17 03:04:49,STORE_057,Kwekwe_Depot,Wholegrain Brown,227,RT_011,1.54,227
2025-07-30 00:35:22,STORE_050,Kwekwe_Depot,High Energy Brown,76,RT_033,1.36,76
2025-03-19 12:09:39,STORE_066,Kwekwe_Depot,High Energy Brown,99,RT_037,1.36,99
2025-02-12 12:04:37,STORE_090,Gweru_Branch,Buns 6-Pack,316,RT_025,1.28,316
2025-07-27 08:43:00,STORE_096,Bulawayo_Branch,Family Loaf,14,RT_048,2.2,14
2025-05-20 13:11:56,STORE_102,Harare_Willowvale,Buns 6-Pack,129,RT_014,1.23,129
2025-02-26 04:00:58,STORE_116,Harare_Southerton,Soft White,12,RT_035,1.26,12
2025-02-24 12:37:55,STORE_065,Kwekwe_Depot,Seed Loaf,38,RT_040,1.47,38
2025-02-10 09:35:13,STORE_088,Kwekwe_Depot,Mini Rolls 6-Pack,241,RT_045,1.02,241
2025-01-11 08:05:50,STORE_015,Harare_Southerton,Wholegrain Brown,185,RT_002,1.52,185
2025-01-09 21:36:16,STORE_109,Mutare_Branch,Buns 6-Pack,201,RT_039,1.12,201
2025-03-18 02:50:51,STORE_021,Bindura_Depot,Soft White,271,RT_026,1.16,271
2025-06-04 03:21:21,STORE_098,Mutare_Branch,Wholegrain Brown,260,RT_040,1.46,260
2025-05-01 17:51:31,STORE_109,Kwekwe_Depot,Family Loaf,108,RT_049,2.33,108
2025-01-22 11:16:11,STORE_019,Bulawayo_Branch,Buns 6-Pack,298,RT_035,1.0,298
2025-03-12 15:58:45,STORE_066,Marondera_Depot,Whole Wheat,6,RT_011,1.55,6
2025-04-10 21:02:28,STORE_006,Bulawayo_Branch,Seed Loaf,10,RT_006,1.47,10
2025-05-19 23:17:15,STORE_003,Bindura_Depot,Buns 6-Pack,137,RT_027,1.11,137
2025-03-13 09:03:14,STORE_109,Kwekwe_Depot,Wholegrain Brown,40,RT_030,1.48,40
2025-01-21 16:20:52,STORE_115,Mutare_Branch,High Energy White,154,RT_013,1.42,154
2025-01-01 18:47:41,STORE_136,Harare_Willowvale,Family Loaf,173,RT_019,2.3,173
2025-03-23 16:59:19,STORE_054,Chitungwiza_Depot,Buns 6-Pack,60,RT_029,1.2,60
2025-01-22 08:14:00,STORE_032,Bulawayo_Branch,Family Loaf,45,RT_021,2.2,45
2025-03-17 09:22:46,STORE_030,Chitungwiza_Depot,Mini Rolls 6-Pack,302,RT_021,1.11,302
2025-01-22 04:12:33,STORE_002,Gweru_Branch,Wholegrain Brown,85,RT_039,1.32,85
2025-05-14 21:44:31,STORE_012,Bulawayo_Branch,Seed Loaf,137,RT_018,1.53,137
2025-04-11 17:50:25,STORE_038,Harare_Southerton,High Energy White,168,RT_006,1.39,168
2025-07-13 13:14:11,STORE_107,Masvingo_Branch,Mini Rolls 6-Pack,285,RT_015,1.07,285
2025-01-13 01:19:26,STORE_098,Harare_Southerton,Seed Loaf,221,RT_041,1.4,221
2025-05-05 10:35:36,STORE_049,Mutare_Branch,Seed Loaf,133,RT_023,1.51,133
2025-05-02 20:34:58,STORE_136,Marondera_Depot,Family Loaf,44,RT_029,2.19,44
2025-02-19 02:09:21,STORE_095,Bindura_Depot,High Energy White,481,,1.39,481
2025-06-19 04:09:15,STORE_019,Harare_Willowvale,High Energy White,92,RT_002,1.26,92
2025-01-01 10:00:51,STORE_113,Harare_Southerton,Family Loaf,305,RT_004,2.31,305
2025-02-02 06:04:15,STORE_052,Harare_Southerton,Whole Wheat,225,RT_007,1.41,225
2025-01-28 08:20:54,STORE_014,Bindura_Depot,Mini Rolls 6-Pack,269,RT_003,1.05,269
2025-03-02 00:22:36,STORE_048,Kwekwe_Depot,Buns 6-Pack,103,RT_022,1.07,103
2025-03-19 17:05:01,STORE_100,Chitungwiza_Depot,SoapBar,169,RT_005,1.61,169
2025-02-06 04:49:08,STORE_010,Harare_Willowvale,Soft White,90,RT_037,1.1,90
2025-01-02 01:40:47,STORE_037,Kwekwe_Depot,Seed Loaf,160,RT_012,1.51,160
2025-07-29 09:50:39,STORE_048,Harare_Willowvale,Seed Loaf,34,RT_046,1.52,34
2025-05-23 19:46:30,STORE_050,Marondera_Depot,Seed Loaf,87,RT_018,1.68,87
2025-01-17 10:25:20,STORE_078,Harare_Willowvale,Wholegrain Brown,161,RT_027,1.33,161
2025-04-24 04:25:10,STORE_127,Masvingo_Branch,Buns 6-Pack,110,RT_049,1.26,110
2025-05-13 05:24:01,STORE_043,Harare_Willowvale,Mini Rolls 6-Pack,169,RT_018,1.09,169
2025-03-02 16:36:02,STORE_028,Chitungwiza_Depot,Wholegrain Brown,133,RT_044,1.36,133
2025-02-24 00:51:50,STORE_117,Gweru_Branch,Seed Loaf,266,RT_006,1.51,266
2025-04-25 12:10:27,STORE_081,Masvingo_Branch,High Energy White,310,RT_029,1.44,310
2025-04-13 07:14:49,STORE_085,Chitungwiza_Depot,Soft White,175,RT_011,1.18,175
2025-05-23 02:19:45,STORE_098,Harare_Southerton,High Energy Brown,221,RT_028,1.45,221
2025-03-16 01:13:06,STORE_115,Marondera_Depot,Family Loaf,31,RT_021,2.11,31
2025-05-29 02:42:43,STORE_109,Masvingo_Branch,Soft White,232,RT_040,1.18,232
2025-07-26 13:27:22,STORE_017,Bulawayo_Branch,Mini Rolls 6-Pack,34,RT_004,0.94,34
2025-01-15 16:07:13,STORE_097,Masvingo_Branch,Whole Wheat,271,RT_004,1.64,271
2025-05-06 21:46:47,STORE_091,Harare_Southerton,Soft White,186,RT_047,1.22,186
2025-07-26 08:27:24,STORE_042,Harare_Willowvale,Whole grain Brown,246,RT_010,1.6,246
2025-07-23 06:36:42,STORE_029,Bindura_Depot,Whole Wheat,25,RT_039,1.65,25
2025-03-16 12:40:01,STORE_130,Harare_Willowvale,Seed Loaf,86,RT_021,1.68,86
2025-06-08 18:11:20,STORE_084,Kwekwe_Depot,Buns 6-Pack,166,RT_038,1.0,166
2025-03-17 11:34:49,STORE_079,Masvingo_Branch,High Energy White,97,RT_005,1.45,97
2025-06-26 08:49:12,STORE_026,Harare_Willowvale,Seed Loaf,282,RT_011,1.55,282
2025-07-14 16:26:41,STORE_130,Masvingo_Branch,High Energy White,61,RT_033,1.31,61
2025-03-21 00:28:19,STORE_055,Bindura_Depot,High Energy White,59,RT_022,1.34,59
2025-03-25 02:28:16,STORE_010,Bindura_Depot,Whole Wheat,251,RT_017,1.47,251
2025-04-25 08:10:32,STORE_003,Bulawayo_Branch,Soft White,38,RT_011,1.15,38
2025-05-16 13:36:01,STORE_006,Harare_Southerton,Wholegrain Brown,259,RT_004,1.45,259
2025-06-11 14:04:36,STORE_015,Gweru_Branch,Buns 6-Pack,34,RT_045,1.04,34
2025-07-02 18:57:04,STORE_095,Chitungwiza_Depot,Soft White,102,RT_020,1.36,102
2025-06-11 05:00:40,STORE_070,Harare_Southerton,Buns 6-Pack,187,RT_035,1.04,187
2025-07-28 12:01:49,STORE_030,Harare_Southerton,Family Loaf,48,RT_047,2.38,48
2025-01-08 22:00:29,STORE_111,Chitungwiza_Depot,Mini Rolls 6-Pack,136,RT_023,1.16,136
2025-06-12 12:29:29,STORE_078,Harare_Willowvale,Whole Wheat,211,RT_042,1.61,211
2025-06-06 13:31:29,STORE_077,Kwekwe_Depot,Family Loaf,242,RT_042,2.34,242
2025-03-07 14:08:32,STORE_042,Chitungwiza_Depot,High Energy White,177,RT_020,1.32,177
2025-02-12 23:52:59,STORE_048,Bindura_Depot,High Energy White,22,RT_028,1.34,22
2025-01-03 11:03:48,STORE_074,Bindura_Depot,High Energy White,139,RT_012,1.4,139
2025-04-24 08:20:27,STORE_086,Kwekwe_Depot,Wholegrain Brown,43,RT_043,1.54,43
2025-02-05 05:40:10,STORE_044,Bulawayo_Branch,High Energy Brown,79,RT_025,1.29,79
2025-01-19 09:10:53,STORE_111,Masvingo_Branch,Wholegrain Brown,107,RT_010,1.35,107
2025-02-28 22:39:52,STORE_013,Chitungwiza_Depot,Wholegrain Brown,137,RT_038,1.37,137
2025-06-25 03:17:44,STORE_033,Masvingo_Branch,Family Loaf,28,RT_047,2.3,28
2025-01-09 19:49:17,STORE_019,Bindura_Depot,Wholegrain Brown,256,RT_049,1.4,256
2025-07-01 12:56:48,STORE_088,Kwekwe_Depot,Wholegrain Brown,26,RT_020,1.51,26
2025-06-21 01:04:09,STORE_132,Bindura_Depot,Family Loaf,8,RT_044,2.3,8
2025-02-15 00:42:29,STORE_017,Masvingo_Branch,SeedLoaf,92,RT_016,1.58,92
2025-03-01 11:13:17,STORE_127,Harare_Willowvale,Wholegrain Brown,58,RT_025,1.55,58
2025-02-18 14:17:05,STORE_024,Kwekwe_Depot,Soft White,92,RT_022,1.36,92
2025-07-10 06:35:51,STORE_128,Marondera_Depot,Buns 6-Pack,8,RT_018,1.05,8
2025-01-09 15:21:10,STORE_110,Harare_Southerton,Buns 6-Pack,107,RT_033,1.15,107
2025-06-20 03:35:39,STORE_139,Bindura_Depot,Mini Rolls 6-Pack,159,RT_037,1.07,159
2025-01-14 19:35:28,STORE_060,Kwekwe_Depot,Soft White,28,RT_010,1.28,28
2025-07-11 08:20:46,STORE_016,Gweru_Branch,Buns 6-Pack,305,RT_035,1.23,305
2025-03-03 07:24:43,STORE_093,Masvingo_Branch,Whole Wheat,29,RT_023,1.54,29
2025-02-03 18:43:54,STORE_003,Bindura_Depot,Soft White,155,RT_020,1.15,155
2025-05-30 02:49:49,STORE_041,Bulawayo_Branch,High Energy Brown,248,RT_045,1.43,248
2025-01-02 02:28:07,STORE_044,Masvingo_Branch,Wholegrain Brown,272,RT_017,1.38,272
2025-05-03 15:11:51,STORE_111,Bulawayo_Branch,High Energy White,164,RT_025,1.48,164
2025-03-24 10:16:22,STORE_050,Bindura_Depot,Soft White,181,RT_012,1.4,181
2025-01-06 19:12:37,STORE_050,Chitungwiza_Depot,Buns 6-Pack,318,RT_020,,318
2025-01-20 07:09:09,STORE_116,Chitungwiza_Depot,Whole Wheat,317,RT_001,1.62,317
2025-07-10 04:25:28,STORE_012,Bulawayo_Branch,High Energy Brown,108,RT_028,1.27,108
2025-02-03 15:21:32,STORE_036,Harare_Willowvale,Whole Wheat,103,RT_016,1.61,103
2025-01-15 18:03:54,STORE_038,Bindura_Depot,Family Loaf,186,RT_014,2.38,186
2025-04-29 02:49:28,STORE_003,Harare_Southerton,High Energy Brown,62,RT_037,1.28,62
2025-03-01 01:39:15,STORE_115,Mutare_Branch,Seed Loaf,26,RT_028,1.42,26
2025-07-01 04:58:14,STORE_044,Harare_Southerton,High Energy White,67,RT_012,1.39,67
2025-03-19 01:29:47,STORE_068,Bindura_Depot,High Energy Brown,137,RT_015,1.23,137
2025-02-07 21:18:43,STORE_091,Masvingo_Branch,Whole Wheat,104,RT_027,1.56,104
2025-04-30 14:17:10,STORE_068,,High Energy White,182,RT_048,1.28,182
2025-02-25 06:46:55,STORE_012,Marondera_Depot,Family Loaf,217,RT_013,2.29,217
2025-04-11 10:08:34,STORE_076,Masvingo_Branch,Mini Rolls 6-Pack,123,RT_040,1.17,123
2025-06-20 08:50:31,STORE_089,Harare_Willowvale,High Energy Brown,190,RT_024,1.37,190
2025-07-14 21:21:20,STORE_125,Chitungwiza_Depot,Whole Wheat,220,RT_043,1.61,220
2025-01-29 06:55:49,STORE_019,Masvingo_Branch,Soft White,183,RT_002,1.31,183
2025-02-02 07:40:27,STORE_123,Gweru_Branch,Soft White,99,RT_035,1.4,99
2025-07-02 01:44:31,STORE_073,Bindura_Depot,Soft White,210,RT_015,1.12,210
2025-03-16 02:53:23,STORE_050,Masvingo_Branch,High Energy Brown,17,RT_006,1.32,17
2025-06-02 02:51:37,STORE_086,Gweru_Branch,Wholegrain Brown,159,RT_026,1.5,159
2025-07-18 19:44:43,STORE_017,Mutare_Branch,Wholegrain Brown,279,RT_001,1.32,279
2025-06-13 21:45:20,STORE_133,Chitungwiza_Depot,Soft White,37,RT_001,1.34,37
2025-02-17 21:52:04,STORE_084,Bindura_Depot,Soft White,223,RT_024,1.26,223
2025-03-16 16:03:26,STORE_032,Mutare_Branch,Mini Rolls 6-Pack,214,RT_020,1.17,214
2025-02-12 23:52:35,STORE_129,Mutare_Branch,Wholegrain Brown,217,RT_036,1.43,217
2025-01-11 11:16:40,STORE_136,Kwekwe_Depot,Buns 6-Pack,95,RT_003,1.2,95
2025-05-07 23:26:01,STORE_027,Bindura_Depot,Family Loaf,43,RT_044,2.15,43
2025-03-31 03:15:49,STORE_085,Bindura_Depot,Seed Loaf,185,RT_041,1.53,185
2025-05-03 19:05:51,STORE_043,Marondera_Depot,High Energy White,267,RT_028,1.28,267
2025-06-05 18:13:58,STORE_052,Mutare_Branch,Whole Wheat,47,RT_008,1.41,47
2025-03-15 13:23:41,STORE_128,,Wholegrain Brown,316,RT_024,1.52,316
2025-03-17 00:18:13,STORE_075,Kwekwe_Depot,Wholegrain Brown,190,RT_027,1.32,190
2025-05-11 09:32:34,STORE_022,Chitungwiza_Depot,Wholegrain Brown,122,RT_005,1.47,122
2025-01-29 10:14:30,STORE_027,Bulawayo_Branch,Soft White,163,RT_039,1.24,163
2025-06-17 03:30:44,STORE_133,Harare_Southerton,Buns 6-Pack,201,RT_012,1.06,201
2025-05-22 15:52:07,STORE_035,Kwekwe_Depot,High Energy Brown,43,RT_041,1.48,43
2025-03-30 07:11:40,STORE_122,Gweru_Branch,High Energy Brown,228,RT_043,1.29,228
2025-02-02 19:05:52,STORE_055,Bindura_Depot,Whole Wheat,65,RT_049,1.54,65
2025-04-21 04:15:08,STORE_067,Harare_Willowvale,Soft White,278,RT_004,1.13,278
2025-01-03 19:42:41,STORE_091,Gweru_Branch,Wholegrain Brown,110,RT_043,1.4,110
2025-05-17 08:13:46,STORE_004,Mutare_Branch,Soft White,151,RT_024,1.13,151
2025-07-21 19:48:37,STORE_126,Chitungwiza_Depot,Soft White,287,RT_024,,287
2025-01-08 16:17:11,STORE_030,Masvingo_Branch,Seed Loaf,90,RT_038,1.4,90
2025-03-22 03:51:17,STORE_065,Marondera_Depot,Seed Loaf,243,RT_026,1.62,243
2025-04-28 08:46:20,STORE_017,Mutare_Branch,Mini Rolls 6-Pack,44,RT_007,1.04,44
2025-03-03 23:53:50,STORE_010,Chitungwiza_Depot,High Energy White,121,RT_020,1.32,121
2025-01-11 04:56:49,STORE_094,Harare_Southerton,Seed Loaf,131,RT_026,1.44,131
2025-01-23 05:33:51,STORE_129,Kwekwe_Depot,High Energy Brwn,64,RT_039,,64
2025-03-29 16:54:36,STORE_117,Harare_Willowvale,Whole Wheat,94,RT_048,1.37,94
2025-02-21 04:32:27,STORE_001,Marondera_Depot,Buns 6-Pack,315,RT_029,1.16,315
2025-01-25 14:33:48,STORE_008,Kwekwe_Depot,High Energy Brown,141,RT_018,1.38,141
2025-03-27 09:58:53,STORE_036,Masvingo_Branch,Buns 6-Pack,249,RT_028,1.12,249
2025-06-16 16:19:21,STORE_122,Harare_Willowvale,Family Loaf,112,RT_002,2.2,112
2025-05-29 04:45:49,STORE_132,Marondera_Depot,Soft White,125,RT_037,1.26,125
2025-04-06 19:07:49,STORE_036,Chitungwiza_Depot,Seed Loaf,215,RT_014,1.59,215
2025-02-16 17:04:11,STORE_048,Harare_Southerton,High Energy Brown,176,RT_009,1.2,176
2025-04-21 20:44:32,STORE_042,Chitungwiza_Depot,Whole Wheat,47,RT_005,1.43,47
2025-03-17 21:06:08,STORE_081,Chitungwiza_Depot,Family Loaf,179,RT_025,2.18,179
2025-03-15 10:24:21,STORE_077,Harare_Willowvale,Buns 6-Pack,14,RT_029,1.17,14
2025-05-30 12:42:22,STORE_035,Harare_Southerton,Buns 6-Pack,268,RT_027,1.07,268
2025-06-21 05:22:32,STORE_059,Bindura_Depot,Buns 6-Pack,314,RT_001,1.18,314
2025-01-15 05:20:07,STORE_112,Bindura_Depot,Wholegrain Brown,73,RT_030,1.46,73
2025-02-15 10:21:40,STORE_001,Kwekwe_Depot,Wholegrain Brown,43,RT_024,1.56,43
2025-05-19 00:01:14,STORE_083,Marondera_Depot,High Energy Brown,261,RT_017,1.35,261
2025-03-18 14:57:21,STORE_077,Gweru_Branch,Mini Rolls 6-Pack,206,RT_007,1.07,206
2025-06-30 17:23:34,STORE_096,Masvingo_Branch,High Energy Brown,54,RT_038,1.5,54
2025-06-04 14:45:29,STORE_076,Bulawayo_Branch,High Energy Brown,185,RT_047,1.28,185
2025-04-10 07:00:45,STORE_101,Kwekwe_Depot,High Energy Brown,191,RT_043,1.25,191
2025-05-12 04:17:55,STORE_063,Marondera_Depot,Mini Rolls 6-Pack,185,RT_040,1.09,185
2025-06-16 11:23:25,STORE_102,Marondera_Depot,High Energy Brown,117,RT_012,1.38,117
2025-04-26 11:31:06,STORE_109,Harare_Southerton,High Energy Brown,185,RT_023,1.31,185
2025-01-24 10:05:53,STORE_119,Gweru_Branch,Soft White,136,RT_002,1.35,136
2025-06-11 23:15:32,STORE_074,Gweru_Branch,High Energy Brown,44,RT_010,1.5,44
2025-04-13 08:55:05,STORE_127,Chitungwiza_Depot,Family Loaf,281,RT_017,2.21,281
2025-01-20 08:56:23,STORE_133,Masvingo_Branch,Whole Wheat,314,RT_022,1.58,314
2025-05-08 06:04:31,STORE_010,Marondera_Depot,Whole Wheat,294,RT_023,1.59,294
2025-03-03 17:21:29,STORE_120,Masvingo_Branch,Wholegrain Brown,90,RT_012,1.45,90
2025-02-13 13:34:00,STORE_067,Masvingo_Branch,Soft White,87,RT_032,1.32,87
2025-02-17 02:36:01,STORE_008,Harare_Willowvale,Buns 6-Pack,190,RT_028,1.26,190
2025-05-07 14:33:34,STORE_067,Marondera_Depot,Mini Rolls 6-Pack,189,RT_030,,189
2025-05-05 23:43:40,STORE_016,Bulawayo_Branch,Family Loaf,226,RT_007,2.39,226
2025-03-17 18:56:56,STORE_037,Masvingo_Branch,Family Loaf,315,RT_005,2.36,315
2025-01-28 13:56:02,STORE_005,Marondera_Depot,Soft White,191,RT_042,1.34,191
2025-03-22 04:37:35,STORE_019,Bindura_Depot,Seed Loaf,163,RT_022,1.63,163
2025-02-17 19:46:20,STORE_091,Harare_Willowvale,Mini Rolls 6-Pack,99,RT_010,0.94,99
2025-03-16 21:52:25,STORE_009,Harare_Willowvale,Mini Rolls 6-Pack,164,RT_017,1.02,164
2025-01-28 23:26:49,STORE_059,Bulawayo_Branch,Seed Loaf,289,RT_014,1.65,289
2025-04-11 04:35:21,STORE_071,Bindura_Depot,Family Loaf,150,RT_001,2.18,150
2025-07-01 06:14:38,STORE_057,Gweru_Branch,Soft White,257,RT_024,1.3,257
2025-04-15 11:28:16,STORE_002,Bulawayo_Branch,Seed Loaf,266,RT_042,1.52,266
2025-05-26 01:05:23,STORE_007,Bulawayo_Branch,Soft White,221,RT_033,1.21,221
2025-07-27 16:24:46,STORE_058,Bindura_Depot,High Energy Brown,4,RT_042,1.32,4
2025-05-22 00:07:06,STORE_026,Chitungwiza_Depot,High Energy Brown,52,RT_032,1.43,52
2025-02-10 08:17:42,STORE_078,Gweru_Branch,Whole Wheat,161,RT_043,1.53,161
2025-05-12 22:12:46,STORE_121,Masvingo_Branch,High Energy Brown,15,RT_024,1.24,15
2025-05-23 07:02:01,STORE_073,Gweru_Branch,High Energy Brown,166,RT_048,1.3,166
2025-01-16 04:39:03,STORE_114,Bulawayo_Branch,High Energy Brown,135,RT_016,1.28,135
2025-03-26 17:38:25,STORE_010,Harare_Southerton,Soft White,233,RT_019,1.37,233
2025-07-27 09:29:42,STORE_130,Marondera_Depot,Mini Rolls 6-Pack,68,RT_010,0.98,68
2025-02-04 05:57:14,STORE_090,Harare_Willowvale,Soft White,189,RT_033,1.15,189
2025-06-17 22:49:56,STORE_103,Gweru_Branch,Milk1L,288,RT_027,1.08,288
2025-01-11 04:07:15,STORE_042,Masvingo_Branch,High Energy White,210,RT_032,1.34,210
2025-01-13 05:00:53,STORE_139,Chitungwiza_Depot,High Energy Brown,184,RT_012,1.34,184
2025-03-15 08:05:56,STORE_112,Kwekwe_Depot,Mini Rolls 6-Pack,45,RT_015,0.96,45
2025-02-24 06:21:22,STORE_032,Bindura_Depot,Mini Rolls 6-Pack,289,RT_024,1.13,289
2025-03-21 05:58:49,STORE_040,Harare_Southerton,Whole Wheat,302,RT_039,1.36,302
2025-06-25 15:37:39,STORE_022,Bindura_Depot,Wholegrain Brown,36,RT_041,1.34,36
2025-06-08 23:17:01,STORE_110,Mutare_Branch,High Energy White,311,RT_013,1.39,311
2025-07-14 23:16:04,STORE_016,Kwekwe_Depot,Family Loaf,217,RT_004,2.27,217
2025-03-08 06:54:48,STORE_139,Bindura_Depot,Wholegrain Brown,171,RT_046,1.48,171
2025-06-16 02:39:57,STORE_084,Chitungwiza_Depot,Mini Rolls 6-Pack,153,RT_001,0.97,153
2025-04-14 17:07:00,STORE_124,Bindura_Depot,Buns 6-Pack,61,RT_016,1.14,61
2025-04-29 01:36:23,STORE_064,Harare_Southerton,Seed Loaf,190,RT_037,1.44,190
2025-05-15 07:50:55,STORE_035,Bindura_Depot,High Energy Brown,42,RT_041,1.21,42
2025-07-06 16:58:54,STORE_099,Harare_Southerton,Family Loaf,180,RT_012,2.13,180
2025-04-30 02:12:34,STORE_112,Gweru_Branch,Coke500ml,92,RT_033,1.25,92
2025-01-08 19:14:35,STORE_066,Gweru_Branch,Wholegrain Brown,61,RT_023,1.32,61
2025-01-16 04:04:06,STORE_037,Harare_Southerton,Mini Rolls 6-Pack,20,RT_030,1.05,20
2025-02-16 11:52:16,STORE_080,Harare_Willowvale,Buns 6-Pack,85,RT_030,1.1,85
2025-01-18 20:29:09,STORE_068,Mutare_Branch,High Energy Brown,59,RT_018,1.45,59
2025-03-04 17:53:31,STORE_117,Bindura_Depot,Soft White,132,RT_044,1.26,132
2025-03-20 00:00:00,STORE_107,Kwekwe_Depot,Mini Rolls 6-Pack,283,RT_046,1.12,283
2025-06-26 12:17:13,STORE_136,Marondera_Depot,Whole Wheat,186,RT_022,1.45,186
2025-02-13 10:34:41,STORE_028,Mutare_Branch,Family Loaf,265,RT_017,2.16,265
2025-05-08 20:50:53,STORE_109,Mutare_Branch,Soft White,200,RT_049,1.2,200
2025-01-25 04:48:43,STORE_125,Harare_Southerton,Family Loaf,74,RT_033,2.34,74
2025-05-08 14:31:03,STORE_029,Chitungwiza_Depot,Seed Loaf,71,RT_007,1.59,71
2025-04-25 20:58:47,STORE_039,Gweru_Branch,Family Loaf,178,RT_028,2.28,178
2025-02-16 23:11:33,STORE_029,Marondera_Depot,Family Loaf,275,RT_017,2.14,275
2025-05-30 04:07:17,STORE_007,Chitungwiza_Depot,High Energy White,11,RT_027,1.34,11
2025-01-02 17:50:53,STORE_038,Harare_Southerton,Mini Rolls 6-Pack,149,RT_049,0.99,149
2025-01-15 14:45:52,STORE_091,Chitungwiza_Depot,Wholegrain Brown,190,RT_042,1.46,190
2025-04-26 15:53:20,STORE_041,Bulawayo_Branch,Buns 6-Pack,229,RT_028,1.01,229
2025-04-11 08:27:21,STORE_023,Chitungwiza_Depot,High Energy White,95,RT_001,1.2,95
2025-04-24 19:04:36,STORE_057,Bindura_Depot,Soft White,318,RT_019,1.12,318
2025-04-09 19:39:28,STORE_035,Bindura_Depot,Whole Wheat,215,RT_038,1.42,215
2025-04-12 17:36:24,STORE_093,Harare_Willowvale,Seed Loaf,195,RT_007,1.45,195
2025-07-12 04:29:13,STORE_043,Chitungwiza_Depot,High Energy Brown,116,RT_020,1.36,116
2025-07-16 13:59:56,STORE_136,Harare_Willowvale,Seed Loaf,50,RT_042,1.64,50
2025-05-02 09:58:02,STORE_103,Masvingo_Branch,Soft White,227,RT_028,,227
2025-04-10 16:28:48,STORE_136,Gweru_Branch,Seed Loaf,163,RT_037,1.44,163
2025-03-21 00:06:57,STORE_127,Bindura_Depot,Family Loaf,307,RT_027,,307
2025-03-31 19:33:24,STORE_049,Harare_Southerton,Soft White,152,RT_041,1.22,152
2025-02-21 22:20:56,STORE_060,Gweru_Branch,Coke500ml,32,RT_034,1.19,32
2025-01-03 15:01:24,STORE_016,Harare_Willowvale,Buns 6-Pack,271,RT_034,1.03,271
2025-03-20 00:00:00,STORE_094,Marondera_Depot,Seed Loaf,224,RT_009,1.48,224
2025-06-28 09:13:04,STORE_049,Harare_Southerton,Whole Wheat,280,RT_014,1.55,280
2025-04-22 21:29:48,STORE_139,Kwekwe_Depot,Mini Rolls 6-Pack,31,RT_016,1.15,31
2025-07-02 21:16:26,STORE_077,Mutare_Branch,Mini Rolls 6-Pack,219,RT_047,0.93,219
2025-01-21 10:56:53,STORE_113,Bulawayo_Branch,High Energy Brown,34,RT_034,1.49,34
2025-02-04 11:01:39,STORE_084,Mutare_Branch,Family Loaf,61,RT_022,2.29,61
2025-06-30 22:18:35,STORE_029,Masvingo_Branch,Soft White,274,RT_020,1.39,274
2025-03-15 09:31:17,STORE_113,Masvingo_Branch,Wholegrain Brown,38,RT_021,1.34,38
2025-02-01 10:06:06,STORE_128,Kwekwe_Depot,Wholegrain Brown,217,RT_027,1.37,217
2025-06-16 00:05:26,STORE_036,Marondera_Depot,Family Loaf,173,RT_045,2.17,173
2025-07-06 04:59:43,STORE_045,Masvingo_Branch,Family Loaf,31,RT_044,2.38,31
2025-02-05 01:55:48,STORE_129,Bulawayo_Branch,Family Loaf,296,RT_004,2.23,296
2025-05-30 07:51:05,STORE_035,Kwekwe_Depot,Wholegrain Brown,161,RT_024,1.38,161
2025-03-26 06:14:14,STORE_079,Bindura_Depot,Wholegrain Brown,214,RT_002,1.53,214
2025-03-02 15:53:38,STORE_131,Kwekwe_Depot,Whole Wheat,34,RT_022,1.56,34
2025-06-26 19:19:47,STORE_036,Bindura_Depot,Whole Wheat,291,RT_022,1.38,291
2025-05-09 08:10:38,STORE_002,Harare_Southerton,Seed Loaf,44,RT_030,1.5,44
2025-03-05 03:32:25,STORE_009,Masvingo_Branch,Family Loaf,29,RT_043,2.33,29
2025-07-07 18:34:54,STORE_108,,Soft White,316,RT_027,1.28,316
2025-03-26 07:43:07,STORE_076,Gweru_Branch,Mini Rolls 6-Pack,244,RT_042,1.14,244
2025-07-04 01:26:46,STORE_041,Harare_Southerton,Wholegrain Brown,253,RT_026,1.32,253
2025-05-27 14:42:50,STORE_118,Mutare_Branch,Whole Wheat,44,RT_037,1.37,44
2025-07-23 20:56:49,STORE_043,Bulawayo_Branch,High Energy Brown,119,RT_035,1.28,119
2025-01-03 17:47:04,STORE_010,Chitungwiza_Depot,Soft White,311,RT_029,1.39,311
2025-02-21 03:02:07,STORE_132,Gweru_Branch,Wholegrain Brown,7,RT_009,1.44,7
2025-01-06 10:02:43,STORE_126,Mutare_Branch,Buns 6-Pack,280,RT_014,1.07,280
2025-02-07 09:56:07,STORE_012,Chitungwiza_Depot,Family Loaf,274,RT_025,2.27,274
2025-06-18 01:50:16,STORE_018,Bulawayo_Branch,High Energy Brown,98,RT_046,1.35,98
2025-01-18 01:15:00,STORE_011,Bindura_Depot,High Energy White,78,RT_012,1.5,78
2025-07-28 10:56:43,STORE_100,Kwekwe_Depot,Soft White,173,RT_042,1.11,173
2025-07-01 10:02:09,STORE_135,Kwekwe_Depot,High Energy Brown,270,RT_026,1.27,270
2025-05-29 02:25:08,STORE_111,Chitungwiza_Depot,Wholegrain Brown,127,RT_012,1.58,127
2025-07-06 11:50:52,STORE_040,Harare_Willowvale,Family Loaf,19,RT_046,2.31,19
2025-02-21 11:23:54,STORE_068,Gweru_Branch,High Energy White,259,RT_047,1.43,259
2025-02-09 14:18:23,STORE_092,Bulawayo_Branch,Soft White,30,RT_048,1.21,30
2025-07-14 05:13:32,STORE_124,Gweru_Branch,High Energy Brown,21,RT_034,1.26,21
2025-06-07 19:23:06,STORE_097,Harare_Southerton,Family Loaf,116,RT_002,2.2,116
2025-05-07 04:48:19,STORE_112,Bindura_Depot,Soft White,311,RT_008,1.34,311
2025-03-25 16:37:01,STORE_085,Masvingo_Branch,Whole Wheat,301,RT_029,1.47,301
2025-01-23 02:45:05,STORE_011,Harare_Southerton,Seed Loaf,72,RT_025,1.59,72
2025-01-04 14:48:19,STORE_087,Mutare_Branch,Buns 6-Pack,156,RT_040,1.17,156
2025-01-18 08:55:48,STORE_103,Gweru_Branch,High Energy Brown,118,RT_043,1.2,118
2025-01-11 15:43:58,STORE_135,Chitungwiza_Depot,High Energy White,114,RT_047,1.33,114
2025-05-03 07:55:15,STORE_058,Bulawayo_Branch,High Energy White,128,RT_045,1.49,128
2025-02-07 13:54:09,STORE_029,Chitungwiza_Depot,Wholegrain Brown,124,RT_021,1.42,124
2025-06-10 19:15:37,STORE_108,Chitungwiza_Depot,High Energy Brown,319,RT_011,1.4,319
2025-02-26 09:00:07,STORE_050,Chitungwiza_Depot,Mini Rolls 6-Pack,140,RT_020,0.99,140
2025-06-10 21:17:50,STORE_052,Harare_Southerton,Whole Wheat,95,RT_028,1.39,95
2025-06-26 14:37:07,STORE_027,Gweru_Branch,Buns 6-Pack,254,RT_003,1.23,254
2025-07-06 12:25:26,STORE_003,Harare_Willowvale,High Energy Brown,194,RT_023,1.45,194
2025-04-08 06:29:56,STORE_031,Masvingo_Branch,Soft White,124,RT_014,1.36,124
2025-02-24 02:03:44,STORE_131,Marondera_Depot,High Energy Brown,104,RT_008,1.41,104
2025-06-15 05:45:14,STORE_101,Gweru_Branch,Family Loaf,104,RT_045,2.21,104
2025-02-12 17:05:39,STORE_076,Gweru_Branch,Buns 6-Pack,223,RT_008,1.08,223
2025-03-24 14:29:00,STORE_086,Gweru_Branch,High Energy White,25,RT_021,1.33,25
2025-06-26 02:44:32,STORE_123,Bindura_Depot,High Energy White,263,RT_012,1.29,263
2025-01-03 12:10:51,STORE_029,Marondera_Depot,Family Loaf,285,RT_013,2.16,285
2025-05-02 03:13:10,STORE_060,Bulawayo_Branch,High Energy White,7,RT_014,1.27,7
2025-05-03 02:35:21,STORE_092,Masvingo_Branch,High Energy White,217,RT_028,1.45,217
2025-03-20 00:00:00,STORE_072,Mutare_Branch,High Energy Brown,14,RT_006,1.28,14
2025-07-06 09:51:30,STORE_129,Kwekwe_Depot,Soft White,193,RT_011,1.22,193
2025-05-15 20:21:59,STORE_006,Marondera_Depot,Seed Loaf,260,RT_033,1.52,260
2025-07-17 20:29:08,STORE_001,Masvingo_Branch,Whole Wheat,110,RT_007,1.45,110
2025-06-16 09:35:41,STORE_042,Harare_Southerton,Whole Wheat,38,RT_023,1.38,38
2025-06-01 01:08:33,STORE_061,Bindura_Depot,Seed Loaf,74,RT_033,1.52,74
2025-05-12 13:13:35,STORE_132,Bindura_Depot,Seed Loaf,81,RT_003,1.64,81
2025-03-24 12:35:44,STORE_006,Kwekwe_Depot,High Energy White,139,RT_008,1.47,139
,STORE_121,Chitungwiza_Depot,Family Loaf,231,RT_042,2.1,231
2025-05-09 11:01:57,STORE_044,Chitungwiza_Depot,Mini Rolls 6-Pack,282,RT_007,1.07,282
2025-07-26 07:31:34,STORE_099,Harare_Willowvale,Seed Loaf,242,RT_039,1.51,242
2025-04-19 18:10:16,STORE_121,Mutare_Branch,Seed Loaf,242,RT_035,1.62,242
2025-05-06 06:44:46,STORE_058,Mutare_Branch,High Energy Brown,145,RT_019,1.4,145
2025-02-17 06:16:12,STORE_044,Kwekwe_Depot,Seed Loaf,139,RT_010,1.51,139
2025-04-27 23:20:34,STORE_033,Chitungwiza_Depot,Family Loaf,119,RT_038,2.19,119
2025-05-07 01:01:17,STORE_042,Harare_Southerton,High Energy White,112,RT_048,1.43,112
2025-06-04 07:30:07,STORE_101,Bindura_Depot,Buns 6-Pack,157,RT_008,1.22,157
2025-05-27 00:10:13,STORE_104,Bindura_Depot,Family Loaf,123,RT_006,2.29,123
2025-01-22 14:11:41,STORE_101,Masvingo_Branch,HighEnergyBrown,264,RT_046,1.29,264
2025-01-28 01:32:57,STORE_044,Harare_Southerton,Buns 6-Pack,99,RT_048,1.07,99
2025-03-30 08:30:29,STORE_060,Masvingo_Branch,Soft White,309,RT_021,1.14,309
2025-04-18 12:08:13,STORE_120,Kwekwe_Depot,Seed Loaf,245,RT_007,1.56,245
2025-03-01 00:09:05,STORE_085,Mutare_Branch,Whole Wheat,95,RT_024,1.6,95
2025-03-05 21:44:12,STORE_061,Gweru_Branch,Mini Rolls 6-Pack,59,RT_037,1.19,59
2025-06-02 14:03:49,STORE_027,Chitungwiza_Depot,Soft White,85,RT_036,1.18,85
2025-07-10 15:42:39,STORE_100,Kwekwe_Depot,Seed Loaf,266,RT_026,1.61,266
2025-03-29 14:19:30,STORE_070,Marondera_Depot,Family Loaf,137,RT_046,2.27,137
2025-07-27 16:12:35,STORE_081,Harare_Willowvale,Buns 6-Pack,248,RT_043,1.16,248
2025-02-02 17:29:14,STORE_020,Chitungwiza_Depot,Soft White,241,RT_044,1.13,241
2025-03-30 14:33:48,STORE_028,Gweru_Branch,High Energy Brown,223,RT_005,1.35,223
2025-04-15 17:29:34,STORE_082,Harare_Southerton,Soft White,21,RT_046,1.2,21
2025-02-12 00:39:31,STORE_046,Gweru_Branch,Family Loaf,103,RT_021,2.13,103
2025-02-21 19:00:43,STORE_124,Masvingo_Branch,Wholegrain Brown,209,RT_048,1.42,209
2025-04-13 03:25:50,STORE_117,Masvingo_Branch,Wholegrain Brown,42,RT_015,1.53,42
2025-01-13 22:50:43,STORE_020,Masvingo_Branch,Mini Rolls 6-Pack,122,RT_041,1.1,122
2025-05-24 17:34:52,STORE_119,Harare_Southerton,Family Loaf,225,RT_025,2.15,225
2025-05-13 15:21:23,STORE_094,Bulawayo_Branch,High Energy Brown,214,RT_005,1.46,214
2025-05-28 18:51:36,STORE_072,Chitungwiza_Depot,Mini Rolls 6-Pack,60,RT_010,1.1,60
2025-03-12 09:25:50,STORE_039,Chitungwiza_Depot,Family Loaf,126,RT_013,2.33,126
2025-04-14 15:48:04,STORE_086,Kwekwe_Depot,Soft White,295,RT_018,1.39,295
2025-04-18 15:21:56,STORE_036,Bindura_Depot,High Energy Brown,143,RT_039,1.33,143
2025-04-05 01:32:05,STORE_020,Chitungwiza_Depot,Seed Loaf,206,RT_005,1.42,206
2025-02-19 08:53:50,STORE_087,Kwekwe_Depot,Mini Rolls 6-Pack,305,RT_023,1.15,305
2025-05-29 09:06:55,STORE_096,Mutare_Branch,Family Loaf,199,RT_037,2.38,199
2025-04-07 20:16:55,STORE_082,Bulawayo_Branch,Soft White,15,RT_016,1.25,15
2025-04-08 23:18:05,STORE_021,Marondera_Depot,Family Loaf,158,RT_037,2.22,158
2025-06-12 15:16:59,STORE_119,Bulawayo_Branch,High Energy Brown,162,RT_038,1.4,162
2025-01-08 05:35:13,STORE_059,Gweru_Branch,Soft White,264,RT_033,1.31,264
2025-03-22 08:54:35,STORE_046,Harare_Southerton,Buns 6-Pack,310,RT_029,1.15,310
2025-01-16 13:19:21,STORE_022,Gweru_Branch,Family Loaf,33,RT_004,2.31,33
2025-05-26 07:56:21,STORE_057,Bulawayo_Branch,Seed Loaf,44,RT_044,1.66,44
2025-07-30 02:27:03,STORE_093,Marondera_Depot,Seed Loaf,309,RT_030,1.64,309
2025-07-28 06:24:36,STORE_079,Harare_Southerton,Whole Wheat,86,RT_024,1.55,86
2025-02-14 12:29:16,STORE_040,Mutare_Branch,Family Loaf,153,RT_029,2.15,153
2025-03-29 05:53:29,STORE_097,Masvingo_Branch,Whole Wheat,171,RT_041,1.64,171
2025-01-10 03:53:44,STORE_056,Bindura_Depot,Mini Rolls 6-Pack,270,RT_027,0.91,270
2025-04-25 21:04:11,STORE_118,Mutare_Branch,High Energy Brown,274,RT_001,1.22,274
2025-03-27 03:22:28,STORE_110,Marondera_Depot,Family Loaf,148,RT_009,2.27,148
2025-06-11 05:57:56,STORE_017,Harare_Southerton,Soft White,87,RT_034,1.14,87
2025-04-04 00:59:22,STORE_037,Kwekwe_Depot,Mini Rolls 6-Pack,202,RT_016,1.04,202
2025-07-12 00:59:13,STORE_064,Kwekwe_Depot,Wholegrain Brown,232,RT_020,1.48,232
2025-02-24 16:03:11,STORE_063,Bindura_Depot,High Energy White,132,RT_041,1.32,132
2025-01-25 08:43:59,STORE_080,Harare_Willowvale,Seed Loaf,6,RT_006,1.64,6
2025-02-26 02:44:03,STORE_059,Marondera_Depot,Seed Loaf,298,RT_008,1.5,298
2025-05-20 18:36:23,STORE_002,Gweru_Branch,High Energy White,277,RT_046,1.33,277
2025-04-29 18:38:50,STORE_081,Kwekwe_Depot,Seed Loaf,15,RT_008,1.6,15
2025-07-05 00:42:26,STORE_093,Marondera_Depot,Family Loaf,187,RT_032,2.19,187
2025-03-08 19:02:18,STORE_049,Harare_Willowvale,Wholegrain Brown,307,RT_032,1.42,307
2025-04-19 14:42:51,STORE_081,Masvingo_Branch,Soft White,110,RT_003,1.33,110
2025-03-24 11:02:36,STORE_121,Masvingo_Branch,Whole grain Brown,302,RT_045,1.38,302
2025-01-11 03:30:11,STORE_072,Bulawayo_Branch,Soft White,137,RT_021,1.36,137
2025-05-27 06:07:12,STORE_039,Harare_Willowvale,High Energy Brown,196,RT_001,1.34,196
2025-04-21 03:10:06,STORE_039,Marondera_Depot,Buns 6-Pack,109,RT_041,1.26,109
2025-03-04 13:17:52,STORE_089,Harare_Southerton,Soft White,57,RT_047,1.32,57
2025-04-28 16:07:14,STORE_038,Marondera_Depot,High Energy Brown,152,RT_042,1.32,152
2025-07-09 17:18:30,STORE_121,Gweru_Branch,Mini Rolls 6-Pack,223,RT_021,0.99,223
2025-05-30 04:33:56,STORE_014,Mutare_Branch,Seed Loaf,207,RT_046,1.69,207
2025-01-20 04:18:26,STORE_099,Harare_Willowvale,Whole Wheat,194,RT_028,1.5,194
2025-07-04 13:37:00,STORE_050,Harare_Willowvale,Wholegrain Brown,221,RT_035,1.41,221
2025-03-13 15:05:53,STORE_072,Masvingo_Branch,Wholegrain Brown,94,RT_049,1.35,94
2025-07-06 00:35:52,STORE_068,Kwekwe_Depot,Buns 6-Pack,191,RT_016,1.23,191
2025-07-20 07:51:44,STORE_028,Harare_Southerton,Whole Wheat,105,RT_034,1.48,105
2025-03-25 21:43:53,STORE_019,Bulawayo_Branch,Seed Loaf,63,RT_027,1.5,63
2025-02-07 01:08:10,STORE_020,Harare_Willowvale,Family Loaf,213,RT_033,2.13,213
2025-05-25 10:59:18,STORE_114,Kwekwe_Depot,High Energy White,297,RT_028,1.26,297
2025-01-15 19:31:38,STORE_086,Marondera_Depot,High Energy White,127,RT_017,1.23,127
2025-03-09 00:23:53,STORE_083,Marondera_Depot,Buns 6-Pack,64,RT_025,1.04,64
2025-01-19 00:56:09,STORE_090,Mutare_Branch,Wholegrain Brown,169,RT_022,1.51,169
2025-04-28 11:47:59,STORE_037,Masvingo_Branch,Family Loaf,64,RT_020,2.35,64
2025-02-26 17:59:18,STORE_016,Bulawayo_Branch,Whole Wheat,165,RT_039,1.59,165
2025-01-06 04:11:35,STORE_020,Kwekwe_Depot,Seed Loaf,41,RT_015,1.58,41
2025-07-12 15:19:08,STORE_029,Marondera_Depot,Family Loaf,175,RT_020,2.15,175
2025-04-07 15:11:05,STORE_101,Mutare_Branch,Seed Loaf,266,RT_025,1.69,266
2025-05-25 02:03:44,STORE_121,Chitungwiza_Depot,Buns 6-Pack,123,RT_004,1.28,123
2025-06-15 14:26:41,STORE_033,Mutare_Branch,Seed Loaf,27,RT_029,1.66,27
2025-06-16 10:55:04,STORE_011,Harare_Willowvale,Mini Rolls 6-Pack,54,RT_048,1.05,54
2025-06-01 20:05:19,STORE_048,Harare_Southerton,Mini Rolls 6-Pack,111,RT_034,1.17,111
2025-06-24 10:06:17,STORE_090,Harare_Southerton,Family Loaf,154,RT_024,2.1,154
2025-01-23 09:42:52,STORE_110,Mutare_Branch,Whole Wheat,260,RT_003,1.41,260
2025-03-19 07:19:15,STORE_030,Gweru_Branch,Buns 6-Pack,28,RT_029,1.13,28
2025-05-08 20:10:15,STORE_019,Marondera_Depot,High Energy White,49,RT_008,1.34,49
2025-02-20 15:04:56,STORE_050,Chitungwiza_Depot,Family Loaf,183,RT_049,2.28,183
2025-02-26 17:51:06,STORE_034,Bindura_Depot,Buns 6-Pack,10,RT_001,1.03,10
2025-04-09 23:27:26,STORE_077,Chitungwiza_Depot,Wholegrain Brown,75,RT_023,1.49,75
2025-01-17 13:11:51,STORE_104,Harare_Southerton,High Energy White,8,RT_025,1.29,8
2025-03-22 00:29:04,STORE_006,Chitungwiza_Depot,Seed Loaf,165,RT_011,1.62,165
2025-05-01 14:48:37,STORE_105,Marondera_Depot,Buns 6-Pack,176,RT_020,1.2,176
2025-07-28 02:16:59,STORE_033,Masvingo_Branch,High Energy White,270,RT_003,1.25,270
2025-06-28 06:58:22,STORE_068,Bulawayo_Branch,Mini Rolls 6-Pack,102,RT_015,1.06,102
2025-02-15 22:12:04,STORE_073,Harare_Southerton,Whole Wheat,231,RT_001,1.47,231
2025-04-28 02:00:29,STORE_101,Gweru_Branch,Seed Loaf,260,RT_041,1.52,260
2025-04-03 19:54:57,STORE_058,Bulawayo_Branch,Soft White,207,RT_026,1.35,207
2025-04-30 09:30:13,STORE_106,Bindura_Depot,Whole Wheat,310,RT_044,1.36,310
2025-02-03 02:13:44,STORE_006,Chitungwiza_Depot,Whole Wheat,236,RT_044,1.62,236
2025-07-22 03:28:41,STORE_075,Kwekwe_Depot,Buns 6-Pack,18,RT_019,1.04,18
2025-06-28 22:27:20,STORE_036,Gweru_Branch,Wholegrain Brown,169,RT_006,1.45,169
2025-06-23 04:32:17,STORE_032,Harare_Willowvale,Wholegrain Brown,183,RT_026,1.39,183
2025-02-09 17:43:02,STORE_111,Kwekwe_Depot,Buns 6-Pack,200,RT_030,1.17,200
2025-06-15 12:38:58,STORE_013,Mutare_Branch,Seed Loaf,79,RT_011,1.45,79
2025-05-25 17:19:13,STORE_088,Masvingo_Branch,Soft White,71,RT_018,1.32,71
2025-04-23 02:40:24,STORE_104,Gweru_Branch,Mini Rolls 6-Pack,71,RT_016,0.97,71
2025-01-22 09:43:15,STORE_121,Kwekwe_Depot,High Energy White,21,RT_002,1.23,21
2025-04-16 20:46:19,STORE_098,Harare_Southerton,High Energy Brown,174,RT_033,1.48,174
2025-04-18 09:44:23,STORE_063,Bulawayo_Branch,Whole Wheat,146,RT_043,1.63,146
2025-06-23 11:46:13,STORE_013,Bindura_Depot,Buns 6-Pack,312,RT_032,1.1,312
2025-01-24 20:42:54,STORE_139,Harare_Southerton,High Energy White,240,RT_006,1.33,240
2025-03-28 14:37:38,STORE_019,Chitungwiza_Depot,Family Loaf,275,RT_007,2.24,275
2025-05-02 08:16:46,STORE_131,Kwekwe_Depot,Seed Loaf,61,RT_011,1.46,61
2025-03-14 06:14:06,STORE_048,Chitungwiza_Depot,Seed Loaf,54,RT_036,1.57,54
2025-02-17 18:26:36,STORE_023,Harare_Southerton,High Energy Brown,9,RT_015,1.33,9
2025-07-15 05:54:12,STORE_112,Masvingo_Branch,High Energy Brown,303,RT_014,1.29,303
2025-04-11 04:33:28,STORE_131,Mutare_Branch,Wholegrain Brown,222,RT_032,1.48,222
2025-05-25 06:42:39,STORE_016,Harare_Willowvale,High Energy Brown,224,RT_001,1.42,224
2025-07-29 12:37:27,STORE_101,Kwekwe_Depot,Whole Wheat,227,RT_045,1.5,227
2025-03-29 04:30:06,STORE_046,Marondera_Depot,High Energy Brown,20,RT_022,1.22,20
2025-05-10 18:15:12,STORE_082,Harare_Southerton,Seed Loaf,106,RT_035,1.62,106
2025-01-28 02:52:16,STORE_104,Bindura_Depot,High Energy Brown,128,RT_048,1.29,128
,STORE_067,Masvingo_Branch,Whole Wheat,96,RT_049,1.45,96
2025-01-18 22:23:40,STORE_005,Masvingo_Branch,Wholegrain Brown,273,RT_028,1.41,273
2025-01-02 07:57:44,STORE_139,Gweru_Branch,Family Loaf,288,RT_036,2.2,288
2025-03-09 11:49:58,STORE_089,Bulawayo_Branch,Seed Loaf,16,RT_025,1.63,16
2025-01-06 14:23:11,STORE_066,Chitungwiza_Depot,Wholegrain Brown,152,RT_027,1.54,152
2025-02-02 06:37:27,STORE_037,Bindura_Depot,High Energy White,129,RT_018,1.48,129
2025-07-20 08:38:21,STORE_010,Harare_Willowvale,Wholegrain Brown,167,RT_032,1.57,167
2025-04-22 19:04:32,STORE_006,Mutare_Branch,Mini Rolls 6-Pack,148,RT_040,1.15,148
2025-05-14 16:58:11,STORE_058,Bindura_Depot,Buns 6-Pack,293,RT_029,1.23,293
2025-07-07 00:43:39,STORE_094,Harare_Willowvale,High Energy White,294,RT_011,1.39,294
2025-04-09 00:28:22,STORE_040,Chitungwiza_Depot,Seed Loaf,315,RT_042,1.6,315
2025-03-15 19:44:12,STORE_100,Kwekwe_Depot,Mini Rolls 6-Pack,78,RT_020,1.19,78
2025-07-23 02:04:59,STORE_139,Harare_Southerton,High Energy White,8,RT_001,1.34,8
2025-02-11 14:22:08,STORE_017,Chitungwiza_Depot,Soft White,291,RT_023,1.34,291
2025-01-17 10:40:58,STORE_108,Marondera_Depot,Family Loaf,51,RT_025,2.28,51
2025-02-11 15:12:50,STORE_026,Gweru_Branch,Whole Wheat,97,RT_023,1.49,97
2025-02-01 23:25:34,STORE_077,Masvingo_Branch,Buns 6-Pack,226,RT_010,1.17,226
2025-01-14 02:50:35,STORE_033,Bulawayo_Branch,Wholegrain Brown,34,RT_007,1.52,34
2025-03-11 16:40:56,STORE_033,Bulawayo_Branch,Whole Wheat,15,RT_043,1.55,15
2025-06-03 23:05:13,STORE_046,Kwekwe_Depot,Family Loaf,172,RT_046,2.3,172
2025-01-24 01:33:54,STORE_108,Harare_Southerton,Seed Loaf,271,RT_009,1.5,271
2025-04-09 12:31:10,STORE_089,Harare_Willowvale,HighEnergyBrown,263,RT_030,1.48,263
2025-02-18 11:22:16,STORE_032,Harare_Willowvale,Family Loaf,134,RT_022,2.13,134
2025-05-22 19:44:24,STORE_067,Marondera_Depot,High Energy Brown,113,RT_045,1.31,113
2025-04-07 20:19:28,STORE_129,Chitungwiza_Depot,Wholegrain Brown,370,RT_030,1.39,370
2025-01-29 23:29:31,STORE_037,Chitungwiza_Depot,Buns 6-Pack,138,RT_027,1.26,138
2025-02-07 10:39:52,STORE_068,Mutare_Branch,Buns 6-Pack,30,RT_030,1.25,30
2025-04-27 11:49:41,STORE_124,Bindura_Depot,Wholegrain Brown,89,RT_049,1.4,89
2025-04-27 23:15:42,STORE_053,Kwekwe_Depot,Family Loaf,128,RT_032,2.4,128
2025-03-14 10:17:18,STORE_076,Kwekwe_Depot,Buns 6-Pack,211,RT_004,1.02,211
2025-07-05 22:37:57,STORE_046,Chitungwiza_Depot,Mini Rolls 6-Pack,253,RT_007,0.98,253
2025-05-17 22:37:02,STORE_015,Chitungwiza_Depot,Mini Rolls 6-Pack,253,RT_031,0.93,253
2025-01-19 16:00:50,STORE_009,Bindura_Depot,Buns 6-Pack,75,,1.2,75
2025-02-02 05:57:58,STORE_071,Harare_Willowvale,Family Loaf,311,RT_018,2.38,311
2025-02-07 09:54:12,STORE_007,Kwekwe_Depot,Wholegrain Brown,116,RT_010,1.41,116
2025-04-18 14:00:52,STORE_086,Bindura_Depot,Wholegrain Brown,166,RT_009,1.59,166
2025-01-07 11:23:41,STORE_110,Marondera_Depot,High Energy Brown,104,RT_017,1.22,104
2025-02-24 15:17:22,STORE_024,Marondera_Depot,Wholegrain Brown,174,RT_001,1.51,174
2025-04-23 06:03:17,STORE_054,Harare_Willowvale,High Energy White,72,RT_015,1.35,72
2025-03-15 10:11:42,STORE_022,Bulawayo_Branch,Whole Wheat,258,RT_028,1.42,258
2025-03-06 19:00:23,STORE_042,Masvingo_Branch,Buns 6-Pack,164,RT_020,1.06,164
2025-05-02 15:54:59,STORE_118,Marondera_Depot,Seed Loaf,201,RT_001,1.45,201
2025-06-25 08:38:42,STORE_029,Gweru_Branch,Family Loaf,143,RT_025,2.14,143
2025-02-13 16:13:38,STORE_078,Kwekwe_Depot,Soft White,64,RT_035,1.39,64
2025-04-11 02:40:49,STORE_024,Harare_Southerton,Buns 6-Pack,126,RT_022,1.2,126
2025-06-06 14:35:14,STORE_120,Harare_Southerton,Wholegrain Brown,35,RT_039,1.35,35
2025-02-24 18:05:41,STORE_073,Chitungwiza_Depot,Family Loaf,204,RT_023,2.39,204
2025-06-30 09:48:19,STORE_114,Chitungwiza_Depot,Buns 6-Pack,62,RT_009,1.25,62
2025-02-08 03:24:13,STORE_136,Bindura_Depot,Mini Rolls 6-Pack,5,RT_004,1.05,5
2025-05-16 21:46:48,STORE_096,Mutare_Branch,Seed Loaf,164,RT_012,1.69,164
2025-05-23 02:24:00,STORE_130,Bindura_Depot,Buns 6-Pack,54,RT_015,1.12,54
2025-07-17 11:40:38,STORE_042,Chitungwiza_Depot,Whole Wheat,163,RT_044,1.59,163
2025-05-29 05:18:42,STORE_095,Masvingo_Branch,Soft White,56,RT_002,1.15,56
2025-07-06 10:39:29,STORE_121,Chitungwiza_Depot,Wholegrain Brown,280,RT_023,1.46,280
2025-02-10 13:12:28,STORE_094,Marondera_Depot,Family Loaf,185,RT_015,2.12,185
2025-07-16 21:11:18,STORE_099,Harare_Willowvale,Soft White,137,RT_009,1.13,137
2025-07-27 05:15:44,STORE_091,Harare_Willowvale,Soft White,303,RT_041,1.34,303
2025-02-12 17:55:05,STORE_019,Bulawayo_Branch,Buns 6-Pack,8,RT_038,1.2,8
2025-05-22 18:11:45,STORE_041,Masvingo_Branch,Whole Wheat,113,RT_016,1.56,113
2025-03-27 22:47:09,STORE_131,Gweru_Branch,Whole Wheat,218,RT_024,1.57,218
2025-02-12 22:10:54,STORE_063,Chitungwiza_Depot,Mini Rolls 6-Pack,161,RT_039,0.95,161
2025-02-02 10:16:58,STORE_117,Masvingo_Branch,High Energy White,271,RT_026,1.5,271
2025-07-22 20:18:28,STORE_057,Kwekwe_Depot,Wholegrain Brown,100,RT_032,1.37,100
2025-07-13 01:48:35,STORE_037,Harare_Southerton,Family Loaf,19,RT_031,2.35,19
2025-05-02 23:09:19,STORE_087,Gweru_Branch,Whole Wheat,210,RT_017,1.6,210
2025-03-26 09:03:33,STORE_093,Harare_Willowvale,High Energy White,269,RT_011,1.35,269
2025-01-20 06:49:56,STORE_131,Gweru_Branch,Mini Rolls 6-Pack,291,RT_037,1.15,291
2025-05-10 17:11:55,STORE_096,Bulawayo_Branch,Seed Loaf,318,RT_006,1.5,318
2025-02-03 00:28:09,STORE_056,Marondera_Depot,High Energy Brown,76,RT_014,1.26,76
2025-04-12 07:22:47,STORE_014,Gweru_Branch,High Energy Brown,295,RT_032,1.21,295
2025-01-19 06:13:06,STORE_085,Masvingo_Branch,High Energy Brown,261,RT_029,1.26,261
2025-01-22 19:30:24,STORE_075,Gweru_Branch,Family Loaf,264,RT_004,2.22,264
2025-06-04 18:30:25,STORE_137,Masvingo_Branch,Seed Loaf,21,RT_016,1.52,21
2025-03-31 12:39:27,STORE_044,Bulawayo_Branch,Soft White,121,RT_029,1.17,121
2025-02-01 16:44:19,STORE_049,Masvingo_Branch,High Energy White,305,RT_010,1.47,305
2025-04-23 10:35:33,STORE_047,Kwekwe_Depot,Soft White,296,RT_030,1.14,296
2025-04-23 19:08:13,STORE_120,Chitungwiza_Depot,Buns 6-Pack,99,RT_044,1.04,99
2025-01-25 04:10:18,STORE_125,Harare_Southerton,Soft White,195,RT_004,1.11,195
2025-06-20 22:36:57,STORE_119,Bindura_Depot,High Energy Brown,242,RT_001,1.5,242
2025-02-16 23:46:51,STORE_107,Harare_Southerton,High Energy Brown,27,RT_044,1.46,27
2025-01-26 22:41:18,STORE_077,Harare_Southerton,Mini Rolls 6-Pack,111,RT_001,1.01,111
2025-01-28 21:16:49,STORE_120,Kwekwe_Depot,Seed Loaf,278,RT_006,1.67,278
2025-04-06 02:52:45,STORE_092,Marondera_Depot,Family Loaf,18,RT_010,2.18,18
2025-06-13 04:43:39,STORE_060,Harare_Southerton,Buns 6-Pack,74,RT_048,1.12,74
2025-01-31 09:45:44,STORE_067,Kwekwe_Depot,Mini Rolls 6-Pack,198,RT_015,1.19,198
2025-03-10 01:29:59,STORE_012,Masvingo_Branch,High Energy White,4,RT_032,1.2,4
2025-05-20 14:32:24,STORE_135,Masvingo_Branch,Mini Rolls 6-Pack,227,RT_007,1.05,227
2025-04-06 21:22:40,STORE_035,Bindura_Depot,Wholegrain Brown,290,RT_011,1.54,290
2025-07-20 13:27:34,STORE_013,Mutare_Branch,Soft White,220,RT_048,1.32,220
2025-06-14 00:22:54,STORE_066,Bulawayo_Branch,Whole Wheat,100,RT_018,1.55,100
2025-03-14 15:33:59,STORE_107,Gweru_Branch,High Energy White,252,RT_016,1.37,252
2025-07-19 05:27:56,STORE_074,Bulawayo_Branch,Wholegrain Brown,144,RT_002,1.35,144
2025-03-20 18:33:15,STORE_042,Bindura_Depot,Mini Rolls 6-Pack,292,RT_035,1.1,292
2025-01-04 15:48:16,STORE_044,Harare_Southerton,Mini Rolls 6-Pack,58,RT_029,1.18,58
2025-04-17 04:43:24,STORE_062,Chitungwiza_Depot,High Energy Brown,16,RT_009,1.37,16
2025-02-12 05:51:26,STORE_096,Kwekwe_Depot,Seed Loaf,218,RT_014,1.65,218
2025-06-06 03:52:02,STORE_087,Gweru_Branch,Soft White,57,RT_024,1.29,57
2025-05-10 10:42:01,STORE_014,Bindura_Depot,Soft White,309,RT_035,1.39,309
2025-06-09 02:50:49,STORE_102,Chitungwiza_Depot,Family Loaf,7,RT_009,2.32,7
2025-05-29 10:42:13,STORE_090,Kwekwe_Depot,High Energy Brown,46,RT_006,1.32,46
2025-04-14 19:55:22,STORE_026,Gweru_Branch,High Energy White,182,RT_026,1.23,182
2025-05-26 04:12:22,STORE_043,Kwekwe_Depot,Whole Wheat,185,RT_034,1.44,185
2025-06-29 12:10:29,STORE_110,Masvingo_Branch,Whole Wheat,186,RT_010,1.59,186
2025-03-31 14:10:16,STORE_086,Bindura_Depot,High Energy Brown,146,RT_047,1.36,146
2025-01-20 22:17:21,STORE_060,Harare_Willowvale,Buns 6-Pack,5,RT_024,1.12,5
2025-02-26 11:51:23,STORE_117,Chitungwiza_Depot,Whole Wheat,248,RT_032,1.45,248
2025-01-07 00:33:56,STORE_002,Gweru_Branch,Wholegrain Brown,134,RT_010,1.33,134
2025-07-22 09:27:58,STORE_086,Mutare_Branch,Mini Rolls 6-Pack,231,RT_033,0.99,231
2025-05-29 06:01:14,STORE_106,Harare_Willowvale,Seed Loaf,308,RT_023,1.63,308
2025-05-09 09:18:42,STORE_131,Kwekwe_Depot,Buns 6-Pack,123,RT_037,1.12,123
2025-02-24 12:04:35,STORE_091,Mutare_Branch,High Energy Brown,91,RT_033,1.28,91
2025-01-10 20:12:30,STORE_050,Gweru_Branch,Seed Loaf,27,RT_019,1.56,27
2025-04-23 03:07:33,STORE_051,Bulawayo_Branch,Whole Wheat,199,RT_009,1.36,199
2025-06-18 17:57:53,STORE_014,Masvingo_Branch,Family Loaf,140,RT_010,2.19,140
2025-04-27 02:16:21,STORE_112,Gweru_Branch,Seed Loaf,104,RT_046,1.67,104
2025-07-10 17:30:02,STORE_061,Gweru_Branch,Whole Wheat,232,RT_043,1.45,232
2025-06-18 11:24:15,STORE_063,Bindura_Depot,Mini Rolls 6-Pack,29,RT_035,0.93,29
2025-03-27 23:06:50,STORE_048,Marondera_Depot,High Energy White,142,RT_018,1.38,142
2025-03-13 13:53:18,STORE_113,Masvingo_Branch,Buns 6-Pack,127,RT_042,1.11,127
2025-06-01 02:37:11,STORE_095,Gweru_Branch,Whole Wheat,156,RT_022,1.5,156
2025-06-11 04:57:52,STORE_138,Chitungwiza_Depot,High Energy Brown,140,,1.21,140
2025-07-04 04:18:52,STORE_021,Mutare_Branch,Whole Wheat,25,RT_026,1.57,25
2025-02-08 06:01:00,STORE_087,Harare_Willowvale,High Energy White,128,RT_015,1.4,128
2025-02-08 16:53:34,STORE_068,Masvingo_Branch,High Energy White,227,RT_010,1.28,227
2025-01-21 21:31:58,STORE_131,Bindura_Depot,Family Loaf,363,RT_045,2.18,363
2025-04-23 19:09:01,STORE_052,Bindura_Depot,Wholegrain Brown,237,RT_009,1.45,237
2025-04-10 10:57:39,STORE_138,Bindura_Depot,Family Loaf,44,RT_032,2.34,44
2025-04-02 00:19:10,STORE_120,Masvingo_Branch,Seed Loaf,299,RT_001,1.64,299
2025-01-23 16:18:04,STORE_118,Mutare_Branch,Mini Rolls 6-Pack,152,RT_018,1.12,152
2025-04-28 20:21:41,STORE_114,Chitungwiza_Depot,Wholegrain Brown,63,RT_034,1.3,63
2025-07-12 14:46:56,STORE_086,Gweru_Branch,Soft White,219,RT_029,1.19,219
2025-07-19 07:05:20,STORE_104,Harare_Willowvale,High Energy White,31,RT_043,1.39,31
2025-01-24 07:26:57,STORE_134,Masvingo_Branch,Seed Loaf,69,RT_018,1.49,69
2025-04-11 04:03:04,STORE_034,Mutare_Branch,Seed Loaf,225,RT_026,1.65,225
2025-04-28 21:57:03,STORE_126,Harare_Southerton,Whole grain Brown,28,RT_020,1.38,28
2025-02-14 07:27:51,STORE_005,Mutare_Branch,Coke500ml,9,RT_044,1.38,9
2025-04-13 19:51:03,STORE_120,Marondera_Depot,Whole Wheat,199,RT_022,1.5,199
2025-02-12 18:47:38,STORE_044,Kwekwe_Depot,Soft White,155,RT_025,1.19,155
2025-02-08 09:34:17,STORE_138,Masvingo_Branch,Seed Loaf,167,RT_049,1.43,167
2025-05-30 15:22:22,STORE_112,Mutare_Branch,Soft White,187,RT_031,1.13,187
2025-04-03 04:10:45,STORE_093,Harare_Willowvale,Whole Wheat,142,RT_035,1.37,142
2025-01-13 19:15:36,STORE_020,Harare_Willowvale,Family Loaf,110,RT_011,2.37,110
2025-06-17 20:07:09,STORE_064,Harare_Southerton,Soft White,267,RT_034,1.1,267
2025-04-20 00:15:30,STORE_101,Marondera_Depot,Soft White,289,RT_037,1.22,289
2025-03-31 10:03:12,STORE_009,Mutare_Branch,Family Loaf,83,RT_037,2.14,83
2025-01-26 14:58:09,STORE_034,Kwekwe_Depot,Buns 6-Pack,149,RT_025,1.11,149
2025-05-24 03:01:45,STORE_072,Mutare_Branch,Whole Wheat,264,RT_022,1.55,264
2025-01-03 00:29:48,STORE_037,Bindura_Depot,Wholegrain Brown,154,RT_013,1.51,154
2025-07-13 01:17:48,STORE_016,Harare_Willowvale,Family Loaf,9,RT_043,2.33,9
2025-02-05 21:50:41,STORE_085,Harare_Southerton,Wholegrain Brown,145,RT_027,1.52,145
2025-01-26 03:45:13,STORE_074,Mutare_Branch,Soft White,134,RT_029,1.15,134
2025-06-10 18:19:18,STORE_134,Kwekwe_Depot,Wholegrain Brown,159,RT_023,1.41,159
2025-05-22 01:45:09,STORE_124,Bindura_Depot,Milk1L,278,RT_022,1.36,278
2025-05-24 09:10:42,STORE_072,Gweru_Branch,Family Loaf,122,RT_006,2.3,122
2025-03-12 03:49:42,STORE_132,Harare_Willowvale,High Energy Brown,269,RT_004,1.2,269
2025-05-10 05:42:28,STORE_102,Chitungwiza_Depot,High Energy Brown,165,RT_035,1.5,165
2025-03-09 11:19:27,STORE_116,Gweru_Branch,High Energy Brown,319,RT_003,1.41,319
2025-01-06 16:24:32,STORE_087,Gweru_Branch,Whole Wheat,19,RT_019,1.48,19
2025-01-29 12:38:42,STORE_136,Chitungwiza_Depot,High Energy White,111,RT_037,1.44,111
2025-05-19 17:43:25,STORE_053,Bulawayo_Branch,Family Loaf,241,RT_037,2.34,241
2025-02-02 10:10:45,STORE_060,Chitungwiza_Depot,High Energy White,82,RT_013,1.36,82
2025-03-16 12:45:19,STORE_126,Bindura_Depot,High Energy White,153,RT_030,1.46,153
2025-06-11 07:53:30,STORE_139,Masvingo_Branch,Wholegrain Brown,81,RT_001,1.51,81
2025-05-06 13:56:13,STORE_048,Masvingo_Branch,Wholegrain Brown,18,RT_049,1.59,18
2025-04-28 00:02:30,STORE_024,Harare_Southerton,Seed Loaf,82,RT_010,1.5,82
2025-02-06 20:39:50,STORE_067,Harare_Southerton,High Energy White,199,RT_048,1.25,199
2025-01-21 03:29:44,STORE_095,Masvingo_Branch,Family Loaf,52,RT_022,2.14,52
2025-05-27 10:13:55,STORE_137,Bindura_Depot,Wholegrain Brown,257,RT_026,1.42,257
2025-01-11 02:32:52,STORE_031,Marondera_Depot,Seed Loaf,270,RT_048,1.41,270
2025-02-17 18:33:37,STORE_045,Harare_Willowvale,High Energy Brown,287,RT_006,1.45,287
2025-07-07 21:50:07,STORE_126,Harare_Southerton,Family Loaf,274,RT_039,2.13,274
2025-06-03 02:28:26,STORE_068,Harare_Willowvale,High Energy Brown,24,RT_041,,24
2025-02-25 15:57:59,STORE_107,Bindura_Depot,Family Loaf,233,RT_004,2.33,233
2025-07-26 18:48:30,STORE_096,Harare_Southerton,Mini Rolls 6-Pack,264,RT_022,1.11,264
2025-07-27 22:37:38,STORE_029,Chitungwiza_Depot,Wholegrain Brown,168,RT_036,1.34,168
2025-01-28 12:48:27,STORE_038,Marondera_Depot,Wholegrain Brown,150,RT_043,1.34,150
2025-06-26 17:38:56,STORE_080,Mutare_Branch,Family Loaf,110,RT_035,2.13,110
2025-03-25 09:16:03,STORE_013,Kwekwe_Depot,Seed Loaf,24,RT_032,1.43,24
2025-05-14 09:28:04,STORE_071,Masvingo_Branch,High Energy Brown,197,RT_029,1.43,197
2025-03-04 03:18:01,STORE_059,Chitungwiza_Depot,Wholegrain Brown,84,RT_048,1.33,84
2025-06-20 13:38:46,STORE_044,Marondera_Depot,Whole Wheat,263,RT_048,1.54,263
2025-05-25 15:34:10,STORE_066,Kwekwe_Depot,Seed Loaf,306,RT_012,1.49,306
2025-06-10 17:17:35,STORE_103,Kwekwe_Depot,Soft White,108,RT_041,1.28,108
2025-03-24 04:49:33,STORE_083,Gweru_Branch,Whole Wheat,163,RT_048,1.44,163
2025-02-25 10:44:51,STORE_048,Bulawayo_Branch,High Energy White,201,RT_020,1.4,201
2025-01-15 16:46:48,STORE_007,Bulawayo_Branch,Mini Rolls 6-Pack,93,RT_016,0.96,93
2025-05-13 17:59:45,STORE_071,Harare_Willowvale,Whole Wheat,165,RT_006,1.4,165
2025-02-13 15:50:17,STORE_068,Harare_Willowvale,High Energy Brown,17,RT_008,1.45,17
2025-01-04 03:26:49,STORE_137,Harare_Willowvale,Whole Wheat,167,RT_016,1.5,167
2025-04-28 18:53:48,STORE_014,Masvingo_Branch,Whole Wheat,302,RT_001,1.41,302
2025-03-17 21:01:46,STORE_040,Harare_Southerton,Mini Rolls 6-Pack,81,RT_030,1.05,81
2025-03-03 00:23:30,STORE_015,Bindura_Depot,Whole Wheat,172,RT_014,1.52,172
2025-04-07 09:32:16,STORE_066,Harare_Willowvale,Wholegrain Brown,20,RT_003,1.42,20
2025-03-25 20:05:20,STORE_123,Bulawayo_Branch,High Energy Brown,43,RT_007,1.35,43
2025-04-03 22:26:38,STORE_139,Chitungwiza_Depot,High Energy White,476,RT_035,1.34,476
2025-04-06 00:02:29,STORE_083,Chitungwiza_Depot,Wholegrain Brown,59,RT_033,1.52,59
2025-04-22 18:38:23,STORE_125,Marondera_Depot,High Energy White,105,RT_037,1.25,105
2025-07-26 02:28:53,STORE_072,Harare_Southerton,Buns 6-Pack,317,RT_005,1.06,317
2025-07-19 15:02:25,STORE_122,Bindura_Depot,Buns 6-Pack,190,RT_038,1.13,190
2025-01-10 21:34:03,STORE_024,Mutare_Branch,High Energy White,258,RT_041,1.27,258
2025-03-18 14:54:50,STORE_091,Mutare_Branch,High Energy Brown,189,RT_028,1.37,189
2025-01-30 02:26:39,STORE_042,Harare_Southerton,Mini Rolls 6-Pack,233,RT_042,0.94,233
2025-01-03 16:16:54,STORE_052,Bindura_Depot,Whole Wheat,261,RT_021,1.42,261
2025-01-31 00:08:56,STORE_091,Chitungwiza_Depot,Whole Wheat,270,RT_045,1.39,270
2025-01-07 11:12:25,STORE_084,Harare_Southerton,Whole Wheat,38,RT_029,1.48,38
2025-01-29 23:30:21,STORE_088,Gweru_Branch,High Energy Brown,209,RT_001,1.3,209
2025-06-02 12:28:53,STORE_017,Kwekwe_Depot,Seed Loaf,163,RT_009,1.65,163
2025-05-24 21:06:56,STORE_042,Harare_Willowvale,High Energy White,139,RT_045,1.44,139
2025-04-30 18:08:07,STORE_116,Harare_Southerton,High Energy Brown,132,RT_010,1.29,132
2025-04-05 12:16:26,STORE_001,Gweru_Branch,Family Loaf,291,RT_037,2.23,291
2025-06-06 17:55:14,STORE_040,Chitungwiza_Depot,High Energy Brown,140,RT_034,1.26,140
2025-06-05 10:38:06,STORE_062,Kwekwe_Depot,Seed Loaf,74,RT_030,1.5,74
2025-01-29 14:58:59,STORE_139,Mutare_Branch,Soft White,167,RT_039,1.33,167
2025-05-09 21:56:28,STORE_025,Bulawayo_Branch,Wholegrain Brown,138,RT_041,1.47,138
2025-03-24 22:22:51,STORE_125,Bulawayo_Branch,Seed Loaf,187,RT_006,1.47,187
2025-04-27 11:44:47,STORE_092,Mutare_Branch,Wholegrain Brown,158,RT_013,1.45,158
2025-06-27 00:38:16,STORE_074,Kwekwe_Depot,Seed Loaf,31,RT_008,1.56,31
2025-03-22 17:07:28,STORE_067,Bulawayo_Branch,Seed Loaf,53,RT_049,1.55,53
2025-06-04 13:54:55,STORE_022,Bindura_Depot,Buns 6-Pack,260,RT_005,1.27,260
2025-04-10 19:50:44,STORE_055,Kwekwe_Depot,High Energy Brown,300,RT_023,1.48,300
2025-05-02 03:03:03,STORE_024,Bulawayo_Branch,Wholegrain Brown,64,RT_004,1.41,64
2025-02-05 14:12:32,STORE_042,Bindura_Depot,Seed Loaf,296,RT_038,1.65,296
2025-02-26 15:02:51,STORE_091,Kwekwe_Depot,Mini Rolls 6-Pack,154,RT_009,0.99,154
2025-03-19 03:31:12,STORE_066,Bindura_Depot,Wholegrain Brown,236,RT_017,1.4,236
2025-06-05 12:25:35,STORE_028,Mutare_Branch,High Energy White,140,RT_002,1.43,140
2025-06-24 04:18:45,STORE_020,Chitungwiza_Depot,Wholegrain Brown,74,RT_017,1.33,74
2025-06-03 16:54:05,STORE_064,Mutare_Branch,Mini Rolls 6-Pack,51,RT_003,0.92,51
2025-05-31 07:59:13,STORE_018,Marondera_Depot,Seed Loaf,189,RT_035,1.43,189
2025-04-19 23:51:03,STORE_136,Harare_Southerton,Family Loaf,57,RT_045,2.24,57
2025-03-09 05:08:10,STORE_028,Bulawayo_Branch,High Energy White,188,RT_027,1.37,188
2025-01-13 11:16:46,STORE_020,Harare_Willowvale,WholgrainBrown,43,RT_015,1.51,43
2025-01-06 00:03:04,STORE_138,Masvingo_Branch,High Energy White,264,RT_032,1.47,264
2025-04-09 21:16:53,STORE_099,Kwekwe_Depot,High Energy Brown,178,RT_036,1.44,178
2025-07-01 20:24:54,STORE_047,Bulawayo_Branch,High Energy White,104,RT_008,1.28,104
2025-07-14 07:23:45,STORE_026,Chitungwiza_Depot,Wholegrain Brown,69,RT_010,1.39,69
2025-02-06 07:37:57,STORE_109,Masvingo_Branch,Mini Rolls 6-Pack,219,RT_044,1.14,219
2025-01-25 20:06:17,STORE_085,Bulawayo_Branch,High Energy Brwn,264,RT_035,1.32,264
2025-02-28 01:23:59,STORE_018,Bulawayo_Branch,High Energy Brown,157,RT_038,1.27,157
2025-04-13 12:22:23,STORE_119,Kwekwe_Depot,Seed Lof,126,RT_031,1.45,126
2025-03-18 22:18:25,STORE_052,Harare_Willowvale,Family Loaf,284,RT_004,2.33,284
2025-02-04 07:47:12,STORE_087,Bindura_Depot,Soft White,203,RT_020,1.12,203
2025-07-22 09:11:28,STORE_103,Gweru_Branch,Mini Rolls 6-Pack,222,RT_008,1.1,222
2025-04-21 21:58:25,STORE_110,Bindura_Depot,Wholegrain Brown,313,RT_042,1.51,313
2025-06-28 20:28:22,STORE_136,Harare_Willowvale,Mini Rolls 6-Pack,52,RT_049,1.06,52
2025-07-15 17:34:31,STORE_111,Harare_Willowvale,Seed Loaf,266,RT_045,1.48,266
2025-06-27 20:10:16,STORE_011,Gweru_Branch,High Energy White,177,RT_004,1.29,177
2025-01-29 06:24:26,STORE_111,Harare_Willowvale,Buns 6-Pack,163,RT_017,1.24,163
2025-03-02 10:20:27,STORE_108,Marondera_Depot,Soft White,173,RT_049,1.39,173
2025-01-22 07:06:08,STORE_126,Marondera_Depot,Buns 6-Pack,253,RT_040,1.0,253
2025-02-23 16:10:12,STORE_061,Marondera_Depot,Seed Loaf,285,RT_013,1.44,285
2025-03-04 17:15:52,STORE_071,Bulawayo_Branch,Whole Wheat,274,RT_046,1.41,274
2025-02-11 20:16:23,STORE_016,Chitungwiza_Depot,High Energy Brown,8,RT_006,1.23,8
2025-04-08 15:40:47,STORE_063,Gweru_Branch,Seed Loaf,289,RT_007,1.55,289
2025-06-01 09:49:42,STORE_131,Marondera_Depot,Wholegrain Brown,151,RT_019,1.47,151
2025-05-06 20:15:27,STORE_041,Mutare_Branch,Whole Wheat,10,RT_003,1.54,10
2025-05-04 08:47:44,STORE_098,Bindura_Depot,High Energy White,4,RT_026,1.28,4
2025-06-23 18:12:47,STORE_103,Harare_Southerton,Family Loaf,141,RT_019,2.23,141
2025-03-18 23:54:29,STORE_038,Bindura_Depot,High Energy White,177,RT_014,1.28,177
2025-01-02 03:58:54,STORE_099,Mutare_Branch,Buns 6-Pack,190,RT_024,1.08,190
2025-01-02 06:59:57,STORE_091,Masvingo_Branch,High Energy Brown,277,RT_008,1.47,277
2025-06-27 15:30:46,STORE_120,Marondera_Depot,High Energy Brown,295,RT_045,1.29,295
2025-01-20 02:15:34,STORE_076,Bindura_Depot,Whole Wheat,139,RT_029,1.41,139
2025-06-12 14:13:48,STORE_057,Masvingo_Branch,Mini Rolls 6-Pack,106,RT_013,1.17,106
2025-07-22 17:56:32,STORE_091,Bulawayo_Branch,Whole Wheat,43,RT_020,1.59,43
2025-07-04 21:34:02,STORE_065,Kwekwe_Depot,Mini Rolls 6-Pack,50,RT_026,1.01,50
2025-03-05 22:53:53,STORE_110,Chitungwiza_Depot,Family Loaf,289,RT_044,2.34,289
2025-03-05 15:45:03,STORE_103,Harare_Willowvale,High Energy Brown,275,RT_002,1.21,275
2025-06-07 21:35:11,STORE_075,Mutare_Branch,Wholegrain Brown,253,RT_016,1.31,253
2025-07-01 11:16:26,STORE_085,Bulawayo_Branch,High Energy White,84,RT_027,1.24,84
2025-01-12 06:28:57,STORE_030,Mutare_Branch,High Energy White,193,RT_030,1.37,193
2025-02-25 19:50:16,STORE_094,Harare_Willowvale,Mini Rolls 6-Pack,102,RT_047,1.14,102
2025-03-25 08:04:22,STORE_053,Bindura_Depot,Buns 6-Pack,133,RT_021,1.18,133
2025-04-13 22:25:18,STORE_014,Chitungwiza_Depot,Whole Wheat,303,RT_027,1.39,303
2025-02-24 00:26:57,STORE_014,Chitungwiza_Depot,High Energy White,100,RT_026,1.4,100
2025-05-19 08:49:11,STORE_121,Mutare_Branch,Soft White,28,RT_009,1.26,28
,STORE_061,Masvingo_Branch,Soft White,235,RT_034,1.21,235
2025-04-17 09:25:00,STORE_099,Gweru_Branch,Mini Rolls 6-Pack,306,RT_006,1.16,306
2025-03-18 17:41:04,STORE_054,Gweru_Branch,High Energy White,240,RT_012,1.22,240
2025-01-07 19:04:29,STORE_026,Harare_Southerton,Buns 6-Pack,53,RT_038,1.02,53
2025-02-04 05:32:12,STORE_036,Harare_Willowvale,Soft White,241,RT_029,1.29,241
2025-01-01 20:46:44,STORE_075,Chitungwiza_Depot,Buns 6-Pack,226,RT_008,1.26,226
2025-01-28 22:46:42,STORE_116,Masvingo_Branch,WholgrainBrown,49,RT_038,1.51,49
2025-04-19 05:59:31,STORE_056,Chitungwiza_Depot,Seed Loaf,56,RT_023,1.52,56
2025-04-30 10:01:44,STORE_064,,Seed Lof,49,RT_045,1.59,49
2025-05-16 04:14:01,STORE_036,Bulawayo_Branch,High Energy White,90,RT_036,1.41,90
2025-04-20 17:17:01,STORE_066,Mutare_Branch,Wholegrain Brown,298,RT_012,1.42,298
2025-02-19 16:55:39,STORE_097,Chitungwiza_Depot,High Energy Brown,157,RT_038,1.23,157
2025-04-27 11:41:50,STORE_082,Harare_Southerton,Whole Wheat,38,RT_033,1.52,38
2025-03-12 05:20:02,STORE_041,Bulawayo_Branch,High Energy White,84,RT_032,1.49,84
2025-04-26 08:40:46,STORE_022,Marondera_Depot,Whole Wheat,262,RT_008,1.53,262
2025-07-20 10:20:43,STORE_077,Harare_Willowvale,High Energy Brown,73,RT_023,1.37,73
2025-05-10 01:36:27,STORE_064,Harare_Southerton,Whole Wheat,237,RT_012,1.5,237
2025-07-15 02:14:16,STORE_034,Chitungwiza_Depot,Family Loaf,118,RT_036,2.29,118
2025-04-04 12:35:52,STORE_080,Bulawayo_Branch,Seed Loaf,104,RT_006,1.61,104
2025-07-21 15:41:05,STORE_009,Gweru_Branch,High Energy White,157,RT_037,1.22,157
2025-04-12 03:34:47,STORE_073,Kwekwe_Depot,High Energy Brown,79,RT_042,1.31,79
2025-07-22 09:11:25,STORE_045,Chitungwiza_Depot,Wholegrain Brown,167,RT_031,1.48,167
2025-05-11 19:11:59,STORE_084,Harare_Southerton,Soft White,68,RT_041,1.28,68
2025-07-02 22:36:07,STORE_115,Gweru_Branch,Mini Rolls 6-Pack,245,RT_037,1.1,245
2025-04-13 02:15:39,STORE_123,Masvingo_Branch,Buns 6-Pack,306,RT_001,1.06,306
2025-06-26 23:37:13,STORE_047,Harare_Southerton,High Energy Brown,120,RT_032,1.29,120
2025-07-21 15:47:08,STORE_007,Kwekwe_Depot,High Energy White,235,RT_036,1.23,235
2025-01-14 13:51:17,STORE_018,Harare_Southerton,Whole Wheat,138,RT_028,1.38,138
2025-05-14 17:26:05,STORE_084,Mutare_Branch,High Energy Brown,125,RT_013,1.28,125
2025-02-12 14:34:22,STORE_078,Kwekwe_Depot,Seed Loaf,202,RT_017,1.69,202
2025-02-08 21:26:48,STORE_040,Masvingo_Branch,Mini Rolls 6-Pack,163,RT_044,0.98,163
2025-07-03 07:57:06,STORE_069,Bulawayo_Branch,High Energy Brown,111,RT_045,1.46,111
2025-06-09 20:12:06,STORE_028,Marondera_Depot,Seed Loaf,53,RT_033,1.41,53
2025-04-05 20:52:02,STORE_106,Mutare_Branch,Family Loaf,172,RT_001,2.15,172
2025-07-05 12:09:55,STORE_126,Mutare_Branch,Seed Loaf,314,RT_035,1.66,314
2025-06-06 15:02:48,STORE_100,Bulawayo_Branch,High Energy White,109,RT_001,1.22,109
2025-02-23 09:47:46,STORE_114,Harare_Willowvale,Mini Rolls 6-Pack,288,RT_005,1.18,288
2025-06-24 18:21:31,STORE_054,Bindura_Depot,Whole Wheat,287,RT_027,1.63,287
2025-05-13 16:16:43,STORE_128,Marondera_Depot,Whole Wheat,156,RT_045,1.4,156
2025-03-22 20:24:41,STORE_094,Harare_Willowvale,Mini Rolls 6-Pack,198,RT_032,1.0,198
2025-07-19 01:20:56,STORE_065,Masvingo_Branch,Mini Rolls 6-Pack,107,RT_049,0.99,107
2025-03-14 13:28:44,STORE_026,Kwekwe_Depot,Buns 6-Pack,189,RT_024,1.16,189
2025-02-19 16:52:09,STORE_006,Harare_Willowvale,Whole Wheat,235,RT_048,1.62,235
2025-04-04 16:56:13,STORE_075,Mutare_Branch,High Energy White,139,RT_016,1.36,139
2025-05-06 07:54:23,STORE_083,Chitungwiza_Depot,Whole Wheat,216,RT_012,1.48,216
2025-05-16 06:05:42,STORE_078,Harare_Willowvale,Mini Rolls 6-Pack,19,RT_034,1.03,19
2025-06-13 02:18:22,STORE_037,Chitungwiza_Depot,Whole Wheat,250,RT_049,1.63,250
2025-06-22 16:02:50,STORE_099,Masvingo_Branch,Family Loaf,229,RT_031,2.2,229
2025-07-30 01:28:06,STORE_034,Bulawayo_Branch,Family Loaf,250,RT_007,2.33,250
2025-05-11 03:36:42,STORE_025,Gweru_Branch,Mini Rolls 6-Pack,220,RT_044,0.96,220
2025-04-18 09:09:15,STORE_031,Harare_Southerton,Whole Wheat,291,RT_009,1.58,291
2025-07-03 09:26:27,STORE_009,Marondera_Depot,Wholegrain Brown,216,RT_022,1.4,216
2025-06-25 19:21:26,STORE_044,Bulawayo_Branch,Family Loaf,301,RT_043,2.34,301
2025-02-20 00:58:12,STORE_022,Bulawayo_Branch,Whole Wheat,156,RT_015,1.51,156
2025-05-29 22:49:25,STORE_071,Harare_Southerton,Seed Loaf,153,RT_025,1.64,153
2025-05-29 15:24:19,STORE_035,Harare_Willowvale,Buns 6-Pack,187,RT_024,1.04,187
2025-07-23 08:21:03,STORE_130,Bindura_Depot,Wholegrain Brown,211,RT_011,1.49,211
2025-03-17 23:01:05,STORE_118,Masvingo_Branch,Wholegrain Brown,82,RT_045,1.4,82
2025-07-07 07:02:23,STORE_087,Bindura_Depot,Mini Rolls 6-Pack,266,RT_036,1.0,266
2025-04-30 12:05:21,STORE_117,Marondera_Depot,Whole Wheat,71,RT_047,1.64,71
2025-02-03 15:20:05,STORE_075,Bulawayo_Branch,Milk1L,197,RT_017,1.05,197
2025-01-13 14:00:41,STORE_079,Gweru_Branch,Whole Wheat,193,RT_040,1.47,193
2025-06-13 08:50:00,STORE_069,Mutare_Branch,Mini Rolls 6-Pack,307,RT_026,1.18,307
2025-05-29 17:06:16,STORE_048,Marondera_Depot,Buns 6-Pack,158,,1.11,158
2025-07-19 14:35:13,STORE_052,Chitungwiza_Depot,Seed Loaf,46,RT_041,1.69,46
2025-03-12 10:42:20,STORE_004,Harare_Willowvale,Soft White,240,RT_033,1.13,240
2025-06-30 06:51:22,STORE_101,Mutare_Branch,Whole Wheat,41,RT_046,1.52,41
2025-07-17 15:04:59,STORE_109,Bulawayo_Branch,SeedLoaf,30,RT_017,1.57,30
2025-05-06 00:53:35,STORE_075,Chitungwiza_Depot,Wholegrain Brown,139,RT_021,1.53,139
2025-04-04 05:07:00,STORE_065,Kwekwe_Depot,Family Loaf,236,RT_018,2.39,236
2025-03-22 06:08:26,STORE_062,Marondera_Depot,Family Loaf,149,RT_037,2.14,149
2025-01-07 05:04:04,STORE_003,Mutare_Branch,High Energy Brown,255,RT_043,1.49,255
2025-01-21 13:57:24,STORE_015,Masvingo_Branch,Buns 6-Pack,208,RT_027,1.03,208
2025-07-24 15:28:00,STORE_128,Marondera_Depot,Seed Loaf,62,RT_046,1.52,62
2025-05-05 07:33:49,STORE_096,Chitungwiza_Depot,HighEnergyBrown,18,RT_004,1.22,18
2025-04-07 22:58:34,STORE_104,Harare_Willowvale,Seed Loaf,202,RT_029,1.52,202
2025-06-28 17:30:42,STORE_077,Marondera_Depot,High Energy White,60,RT_008,1.21,60
2025-02-12 20:06:30,STORE_093,Bulawayo_Branch,Mini Rolls 6-Pack,151,RT_042,0.93,151
2025-03-18 13:45:20,STORE_028,Harare_Southerton,Wholegrain Brown,181,RT_040,1.36,181
2025-01-15 03:20:50,STORE_061,Masvingo_Branch,Buns 6-Pack,37,RT_001,1.3,37
2025-01-29 23:33:57,STORE_133,Bulawayo_Branch,High Energy White,279,RT_038,1.32,279
2025-03-15 17:19:13,STORE_101,Harare_Southerton,Mini Rolls 6-Pack,64,RT_010,0.93,64
2025-06-03 23:34:39,STORE_032,Chitungwiza_Depot,Whole Wheat,40,RT_041,1.49,40
2025-06-24 06:13:44,STORE_122,Bindura_Depot,Seed Loaf,40,RT_027,1.61,40
2025-03-03 01:00:33,STORE_013,Mutare_Branch,High Energy Brown,252,RT_040,1.34,252
2025-05-08 19:24:42,STORE_021,Mutare_Branch,High Energy White,311,RT_040,1.43,311
2025-05-08 10:14:06,STORE_040,Chitungwiza_Depot,Buns 6-Pack,39,RT_035,1.18,39
2025-07-16 04:15:23,STORE_045,Masvingo_Branch,Family Loaf,86,RT_007,2.22,86
2025-06-23 01:35:23,STORE_115,Bindura_Depot,Mini Rolls 6-Pack,273,RT_025,0.92,273
2025-05-29 01:30:11,STORE_135,,Wholegrain Brown,207,RT_045,1.46,207
2025-01-15 19:22:52,STORE_111,Chitungwiza_Depot,Family Loaf,3,RT_049,2.32,3
2025-05-05 13:08:08,STORE_091,Gweru_Branch,Buns 6-Pack,167,RT_015,1.26,167
2025-07-05 21:14:34,STORE_096,Mutare_Branch,Wholegrain Brown,263,RT_024,1.31,263
2025-02-14 00:46:49,STORE_017,Harare_Southerton,High Energy White,21,RT_042,1.41,21
2025-07-24 20:51:03,STORE_015,Marondera_Depot,Mini Rolls 6-Pack,58,RT_031,1.11,58
2025-01-19 11:16:16,STORE_011,Harare_Southerton,Seed Loaf,196,RT_030,1.42,196
2025-04-27 09:26:36,STORE_117,Masvingo_Branch,Wholegrain Brown,89,RT_046,1.42,89
2025-03-18 04:17:11,STORE_025,Mutare_Branch,Family Loaf,235,RT_027,2.35,235
2025-05-24 07:53:02,STORE_009,Masvingo_Branch,Wholegrain Brown,4,RT_036,1.33,4
2025-04-15 04:54:41,STORE_050,Masvingo_Branch,Family Loaf,38,RT_041,2.2,38
2025-05-06 13:15:58,STORE_028,Harare_Willowvale,Whole Wheat,248,RT_026,1.41,248
2025-01-27 05:19:05,STORE_042,Bindura_Depot,Family Loaf,300,RT_048,,300
2025-07-15 04:03:31,STORE_128,Harare_Southerton,Soft White,81,RT_023,1.39,81
2025-04-02 05:54:39,STORE_128,Harare_Southerton,Soft White,216,RT_043,1.21,216
2025-05-14 09:32:26,STORE_121,Marondera_Depot,High Energy White,240,RT_035,1.32,240
2025-05-18 00:01:29,STORE_137,Gweru_Branch,Mini Rolls 6-Pack,19,RT_029,0.92,19
2025-06-26 22:01:09,STORE_111,Harare_Willowvale,Wholegrain Brown,304,RT_009,1.34,304
2025-05-13 02:09:14,STORE_008,Mutare_Branch,Family Loaf,22,RT_047,2.12,22
2025-04-03 06:45:55,STORE_136,Bulawayo_Branch,High Energy White,230,RT_014,1.22,230
2025-05-07 22:34:50,STORE_122,Harare_Willowvale,Buns 6-Pack,91,RT_018,1.11,91
2025-03-18 06:45:16,STORE_008,Chitungwiza_Depot,Mini Rolls 6-Pack,22,RT_007,1.0,22
2025-02-15 10:48:08,STORE_134,Mutare_Branch,High Energy White,103,RT_007,1.49,103
2025-06-16 08:49:39,STORE_117,Kwekwe_Depot,Whole Wheat,51,,1.4,51
2025-03-16 08:25:59,STORE_090,Bindura_Depot,Seed Loaf,3,RT_019,1.53,3
2025-03-07 00:24:52,STORE_085,Kwekwe_Depot,Family Loaf,212,RT_025,2.24,212
2025-06-29 22:45:46,STORE_047,Marondera_Depot,Wholegrain Brown,164,RT_033,1.57,164
2025-06-01 20:42:49,STORE_111,Harare_Southerton,Soft White,157,RT_044,1.2,157
2025-02-21 12:57:34,STORE_034,Marondera_Depot,Family Loaf,259,RT_025,2.16,259
2025-05-04 23:14:41,STORE_103,Kwekwe_Depot,Seed Loaf,25,RT_005,1.59,25
2025-05-15 14:29:15,STORE_110,Masvingo_Branch,Soft White,308,RT_002,1.19,308
2025-05-16 02:17:17,STORE_119,Chitungwiza_Depot,Whole Wheat,253,RT_009,1.5,253
2025-01-30 17:59:08,STORE_076,Harare_Southerton,Whole grain Brown,219,RT_002,1.45,219
2025-04-20 15:34:20,STORE_128,Bulawayo_Branch,Wholegrain Brown,214,RT_038,1.32,214
2025-01-31 08:14:05,STORE_016,Kwekwe_Depot,Seed Loaf,311,RT_028,1.53,311
2025-02-17 20:41:54,STORE_135,Chitungwiza_Depot,Buns 6-Pack,234,RT_041,1.1,234
2025-02-12 04:17:01,STORE_134,Bulawayo_Branch,Buns 6-Pack,169,RT_020,1.04,169
2025-06-09 20:20:45,STORE_128,Bulawayo_Branch,Seed Loaf,111,RT_008,1.45,111
2025-03-08 02:56:18,STORE_019,Harare_Southerton,Wholegrain Brown,120,RT_001,1.31,120
2025-01-14 15:36:58,STORE_135,Bulawayo_Branch,Buns 6-Pack,204,RT_044,1.26,204
2025-06-01 16:26:51,STORE_121,Masvingo_Branch,Buns 6-Pack,162,RT_017,1.14,162
2025-06-20 22:48:11,STORE_083,Bulawayo_Branch,High Energy White,78,RT_045,1.44,78
2025-05-11 07:59:44,STORE_070,Harare_Southerton,Buns 6-Pack,200,RT_012,1.17,200
2025-04-23 19:28:39,STORE_023,Gweru_Branch,High Energy White,127,RT_018,1.29,127
2025-03-20 00:00:00,STORE_091,Kwekwe_Depot,High Energy Brown,141,RT_022,1.4,141
2025-07-29 15:13:20,STORE_029,Kwekwe_Depot,SoapBar,84,RT_027,1.29,84
2025-05-23 13:37:56,STORE_136,Masvingo_Branch,Mini Rolls 6-Pack,106,RT_022,1.08,106
2025-02-06 19:55:32,STORE_049,Harare_Southerton,Family Loaf,69,RT_001,2.24,69
2025-01-06 23:02:18,STORE_115,Gweru_Branch,High Energy White,181,RT_041,1.28,181
2025-04-09 20:00:02,STORE_041,Chitungwiza_Depot,Buns 6-Pack,76,RT_033,1.11,76
2025-06-09 11:46:43,STORE_087,Gweru_Branch,Family Loaf,313,RT_047,2.18,313
2025-07-20 11:55:42,STORE_055,Bindura_Depot,High Energy White,115,RT_002,1.23,115
2025-06-26 18:42:09,STORE_002,Kwekwe_Depot,High Energy Brown,144,RT_035,1.5,144
2025-05-18 22:17:22,STORE_121,Chitungwiza_Depot,Family Loaf,105,RT_041,2.34,105
,STORE_121,Marondera_Depot,Family Loaf,8,RT_035,2.3,8
2025-04-09 18:51:18,STORE_013,Harare_Southerton,Whole Wheat,180,RT_009,1.52,180
2025-07-01 20:11:12,STORE_086,Bindura_Depot,Soft White,271,RT_037,1.2,271
2025-05-31 08:02:43,STORE_115,Marondera_Depot,High Energy Brown,65,RT_042,1.31,65
2025-03-12 20:26:42,STORE_024,Kwekwe_Depot,High Energy White,57,RT_035,1.31,57
2025-03-01 11:12:36,STORE_112,Masvingo_Branch,Whole Wheat,159,RT_015,1.48,159
2025-05-07 00:51:04,STORE_085,Bindura_Depot,Seed Loaf,317,RT_002,1.62,317
2025-01-24 10:24:36,STORE_102,Bulawayo_Branch,Soft White,239,RT_014,,239
2025-07-12 17:43:14,STORE_034,Harare_Southerton,High Energy White,300,RT_030,1.38,300
2025-04-11 07:03:14,STORE_008,Bindura_Depot,Mini Rolls 6-Pack,92,RT_008,1.15,92
2025-02-11 09:57:06,STORE_022,Bindura_Depot,Family Loaf,57,RT_036,2.35,57
2025-04-21 11:32:09,STORE_043,Marondera_Depot,Family Loaf,199,RT_021,2.39,199
2025-06-10 00:12:27,STORE_067,Kwekwe_Depot,Soft White,227,RT_004,1.12,227
2025-01-13 15:58:36,STORE_017,Bindura_Depot,Family Loaf,113,RT_032,2.14,113
2025-05-17 23:32:37,STORE_025,Marondera_Depot,Mini Rolls 6-Pack,59,RT_023,0.97,59
2025-05-09 11:39:58,STORE_036,Bindura_Depot,Seed Loaf,102,RT_029,1.55,102
2025-05-13 18:36:01,STORE_011,Marondera_Depot,High Energy Brown,253,RT_003,1.37,253
2025-02-22 23:43:58,STORE_138,Mutare_Branch,Buns 6-Pack,118,RT_044,1.23,118
2025-06-17 23:46:58,STORE_071,Harare_Willowvale,Wholegrain Brown,309,RT_008,1.33,309
2025-04-26 02:00:31,STORE_108,Harare_Willowvale,Mini Rolls 6-Pack,16,RT_010,0.95,16
,STORE_107,Bindura_Depot,Mini Rolls 6-Pack,158,RT_023,0.91,158
2025-04-22 07:46:35,STORE_106,Harare_Southerton,High Energy White,314,RT_007,1.5,314
2025-02-03 04:04:53,STORE_095,Marondera_Depot,Whole Wheat,236,RT_035,1.45,236
2025-06-24 19:20:23,STORE_017,Harare_Willowvale,Seed Loaf,152,RT_022,1.68,152
2025-07-02 06:38:04,STORE_034,Kwekwe_Depot,Soft White,223,RT_028,1.33,223
2025-06-24 18:25:40,STORE_019,Mutare_Branch,High Energy White,170,RT_023,1.34,170
2025-02-09 14:11:30,STORE_113,Harare_Willowvale,High Energy White,164,RT_028,1.23,164
2025-01-06 10:26:36,STORE_031,Marondera_Depot,High Energy Brwn,71,RT_044,1.48,71
2025-01-31 02:56:02,STORE_101,Masvingo_Branch,Seed Loaf,53,RT_028,1.64,53
2025-04-17 01:29:26,STORE_069,Masvingo_Branch,Soft White,259,RT_009,1.18,259
2025-07-30 19:13:22,STORE_026,Mutare_Branch,Whole Wheat,259,RT_005,1.37,259
2025-05-24 07:43:48,STORE_102,Marondera_Depot,Whole Wheat,28,RT_011,1.36,28
2025-04-22 17:38:50,STORE_098,Masvingo_Branch,Wholegrain Brown,192,RT_001,1.38,192
2025-02-15 06:27:31,STORE_060,Marondera_Depot,Whole Wheat,50,RT_007,1.44,50
2025-03-28 10:40:10,STORE_013,Mutare_Branch,Wholegrain Brown,180,RT_008,1.43,180
2025-04-05 18:56:32,STORE_028,Harare_Southerton,Mini Rolls 6-Pack,273,RT_016,1.09,273
2025-05-25 20:04:47,STORE_058,Harare_Southerton,High Energy White,207,RT_038,1.4,207
2025-07-16 17:12:58,STORE_071,Marondera_Depot,High Energy White,32,RT_024,1.39,32
2025-02-26 07:55:40,STORE_042,Gweru_Branch,Family Loaf,114,RT_028,2.16,114
2025-02-25 17:03:37,STORE_085,Bulawayo_Branch,High Energy White,39,RT_013,1.37,39
2025-06-24 19:03:16,STORE_031,Gweru_Branch,Seed Loaf,275,RT_001,1.44,275
2025-04-04 18:11:46,STORE_028,Bulawayo_Branch,Seed Loaf,14,RT_018,1.66,14
2025-06-02 02:46:17,STORE_066,Gweru_Branch,High Energy Brown,287,RT_014,1.37,287
2025-04-02 11:43:37,STORE_119,Gweru_Branch,Seed Loaf,150,RT_027,1.54,150
2025-07-25 04:42:06,STORE_087,Marondera_Depot,Family Loaf,106,RT_008,2.32,106
2025-04-05 19:03:39,STORE_122,Bulawayo_Branch,Family Loaf,131,RT_020,2.17,131
2025-05-31 02:31:45,STORE_018,Chitungwiza_Depot,Soft White,190,RT_037,1.39,190
2025-04-06 23:11:54,STORE_125,Harare_Southerton,Whole Wheat,267,RT_038,1.48,267
2025-06-11 20:32:22,STORE_076,Mutare_Branch,Mini Rolls 6-Pack,309,RT_001,1.14,309
2025-06-05 04:28:49,STORE_058,Chitungwiza_Depot,Wholegrain Brown,71,RT_033,1.55,71
2025-06-21 07:38:10,STORE_013,Masvingo_Branch,High Energy White,144,RT_004,1.28,144
2025-06-01 22:30:29,STORE_120,Bulawayo_Branch,Mini Rolls 6-Pack,52,RT_039,1.18,52
2025-05-13 21:19:27,STORE_028,Kwekwe_Depot,Whole Wheat,15,RT_044,1.51,15
2025-03-05 05:38:38,STORE_022,Marondera_Depot,Wholegrain Brown,163,RT_041,1.54,163
2025-06-05 08:44:02,STORE_011,Marondera_Depot,High Energy White,233,RT_016,1.35,233
2025-02-17 04:41:56,STORE_088,Gweru_Branch,Mini Rolls 6-Pack,80,RT_047,0.96,80
2025-03-06 07:27:32,STORE_009,Gweru_Branch,Buns 6-Pack,4,RT_038,1.22,4
2025-01-19 09:52:25,STORE_023,Marondera_Depot,Mini Rolls 6-Pack,107,RT_018,1.11,107
2025-05-21 07:47:35,STORE_137,Bulawayo_Branch,Family Loaf,7,RT_047,2.21,7
2025-04-18 22:06:31,STORE_122,Kwekwe_Depot,Wholegrain Brown,113,RT_024,1.36,113
2025-01-07 14:27:31,STORE_024,Mutare_Branch,Soft White,157,RT_017,1.2,157
2025-07-12 02:51:57,STORE_058,Kwekwe_Depot,Whole Wheat,144,RT_031,1.37,144
2025-01-26 12:05:31,STORE_042,Kwekwe_Depot,Wholegrain Brown,186,RT_012,1.54,186
2025-01-04 05:33:35,STORE_103,Chitungwiza_Depot,Whole Wheat,202,RT_025,1.51,202
2025-01-22 11:08:49,STORE_028,Chitungwiza_Depot,High Energy White,75,RT_043,1.22,75
2025-04-24 18:06:06,STORE_094,Bulawayo_Branch,Mini Rolls 6-Pack,126,RT_037,1.09,126
2025-06-24 08:05:52,STORE_069,Harare_Southerton,Whole Wheat,36,RT_005,1.64,36
2025-07-07 03:42:23,STORE_004,Mutare_Branch,Family Loaf,216,RT_008,2.35,216
2025-03-31 04:10:25,STORE_036,Mutare_Branch,High Energy White,106,RT_037,1.43,106
2025-05-12 13:16:25,STORE_122,Harare_Southerton,Family Loaf,34,RT_010,2.11,34
2025-04-20 13:34:01,STORE_097,Harare_Southerton,Family Loaf,202,RT_009,2.14,202
2025-01-11 04:17:39,STORE_021,Harare_Southerton,High Energy White,223,RT_041,1.33,223
2025-06-08 09:35:13,STORE_035,Harare_Willowvale,Soft White,4,RT_021,1.14,4
2025-04-30 21:07:24,STORE_015,Gweru_Branch,Buns 6-Pack,37,RT_020,1.2,37
2025-07-24 01:45:57,STORE_016,Masvingo_Branch,Wholegrain Brown,194,RT_027,1.43,194
2025-06-18 23:45:19,STORE_094,Marondera_Depot,Soft White,235,RT_043,1.19,235
2025-03-24 19:42:18,STORE_019,Gweru_Branch,High Energy Brown,201,RT_040,1.22,201
2025-06-15 17:59:18,STORE_101,Bindura_Depot,Wholegrain Brown,216,RT_033,1.56,216
2025-05-11 11:34:57,STORE_126,Harare_Willowvale,High Energy Brown,313,RT_047,1.37,313
2025-06-08 07:36:39,STORE_082,Marondera_Depot,High Energy White,55,RT_028,1.46,55
2025-01-03 18:06:03,STORE_063,Gweru_Branch,Whole Wheat,64,RT_010,1.41,64
2025-07-20 03:40:47,STORE_128,Mutare_Branch,Family Loaf,262,RT_048,2.21,262
2025-03-08 17:57:14,STORE_048,Chitungwiza_Depot,Wholegrain Brown,236,RT_046,1.48,236
2025-04-01 21:03:21,STORE_028,Bindura_Depot,High Energy White,23,RT_027,1.3,23
2025-01-19 08:59:02,STORE_006,Marondera_Depot,Mini Rolls 6-Pack,211,RT_047,1.13,211
2025-03-26 12:48:13,STORE_090,Harare_Willowvale,Buns 6-Pack,42,RT_005,1.04,42
2025-03-13 14:00:58,STORE_117,Bulawayo_Branch,High Energy Brown,197,RT_013,1.33,197
2025-01-08 07:45:31,STORE_118,Bindura_Depot,High Energy White,66,RT_010,1.43,66
2025-05-12 00:14:07,STORE_039,Harare_Southerton,Seed Loaf,123,RT_006,1.53,123
2025-06-29 03:24:07,STORE_136,Harare_Southerton,High Energy White,92,RT_035,1.42,92
2025-06-08 01:00:29,STORE_121,Bulawayo_Branch,Mini Rolls 6-Pack,170,RT_004,0.98,170
2025-02-05 04:49:01,STORE_001,Gweru_Branch,Whole Wheat,252,RT_047,1.48,252
2025-03-02 03:45:35,STORE_122,Harare_Willowvale,Family Loaf,49,RT_025,2.24,49
2025-03-22 01:54:23,STORE_080,Mutare_Branch,High Energy White,39,RT_023,1.4,39
2025-01-14 03:34:38,STORE_054,Bindura_Depot,High Energy Brown,26,RT_021,1.24,26
2025-02-22 16:04:02,STORE_005,Marondera_Depot,High Energy White,190,RT_037,1.43,190
2025-04-29 22:32:05,STORE_022,Harare_Southerton,Buns 6-Pack,312,RT_027,1.04,312
2025-07-13 03:43:41,STORE_112,Masvingo_Branch,High Energy Brown,302,RT_042,1.49,302
2025-02-16 04:50:18,STORE_073,Chitungwiza_Depot,Whole Wheat,25,RT_011,1.61,25
2025-05-12 09:59:16,STORE_015,Gweru_Branch,Wholegrain Brown,230,RT_027,1.31,230
2025-02-10 08:31:09,STORE_121,Harare_Willowvale,High Energy White,97,RT_017,1.24,97
2025-04-07 21:04:22,STORE_016,Chitungwiza_Depot,Buns 6-Pack,102,RT_044,1.15,102
2025-03-10 10:13:13,STORE_059,Chitungwiza_Depot,Soft White,251,RT_027,1.18,251
2025-02-08 18:54:38,STORE_061,Marondera_Depot,Mini Rolls 6-Pack,104,RT_002,1.07,104
2025-05-17 11:24:30,STORE_026,Mutare_Branch,Family Loaf,6,RT_019,2.16,6
2025-02-10 19:38:57,STORE_112,Harare_Willowvale,Buns 6-Pack,216,RT_010,1.02,216
2025-05-08 18:20:04,STORE_017,Kwekwe_Depot,Soft White,16,RT_020,1.28,16
2025-06-09 16:36:54,STORE_031,Mutare_Branch,Soft White,121,RT_003,1.17,121
2025-05-10 08:51:38,STORE_008,Kwekwe_Depot,Seed Loaf,18,RT_028,1.7,18
2025-01-25 13:40:27,STORE_058,Bulawayo_Branch,High Energy White,244,RT_020,1.4,244
2025-05-24 20:25:06,STORE_004,Harare_Willowvale,Family Loaf,3,RT_007,2.26,3
2025-05-01 22:24:03,STORE_096,Harare_Southerton,Soft White,64,RT_036,1.31,64
2025-04-29 00:52:59,STORE_075,Mutare_Branch,Coke500ml,46,RT_031,1.6,46
2025-03-04 18:16:09,STORE_035,Gweru_Branch,Buns 6-Pack,85,RT_011,1.02,85
2025-01-28 05:50:47,STORE_027,Mutare_Branch,Mini Rolls 6-Pack,160,RT_028,1.07,160
2025-05-14 20:37:42,STORE_017,Gweru_Branch,High Energy Brown,103,RT_017,1.31,103
2025-05-21 09:54:55,STORE_139,Mutare_Branch,Wholegrain Brown,572,RT_034,1.57,572
2025-06-19 12:15:20,STORE_112,Marondera_Depot,Family Loaf,124,RT_009,2.12,124
2025-01-31 16:27:02,STORE_071,Marondera_Depot,Soft White,288,RT_038,1.3,288
2025-05-20 08:14:44,STORE_107,Mutare_Branch,Whole Wheat,306,RT_037,1.56,306
2025-05-19 11:57:31,STORE_016,Harare_Southerton,Mini Rolls 6-Pack,84,RT_007,1.07,84
2025-01-13 04:07:16,STORE_044,Kwekwe_Depot,Wholegrain Brown,250,RT_014,1.34,250
2025-02-07 09:33:05,STORE_045,,High Energy Brown,68,RT_034,1.35,68
2025-01-13 13:51:46,STORE_111,Gweru_Branch,Family Loaf,35,RT_041,2.33,35
2025-02-22 00:45:11,STORE_069,Harare_Southerton,Whole Wheat,90,RT_015,1.46,90
2025-01-08 20:02:15,STORE_043,Chitungwiza_Depot,Soft White,70,RT_030,1.27,70
2025-06-22 21:19:30,STORE_083,Masvingo_Branch,High Energy White,169,RT_031,1.28,169
2025-03-10 02:41:42,STORE_048,Chitungwiza_Depot,Family Loaf,296,RT_011,2.2,296
2025-01-27 20:38:08,STORE_014,Marondera_Depot,High Energy Brown,63,RT_018,1.36,63
2025-04-07 08:20:58,STORE_056,Mutare_Branch,High Energy Brown,188,RT_014,1.22,188
2025-07-15 14:30:10,STORE_044,Kwekwe_Depot,Soft White,305,RT_023,1.35,305
2025-03-19 08:05:35,STORE_075,Chitungwiza_Depot,Whole Wheat,143,RT_045,1.55,143
2025-04-10 16:04:34,STORE_020,Bindura_Depot,Mini Rolls 6-Pack,45,,1.19,45
2025-02-12 21:03:15,STORE_125,Bulawayo_Branch,Soft White,263,RT_023,1.2,263
2025-02-12 03:36:11,STORE_058,Bulawayo_Branch,Whole Wheat,44,RT_040,1.5,44
2025-02-14 05:52:07,STORE_044,Gweru_Branch,Seed Loaf,246,RT_025,1.53,246
2025-04-17 07:34:25,STORE_089,Bindura_Depot,Whole Wheat,146,RT_023,1.64,146
2025-05-29 09:24:50,STORE_089,Masvingo_Branch,Mini Rolls 6-Pack,168,RT_036,1.15,168
2025-05-17 04:04:51,STORE_077,Harare_Willowvale,Seed Loaf,35,RT_029,1.65,35
2025-03-03 05:51:02,STORE_075,Bindura_Depot,Soft Whtie,206,RT_011,1.14,206
2025-06-15 15:27:11,STORE_003,Bulawayo_Branch,Soft White,26,RT_007,1.4,26
2025-03-31 14:28:54,STORE_127,Bindura_Depot,Wholegrain Brown,135,RT_018,1.57,135
2025-05-29 18:59:26,STORE_063,Bindura_Depot,Seed Loaf,124,RT_017,1.61,124
2025-04-17 18:17:57,STORE_039,Chitungwiza_Depot,Milk1L,246,RT_044,1.46,246
2025-01-21 14:17:52,STORE_130,Chitungwiza_Depot,Wholegrain Brown,160,RT_019,1.38,160
2025-05-11 12:06:52,STORE_090,Harare_Southerton,Mini Rolls 6-Pack,253,RT_041,0.95,253
2025-07-08 16:58:17,STORE_129,Marondera_Depot,Family Loaf,163,RT_049,2.34,163
2025-04-29 14:26:06,STORE_107,Mutare_Branch,High Energy White,28,RT_010,1.39,28
2025-03-07 04:06:01,STORE_099,Chitungwiza_Depot,Mini Rolls 6-Pack,192,RT_019,0.91,192
2025-05-20 18:39:58,STORE_034,Chitungwiza_Depot,Family Loaf,232,RT_025,2.34,232
2025-06-29 02:10:03,STORE_037,Marondera_Depot,Soft White,160,RT_017,1.31,160
2025-04-28 23:35:56,STORE_128,Harare_Southerton,High Energy Brown,186,RT_018,1.48,186
2025-02-25 21:42:45,STORE_021,Bindura_Depot,Family Loaf,93,RT_010,2.15,93
2025-04-26 05:51:21,STORE_089,Mutare_Branch,Soft White,81,RT_019,1.15,81
2025-04-29 03:34:24,STORE_107,Marondera_Depot,Buns 6-Pack,156,RT_008,1.14,156
2025-07-04 03:32:51,STORE_121,Bulawayo_Branch,Seed Loaf,129,RT_003,1.49,129
2025-02-12 09:14:57,STORE_024,Marondera_Depot,Family Loaf,72,RT_018,2.28,72
2025-01-05 15:51:30,STORE_041,Bulawayo_Branch,SoapBar,195,RT_007,1.42,195
2025-02-01 13:21:05,STORE_019,Harare_Willowvale,Mini Rolls 6-Pack,241,RT_030,1.17,241
2025-06-25 09:19:03,STORE_004,Mutare_Branch,Whole Wheat,228,RT_017,1.41,228
2025-01-12 01:20:05,STORE_039,Masvingo_Branch,High Energy Brown,262,RT_031,1.28,262
2025-01-29 14:00:06,STORE_015,Harare_Southerton,High Energy Brown,149,RT_007,1.38,149
2025-03-31 09:15:05,STORE_138,Gweru_Branch,Buns 6-Pack,153,RT_020,1.06,153
2025-03-29 18:35:54,STORE_049,Bulawayo_Branch,Family Loaf,157,RT_042,2.22,157
2025-06-08 20:56:09,STORE_125,Masvingo_Branch,Family Loaf,63,RT_018,2.39,63
2025-03-29 16:24:27,STORE_024,Marondera_Depot,Buns 6-Pack,103,RT_008,1.08,103
2025-02-22 19:07:59,STORE_089,Bindura_Depot,Whole Wheat,141,RT_007,1.44,141
2025-05-16 07:14:35,STORE_041,Gweru_Branch,Family Loaf,204,RT_024,2.27,204
2025-05-08 21:23:26,STORE_020,Mutare_Branch,High Energy White,205,RT_002,1.47,205
2025-05-06 17:49:07,STORE_047,Mutare_Branch,Whole Wheat,137,RT_034,1.39,137
2025-01-05 01:09:20,STORE_085,Harare_Willowvale,Seed Loaf,204,RT_036,1.6,204
2025-01-06 08:48:43,STORE_005,Bindura_Depot,Buns 6-Pack,102,RT_036,1.25,102
2025-03-04 10:59:24,STORE_010,Gweru_Branch,Family Loaf,175,RT_012,2.19,175
2025-02-04 04:53:47,STORE_028,Harare_Southerton,High Energy White,95,RT_018,1.37,95
2025-07-02 08:57:20,STORE_011,Bindura_Depot,Wholegrain Brown,203,RT_011,1.31,203
2025-04-17 19:33:00,STORE_099,Chitungwiza_Depot,High Energy Brown,88,RT_029,1.41,88
2025-03-04 04:54:45,STORE_112,Bindura_Depot,High Energy White,182,RT_042,1.36,182
2025-04-02 14:56:03,STORE_008,Mutare_Branch,Soft White,143,RT_008,1.28,143
2025-06-20 01:28:45,STORE_076,Harare_Southerton,Soft White,103,RT_022,1.11,103
2025-06-22 19:21:53,STORE_071,Bulawayo_Branch,Whole Wheat,164,RT_037,1.45,164
2025-05-27 10:51:12,STORE_048,Masvingo_Branch,High Energy Brown,170,RT_028,1.22,170
2025-05-19 08:56:40,STORE_079,Kwekwe_Depot,Seed Loaf,55,RT_004,1.59,55
2025-04-07 00:54:56,STORE_079,Harare_Southerton,High Energy White,205,RT_047,1.25,205
2025-07-25 10:46:04,STORE_127,Chitungwiza_Depot,High Energy Brown,315,RT_008,1.46,315
2025-01-28 21:16:21,STORE_121,Kwekwe_Depot,Whole Wheat,240,RT_007,1.4,240
2025-04-18 00:37:56,STORE_051,Harare_Willowvale,Soft White,286,RT_034,1.19,286
2025-06-10 04:00:28,STORE_136,Marondera_Depot,Soft White,164,RT_043,1.21,164
2025-05-25 22:02:01,STORE_081,Chitungwiza_Depot,Mini Rolls 6-Pack,137,RT_047,0.95,137
2025-05-06 09:01:17,STORE_005,Gweru_Branch,Mini Rolls 6-Pack,118,RT_025,1.1,118
2025-06-16 20:03:48,STORE_053,Bulawayo_Branch,Mini Rolls 6-Pack,217,RT_006,1.1,217
2025-07-02 03:37:38,STORE_018,Harare_Southerton,Soft White,69,RT_030,1.32,69
2025-02-11 03:31:30,STORE_008,Mutare_Branch,Mini Rolls 6-Pack,243,RT_001,1.05,243
2025-06-21 09:32:02,STORE_124,Bulawayo_Branch,Whole Wheat,97,RT_022,1.64,97
2025-07-12 18:05:46,STORE_051,Mutare_Branch,Mini Rolls 6-Pack,275,RT_034,1.13,275
2025-05-04 23:38:52,STORE_137,Gweru_Branch,High Energy Brown,160,RT_009,1.46,160
2025-03-31 14:55:43,STORE_110,Kwekwe_Depot,Wholegrain Brown,35,RT_047,1.57,35
2025-03-30 09:59:32,STORE_009,Gweru_Branch,Seed Loaf,164,RT_021,1.67,164
2025-03-14 11:39:08,STORE_019,Harare_Willowvale,Mini Rolls 6-Pack,53,RT_015,1.08,53
2025-06-09 08:46:45,STORE_087,Mutare_Branch,Seed Loaf,268,RT_026,1.67,268
2025-01-03 09:27:03,STORE_119,Bindura_Depot,Family Loaf,223,RT_003,2.29,223
2025-07-29 19:56:00,STORE_132,Bindura_Depot,Buns 6-Pack,182,RT_012,1.13,182
2025-07-08 12:26:47,STORE_028,Kwekwe_Depot,Seed Loaf,74,RT_032,1.57,74
2025-03-03 03:06:32,STORE_082,Harare_Willowvale,Seed Loaf,210,RT_008,1.42,210
2025-05-29 02:42:12,STORE_096,Harare_Southerton,Whole Wheat,223,RT_007,1.46,223
2025-04-08 13:39:08,STORE_095,Harare_Willowvale,Mini Rolls 6-Pack,256,RT_033,1.04,256
2025-07-18 07:20:56,STORE_004,Mutare_Branch,Buns 6-Pack,50,RT_022,1.19,50
2025-06-22 14:06:00,STORE_106,Bulawayo_Branch,Mini Rolls 6-Pack,50,RT_031,1.15,50
2025-03-25 09:27:53,STORE_014,Gweru_Branch,Seed Loaf,130,,1.63,130
2025-07-22 13:23:45,STORE_043,Gweru_Branch,Wholegrain Brown,86,RT_039,1.41,86
2025-03-10 19:49:54,STORE_112,Harare_Willowvale,Seed Loaf,228,RT_002,1.49,228
2025-03-11 07:57:46,STORE_126,Gweru_Branch,Buns 6-Pack,140,RT_007,1.1,140
2025-02-01 07:10:38,STORE_050,Kwekwe_Depot,Whole Wheat,60,RT_008,1.46,60
2025-05-01 12:45:49,STORE_013,Mutare_Branch,Wholegrain Brown,128,RT_008,1.49,128
2025-03-06 07:50:05,STORE_133,Kwekwe_Depot,Mini Rolls 6-Pack,238,RT_032,1.09,238
2025-07-05 08:25:41,STORE_123,Chitungwiza_Depot,High Energy Brown,91,RT_045,1.44,91
2025-01-11 01:03:58,STORE_059,Kwekwe_Depot,Buns 6-Pack,45,RT_035,1.16,45
2025-02-10 03:43:18,STORE_070,Bulawayo_Branch,Soft White,119,RT_001,1.19,119
2025-07-24 20:06:15,STORE_046,Bindura_Depot,Wholegrain Brown,284,RT_047,1.43,284
2025-04-10 01:01:26,STORE_065,Gweru_Branch,High Energy Brown,47,RT_045,1.41,47
2025-03-11 16:32:23,STORE_002,Harare_Southerton,High Energy White,163,RT_026,1.37,163
2025-05-15 06:10:16,STORE_006,Harare_Willowvale,Whole Wheat,13,RT_008,1.49,13
2025-03-03 17:17:40,STORE_091,Harare_Willowvale,Whole Wheat,157,RT_041,1.44,157
2025-02-08 04:19:31,STORE_112,Marondera_Depot,Seed Loaf,312,RT_034,1.47,312
2025-04-08 09:55:57,STORE_056,Mutare_Branch,Whole Wheat,206,RT_033,1.46,206
2025-06-30 10:50:40,STORE_035,Bindura_Depot,Wholegrain Brown,191,RT_013,1.5,191
2025-04-25 22:13:47,STORE_117,Mutare_Branch,Family Loaf,99,RT_042,2.18,99
2025-04-24 20:04:44,STORE_130,Bulawayo_Branch,Milk1L,135,RT_023,1.41,135
2025-03-31 08:20:02,STORE_105,Harare_Southerton,High Energy White,71,RT_027,1.35,71
2025-01-27 22:12:24,STORE_135,Marondera_Depot,High Energy Brown,37,RT_027,1.27,37
2025-01-15 10:02:29,STORE_002,Harare_Willowvale,Seed Loaf,175,RT_021,1.61,175
2025-04-18 03:40:11,STORE_026,Harare_Willowvale,Whole Wheat,152,RT_036,1.57,152
2025-02-18 19:20:03,STORE_131,Gweru_Branch,High Energy Brown,197,RT_042,1.21,197
2025-04-28 19:18:23,STORE_005,Gweru_Branch,Buns 6-Pack,86,RT_028,1.26,86
2025-06-01 11:31:51,STORE_077,Harare_Southerton,Whole Wheat,315,RT_011,1.55,315
2025-04-12 19:37:37,STORE_116,Masvingo_Branch,Whole Wheat,112,RT_024,1.36,112
2025-04-24 16:14:06,STORE_063,Chitungwiza_Depot,Mini Rolls 6-Pack,211,RT_002,1.05,211
2025-05-02 23:32:05,STORE_053,Kwekwe_Depot,Wholegrain Brown,73,RT_009,1.39,73
2025-07-06 22:21:05,STORE_010,Harare_Southerton,Seed Loaf,134,RT_045,1.41,134
2025-06-05 04:06:09,STORE_106,Mutare_Branch,Buns 6-Pack,219,RT_036,1.14,219
2025-07-12 02:03:24,STORE_055,Marondera_Depot,Whole Wheat,128,RT_007,1.53,128
2025-04-25 00:22:21,STORE_016,Gweru_Branch,Seed Loaf,119,RT_047,1.59,119
2025-07-11 09:11:38,STORE_061,Marondera_Depot,High Energy Brown,308,RT_026,1.34,308
2025-02-13 19:03:19,STORE_107,Masvingo_Branch,High Energy Brown,259,RT_036,1.22,259
2025-04-14 04:52:56,STORE_068,Bulawayo_Branch,Whole Wheat,306,RT_023,1.65,306
2025-05-29 05:46:27,STORE_075,Bulawayo_Branch,Buns 6-Pack,226,RT_014,1.3,226
2025-03-21 16:56:48,STORE_082,Marondera_Depot,Family Loaf,39,RT_003,2.33,39
2025-04-25 17:33:33,STORE_111,Chitungwiza_Depot,Mini Rolls 6-Pack,250,RT_015,1.13,250
2025-05-17 14:27:09,STORE_099,Harare_Willowvale,Soft White,282,RT_003,1.34,282
2025-01-05 16:02:02,STORE_061,Kwekwe_Depot,High Energy Brown,137,RT_026,1.41,137
2025-07-26 19:48:37,STORE_123,Chitungwiza_Depot,High Energy White,209,RT_028,1.26,209
2025-06-12 06:49:26,STORE_095,Marondera_Depot,Whole Wheat,14,RT_023,1.35,14
2025-02-24 13:13:19,STORE_117,Bulawayo_Branch,Buns 6-Pack,122,RT_037,1.0,122
2025-07-19 18:08:16,STORE_058,Marondera_Depot,Family Loaf,296,RT_018,2.24,296
2025-04-20 10:53:27,STORE_064,Harare_Southerton,Seed Lof,173,RT_035,1.6,173
2025-07-13 09:20:38,STORE_108,Gweru_Branch,Family Loaf,116,RT_048,2.22,116
2025-03-29 06:53:06,STORE_060,Harare_Willowvale,High Energy Brown,21,RT_044,1.21,21
2025-04-15 20:30:05,STORE_032,Kwekwe_Depot,Family Loaf,125,RT_040,2.19,125
2025-07-12 07:36:38,STORE_063,Marondera_Depot,Soft White,128,RT_023,1.31,128
2025-05-16 22:12:49,STORE_096,Masvingo_Branch,Wholegrain Brown,302,RT_005,1.43,302
2025-02-10 08:27:24,STORE_072,Gweru_Branch,Whole Wheat,6,RT_037,1.44,6
2025-05-26 23:53:17,STORE_117,Harare_Southerton,Seed Loaf,137,RT_016,1.66,137
2025-04-07 20:53:17,STORE_055,Mutare_Branch,Mini Rolls 6-Pack,85,RT_002,1.12,85
2025-05-05 03:05:22,STORE_066,Bindura_Depot,Wholegrain Brown,247,RT_009,1.6,247
2025-06-16 11:17:48,STORE_010,Bindura_Depot,Buns 6-Pack,28,RT_044,1.11,28
2025-07-21 14:45:29,STORE_053,Gweru_Branch,Whole Wheat,100,RT_044,1.39,100
2025-06-15 22:34:38,STORE_091,Marondera_Depot,Seed Loaf,245,RT_019,1.41,245
2025-07-23 06:49:02,STORE_111,Harare_Southerton,Family Loaf,171,RT_037,2.2,171
2025-03-19 15:42:12,STORE_109,Bindura_Depot,High Energy Brown,3,RT_003,1.5,3
2025-06-22 09:51:01,STORE_113,Masvingo_Branch,High Energy White,253,RT_004,1.23,253
2025-03-08 08:22:36,STORE_134,Harare_Southerton,Soft White,214,RT_027,1.22,214
2025-07-21 02:51:49,STORE_091,Mutare_Branch,HighEnergyWhite,236,RT_021,1.43,236
2025-03-22 04:58:29,STORE_091,Kwekwe_Depot,Mini Rolls 6-Pack,248,RT_037,1.0,248
2025-02-22 08:41:45,STORE_024,Marondera_Depot,Buns 6-Pack,96,RT_029,1.19,96
2025-03-20 11:58:23,STORE_133,Chitungwiza_Depot,Seed Loaf,117,RT_040,1.51,117
2025-02-12 16:43:44,STORE_112,Chitungwiza_Depot,Whole Wheat,293,RT_029,1.46,293
2025-01-05 11:36:45,STORE_090,Marondera_Depot,Whole Wheat,232,RT_044,1.61,232
2025-06-19 09:41:59,STORE_048,Mutare_Branch,Mini Rolls 6-Pack,38,RT_033,0.94,38
2025-04-06 06:34:51,STORE_098,Harare_Willowvale,Seed Loaf,52,RT_026,1.41,52
2025-03-16 11:18:43,STORE_102,Kwekwe_Depot,Soft White,287,RT_018,1.35,287
2025-07-08 04:01:55,STORE_028,Mutare_Branch,Whole Wheat,280,RT_036,1.53,280
2025-05-25 05:57:51,STORE_093,Masvingo_Branch,Soft White,109,RT_043,1.22,109
2025-01-28 01:39:42,STORE_085,Kwekwe_Depot,High Energy Brown,274,RT_047,1.44,274
2025-06-24 06:56:00,STORE_088,Bindura_Depot,Whole Wheat,48,,1.61,48
2025-07-25 09:20:26,STORE_093,Harare_Willowvale,Family Loaf,96,RT_018,2.21,96
2025-04-18 18:56:47,STORE_081,Gweru_Branch,Soft White,224,RT_010,1.17,224
2025-04-01 12:26:23,STORE_035,Chitungwiza_Depot,Family Loaf,186,RT_033,2.17,186
2025-05-28 03:30:56,STORE_072,Marondera_Depot,Seed Loaf,17,RT_028,1.57,17
2025-03-18 11:50:01,STORE_115,Chitungwiza_Depot,Whole Wheat,24,RT_036,1.38,24
2025-01-24 07:12:28,STORE_097,Harare_Willowvale,WholgrainBrown,230,RT_015,1.56,230
2025-07-26 22:44:11,STORE_098,Chitungwiza_Depot,Seed Loaf,314,RT_032,1.62,314
2025-03-18 11:28:11,STORE_123,Mutare_Branch,Mini Rolls 6-Pack,294,RT_026,1.05,294
2025-02-28 01:40:26,STORE_078,Marondera_Depot,Wholegrain Brown,146,RT_048,1.39,146
2025-02-25 15:30:21,STORE_101,Bulawayo_Branch,Mini Rolls 6-Pack,172,RT_036,0.96,172
2025-01-02 19:37:24,STORE_105,Marondera_Depot,Wholegrain Brown,55,RT_014,1.41,55
2025-04-20 16:39:31,STORE_080,Kwekwe_Depot,Family Loaf,246,,2.36,246
2025-06-10 07:00:14,STORE_133,Gweru_Branch,Family Loaf,105,RT_015,2.15,105
2025-01-22 01:03:42,STORE_124,Harare_Southerton,Buns 6-Pack,104,RT_048,1.21,104
2025-03-11 07:21:39,STORE_081,Bindura_Depot,High Energy White,175,RT_020,1.45,175
2025-02-19 23:33:40,STORE_029,Bulawayo_Branch,Family Loaf,174,RT_034,2.35,174
2025-06-27 01:23:02,STORE_067,Masvingo_Branch,Wholegrain Brown,97,RT_005,1.56,97
2025-06-07 17:49:44,STORE_001,Mutare_Branch,High Energy White,303,RT_047,1.31,303
2025-01-03 10:50:30,STORE_113,Bindura_Depot,Seed Loaf,141,RT_029,1.59,141
2025-07-22 12:10:23,STORE_125,Mutare_Branch,Seed Loaf,10,RT_029,1.43,10
2025-02-08 06:13:30,STORE_133,Gweru_Branch,Seed Loaf,270,RT_032,1.58,270
2025-03-12 08:07:14,STORE_013,Masvingo_Branch,Seed Loaf,207,RT_016,1.64,207
2025-06-25 12:01:40,STORE_134,Mutare_Branch,Family Loaf,195,RT_035,2.28,195
2025-05-17 13:39:28,STORE_027,Harare_Willowvale,Soft White,87,RT_021,1.28,87
2025-03-20 00:00:00,STORE_018,Harare_Willowvale,Soft White,177,RT_015,1.23,177
2025-07-01 21:36:53,STORE_132,Kwekwe_Depot,Family Loaf,165,RT_002,2.22,165
2025-06-07 08:17:19,STORE_043,Masvingo_Branch,High Energy Brown,115,RT_032,1.32,115
2025-06-06 13:25:05,STORE_063,Bulawayo_Branch,High Energy Brown,278,RT_022,1.26,278
2025-07-22 03:59:01,STORE_105,Harare_Southerton,Whole Wheat,163,RT_011,1.48,163
2025-03-31 07:13:33,STORE_003,Kwekwe_Depot,High Energy White,219,RT_024,1.24,219
2025-01-23 08:30:41,STORE_009,Bulawayo_Branch,Seed Loaf,107,RT_035,1.49,107
2025-07-30 16:46:53,STORE_104,Chitungwiza_Depot,Wholegrain Brown,140,RT_018,1.41,140
2025-01-05 22:35:41,STORE_109,Mutare_Branch,High Energy Brwn,226,RT_012,1.28,226
2025-07-25 06:42:00,STORE_045,Gweru_Branch,Soft White,69,RT_038,1.18,69
2025-05-21 09:35:04,STORE_033,Kwekwe_Depot,Buns 6-Pack,135,RT_028,1.03,135
2025-01-23 22:07:05,STORE_007,Marondera_Depot,Sugar2kg,65,RT_038,1.46,65
2025-04-10 21:57:30,STORE_012,Harare_Southerton,High Energy Brown,93,RT_023,1.48,93
2025-06-27 12:01:35,STORE_028,Mutare_Branch,Family Loaf,188,RT_024,2.39,188
2025-07-07 18:23:21,STORE_022,Masvingo_Branch,High Energy White,187,RT_033,1.41,187
2025-07-04 06:27:00,STORE_040,Kwekwe_Depot,Whole Wheat,162,RT_005,1.58,162
2025-01-03 07:34:33,STORE_122,Masvingo_Branch,Buns 6-Pack,38,RT_036,1.23,38
2025-01-06 04:19:24,STORE_134,Bindura_Depot,Seed Loaf,258,RT_026,1.41,258
2025-05-14 15:14:41,STORE_080,Marondera_Depot,Family Loaf,199,RT_021,2.4,199
2025-07-28 05:57:38,STORE_044,Marondera_Depot,Wholegrain Brown,117,RT_018,1.39,117
2025-02-21 04:15:40,STORE_035,Gweru_Branch,Soft White,170,RT_010,1.21,170
2025-07-04 16:04:01,STORE_057,Harare_Southerton,Whole Wheat,44,RT_035,1.63,44
2025-01-21 00:38:03,STORE_115,Bulawayo_Branch,Wholegrain Brown,257,RT_048,1.39,257
2025-03-27 14:01:58,STORE_025,Harare_Southerton,Wholegrain Brown,104,RT_024,1.36,104
2025-06-24 21:27:33,STORE_103,Marondera_Depot,Family Loaf,229,RT_002,2.15,229
2025-01-07 18:29:02,STORE_028,Harare_Willowvale,Mini Rolls 6-Pack,64,RT_035,1.17,64
2025-02-09 00:02:00,STORE_074,Kwekwe_Depot,Wholegrain Brown,390,,1.45,390
2025-04-17 05:57:55,STORE_112,Bindura_Depot,Family Loaf,102,RT_049,2.36,102
2025-04-20 08:25:33,STORE_010,Bindura_Depot,Wholegrain Brown,32,RT_043,1.5,32
2025-05-30 10:28:28,STORE_075,Bulawayo_Branch,Family Loaf,91,RT_034,2.18,91
2025-04-12 02:23:35,STORE_127,Bindura_Depot,Family Loaf,143,RT_002,2.2,143
2025-12-05 00:00:00,STORE_041,Chitungwiza_Depot,Mini Rolls 6-Pack,40,RT_025,1.08,40
2025-03-21 23:52:22,STORE_054,Masvingo_Branch,Buns 6-Pack,527,RT_038,1.22,527
2025-07-05 22:18:49,STORE_021,Marondera_Depot,Wholegrain Brown,266,RT_013,1.43,266
2025-03-22 12:30:38,STORE_102,Bulawayo_Branch,High Energy Brown,117,RT_028,1.21,117
2025-07-01 04:55:50,STORE_011,Harare_Southerton,High Energy White,13,RT_046,1.25,13
2025-03-08 09:14:02,STORE_015,Masvingo_Branch,Whole Whet,190,RT_007,1.55,190
2025-02-11 01:59:11,STORE_074,Marondera_Depot,Seed Loaf,70,RT_042,1.46,70
2025-07-26 16:07:25,STORE_106,Chitungwiza_Depot,Whole Wheat,18,RT_035,1.55,18
2025-07-13 05:12:12,STORE_103,Marondera_Depot,Buns 6-Pack,211,RT_024,1.09,211
2025-03-14 11:28:14,STORE_020,Kwekwe_Depot,Soft White,27,RT_016,1.19,27
2025-01-02 01:54:06,STORE_032,Harare_Willowvale,Mini Rolls 6-Pack,221,RT_028,1.06,221
2025-01-22 11:02:45,STORE_001,Harare_Southerton,Seed Loaf,273,RT_004,1.42,273
2025-03-03 18:35:55,STORE_069,Kwekwe_Depot,High Energy Brown,133,RT_031,1.23,133
2025-06-30 11:07:39,STORE_105,Harare_Willowvale,Seed Loaf,176,RT_024,1.44,176
2025-12-05 00:00:00,STORE_066,Bulawayo_Branch,Family Loaf,183,RT_021,2.39,183
2025-04-19 19:56:39,STORE_083,Kwekwe_Depot,Wholegrain Brown,38,RT_040,1.56,38
2025-05-15 21:25:20,STORE_016,Harare_Southerton,Whole Wheat,118,RT_006,1.5,118
2025-05-14 08:53:21,STORE_026,Masvingo_Branch,SeedLoaf,76,RT_042,1.67,76
2025-06-01 07:52:22,STORE_019,Kwekwe_Depot,Soft White,230,RT_007,1.25,230
2025-02-04 03:29:21,STORE_133,Harare_Southerton,Buns 6-Pack,95,RT_013,1.12,95
2025-04-16 09:27:51,STORE_048,Gweru_Branch,Soft White,140,RT_020,1.31,140
2025-02-24 11:39:35,STORE_053,Gweru_Branch,Wholegrain Brown,397,RT_027,1.44,397
2025-02-17 13:54:51,STORE_084,Bindura_Depot,Soft White,249,RT_044,1.25,249
2025-02-23 02:56:04,STORE_125,Marondera_Depot,SoapBar,280,RT_005,1.31,280
2025-05-11 03:30:02,STORE_134,Chitungwiza_Depot,High Energy Brown,220,RT_049,1.24,220
2025-05-05 20:51:18,STORE_126,Marondera_Depot,Seed Loaf,203,RT_030,1.49,203
2025-07-08 15:48:01,STORE_105,Gweru_Branch,High Energy White,303,RT_010,1.34,303
2025-05-18 22:15:37,STORE_096,Harare_Willowvale,Buns 6-Pack,278,RT_033,1.26,278
2025-01-06 00:39:28,STORE_091,Harare_Southerton,High Energy White,193,RT_039,1.46,193
2025-06-29 14:23:34,STORE_035,Chitungwiza_Depot,Buns 6-Pack,10,RT_012,1.18,10
2025-03-12 00:00:00,STORE_136,Harare_Southerton,High Energy Brown,306,RT_019,1.43,306
2025-04-09 23:40:42,STORE_087,Bindura_Depot,Soft White,240,RT_006,1.26,240
2025-03-22 06:36:14,STORE_074,Harare_Willowvale,High Energy Brown,228,RT_031,1.24,228
2025-05-22 14:41:51,STORE_037,Kwekwe_Depot,Soft White,95,RT_037,1.2,95
2025-03-09 21:05:19,STORE_019,Bulawayo_Branch,Buns 6-Pack,314,RT_048,1.03,314
2025-05-06 23:34:50,STORE_061,Mutare_Branch,Family Loaf,318,RT_016,2.12,318
2025-03-30 03:14:56,STORE_061,Harare_Willowvale,Mini Rolls 6-Pack,166,RT_048,0.93,166
2025-03-18 10:59:09,STORE_090,Gweru_Branch,Whole Wheat,107,RT_013,1.52,107
2025-07-16 15:17:00,STORE_091,Harare_Willowvale,Soft White,31,RT_037,1.23,31
2025-04-26 20:13:25,STORE_139,Harare_Willowvale,WholeWheat,42,RT_048,1.56,42
2025-05-05 01:29:12,STORE_128,Masvingo_Branch,Soft White,40,RT_044,1.32,40
2025-02-27 07:41:45,STORE_132,Marondera_Depot,Seed Loaf,105,RT_041,1.63,105
2025-07-19 19:26:39,STORE_046,Marondera_Depot,High Energy White,230,RT_049,1.44,230
2025-03-17 15:31:33,STORE_035,Bulawayo_Branch,Whole Wheat,120,RT_049,1.37,120
2025-01-30 20:11:45,STORE_098,Bulawayo_Branch,Mini Rolls 6-Pack,297,,0.91,297
2025-04-17 19:34:39,STORE_058,Chitungwiza_Depot,Whole Wheat,163,RT_043,1.38,163
2025-07-20 20:03:25,STORE_037,Marondera_Depot,Buns 6-Pack,49,RT_033,1.19,49
2025-01-15 11:13:53,STORE_058,Marondera_Depot,Mini Rolls 6-Pack,7,RT_042,0.92,7
2025-05-24 21:39:56,STORE_092,Harare_Willowvale,Milk1L,30,RT_019,1.29,30
2025-07-30 14:16:36,STORE_061,Mutare_Branch,High Energy Brown,193,RT_018,1.26,193
2025-02-08 19:48:33,STORE_108,Chitungwiza_Depot,Mini Rolls 6-Pack,187,RT_004,1.05,187
,STORE_005,Gweru_Branch,Soft White,157,,1.16,157
2025-01-19 12:46:47,STORE_082,Bulawayo_Branch,Family Loaf,189,RT_008,2.19,189
2025-02-06 14:27:46,STORE_048,Masvingo_Branch,High Energy White,186,RT_001,1.48,186
2025-04-27 09:06:09,STORE_001,Chitungwiza_Depot,Whole Wheat,208,RT_039,1.35,208
2025-04-30 15:58:28,STORE_040,Mutare_Branch,Buns 6-Pack,58,RT_044,1.12,58
2025-06-06 20:55:46,STORE_013,Chitungwiza_Depot,Soft White,283,RT_049,1.21,283
2025-02-06 06:04:53,STORE_116,Masvingo_Branch,Wholegrain Brown,183,RT_037,1.46,183
2025-02-05 19:20:06,STORE_116,Bulawayo_Branch,Buns 6-Pack,263,RT_013,1.28,263
2025-01-04 01:23:57,STORE_116,Bindura_Depot,High Energy Brown,292,RT_023,1.24,292
2025-01-11 04:28:16,STORE_048,Marondera_Depot,Family Loaf,123,RT_003,2.23,123
2025-03-05 00:54:01,STORE_130,Gweru_Branch,Mini Rolls 6-Pack,93,RT_042,1.04,93
2025-01-19 11:10:28,STORE_038,Harare_Southerton,Whole Wheat,135,RT_042,1.59,135
2025-02-04 21:15:30,STORE_062,Mutare_Branch,Seed Loaf,165,RT_009,1.63,165
2025-07-15 02:16:03,STORE_051,Harare_Willowvale,High Energy Brown,163,RT_029,1.43,163
2025-05-18 19:16:07,STORE_053,Mutare_Branch,Family Loaf,92,RT_026,2.12,92
2025-06-28 03:44:09,STORE_037,Bulawayo_Branch,High Energy White,24,RT_014,1.44,24
2025-04-20 10:32:25,STORE_064,Bindura_Depot,Wholegrain Brown,24,RT_044,1.48,24
2025-05-04 01:59:40,STORE_114,Marondera_Depot,Whole Wheat,318,RT_015,1.53,318
2025-05-05 17:33:57,STORE_085,Harare_Willowvale,Soft White,134,RT_028,1.33,134
2025-01-27 15:03:32,STORE_047,Gweru_Branch,Coke500ml,297,RT_031,1.67,297
2025-02-13 05:29:02,STORE_068,Mutare_Branch,Soft White,78,RT_024,1.14,78
2025-03-13 05:35:12,STORE_137,Kwekwe_Depot,Family Loaf,25,RT_004,2.32,25
2025-07-05 20:23:39,STORE_109,Marondera_Depot,Milk1L,275,RT_013,2.37,275
2025-02-11 15:12:00,STORE_043,Mutare_Branch,High Energy Brwn,90,RT_005,1.25,90
2025-05-16 15:55:04,STORE_080,Kwekwe_Depot,Family Loaf,64,RT_022,2.17,64
2025-03-10 09:22:27,STORE_072,Masvingo_Branch,Soft White,158,RT_035,1.35,158
2025-06-18 02:09:38,STORE_079,Harare_Willowvale,Mini Rolls 6-Pack,135,RT_005,1.0,135
2025-04-15 13:53:36,STORE_016,Bindura_Depot,Buns 6-Pack,240,RT_034,1.29,240
2025-06-12 03:40:10,STORE_101,Mutare_Branch,High Energy White,102,RT_009,1.3,102
2025-03-06 11:54:26,STORE_098,Masvingo_Branch,High Energy White,39,RT_017,1.23,39
2025-01-21 01:14:25,STORE_049,Marondera_Depot,High Energy Brown,46,RT_001,1.36,46
2025-01-31 00:05:16,STORE_107,Mutare_Branch,Family Loaf,217,RT_003,2.11,217
2025-07-09 17:44:05,STORE_041,,Buns 6-Pack,63,RT_005,1.21,63
2025-04-16 21:22:18,STORE_111,Chitungwiza_Depot,Whole Wheat,297,RT_017,1.64,297
2025-03-19 23:28:40,STORE_026,Bulawayo_Branch,Family Loaf,71,RT_043,2.28,71
2025-01-01 12:06:25,STORE_089,Bindura_Depot,Wholegrain Brown,296,RT_017,1.57,296
2025-01-24 00:13:42,STORE_077,Bindura_Depot,Seed Loaf,150,RT_007,1.62,150
2025-04-18 16:36:52,STORE_038,Masvingo_Branch,Whole Wheat,193,RT_023,1.42,193
2025-02-02 17:14:26,STORE_030,Masvingo_Branch,Family Loaf,220,RT_037,2.2,220
2025-05-02 19:23:47,STORE_131,Harare_Willowvale,Buns 6-Pack,16,RT_017,1.02,16
2025-03-04 15:00:12,STORE_127,Bulawayo_Branch,Family Loaf,73,RT_036,2.22,73
2025-03-21 18:15:13,STORE_104,Gweru_Branch,High Energy Brown,249,RT_046,1.37,249
2025-06-29 21:39:22,STORE_089,Marondera_Depot,Seed Loaf,156,RT_045,1.5,156
2025-07-27 15:10:05,STORE_031,Mutare_Branch,Whole Wheat,304,RT_026,1.58,304
2025-04-03 03:46:06,STORE_027,Harare_Willowvale,Buns 6-Pack,39,RT_019,1.15,39
2025-03-12 00:00:00,STORE_035,Kwekwe_Depot,Whole Wheat,81,RT_027,1.52,81
2025-01-04 00:15:16,STORE_068,Kwekwe_Depot,High Energy White,260,RT_021,1.27,260
2025-07-11 21:18:46,STORE_076,Marondera_Depot,Whole Wheat,240,RT_008,1.54,240
2025-03-17 22:52:24,STORE_066,Mutare_Branch,Seed Loaf,201,RT_042,1.58,201
2025-05-25 17:07:27,STORE_133,Mutare_Branch,Mini Rolls 6-Pack,142,RT_012,1.19,142
2025-03-06 16:23:12,STORE_081,Masvingo_Branch,Soft White,194,RT_030,1.24,194
2025-07-09 10:44:58,STORE_088,Harare_Willowvale,Buns 6-Pack,11,RT_025,1.12,11
2025-05-19 23:50:42,STORE_077,Chitungwiza_Depot,Seed Loaf,13,RT_022,1.69,13
2025-07-29 07:40:30,STORE_132,Bulawayo_Branch,Buns 6-Pack,313,RT_024,1.2,313
2025-05-20 18:35:02,STORE_096,Bulawayo_Branch,High Energy White,206,RT_048,1.49,206
2025-07-17 19:00:39,STORE_117,Bindura_Depot,Wholegrain Brown,114,RT_049,1.6,114
2025-01-24 16:11:21,STORE_056,Mutare_Branch,High Energy White,220,RT_004,1.27,220
2025-03-07 00:29:49,STORE_058,Harare_Willowvale,Family Loaf,225,RT_041,2.29,225
2025-04-30 01:21:31,STORE_112,Chitungwiza_Depot,Whole Wheat,75,RT_002,1.46,75
2025-04-02 23:49:00,STORE_023,Mutare_Branch,Seed Loaf,287,RT_006,1.47,287
2025-03-22 00:35:28,STORE_015,Gweru_Branch,Family Loaf,102,RT_036,2.33,102
2025-01-07 08:41:06,STORE_061,Mutare_Branch,Whole Wheat,270,RT_043,1.6,270
2025-04-12 02:09:03,STORE_095,Gweru_Branch,Soft White,178,RT_032,1.2,178
2025-04-12 03:50:45,STORE_130,Bindura_Depot,Seed Loaf,63,RT_035,1.52,63
2025-01-14 13:15:33,STORE_117,Marondera_Depot,Family Loaf,216,RT_033,2.35,216
2025-06-25 22:20:01,STORE_084,Bindura_Depot,Wholegrain Brown,93,RT_011,1.35,93
2025-06-29 08:19:42,STORE_124,Chitungwiza_Depot,High Energy Brown,4,RT_013,1.42,4
2025-05-04 13:32:07,STORE_009,Marondera_Depot,High Energy Brown,105,RT_002,1.47,105
2025-02-03 22:56:51,STORE_043,Mutare_Branch,High Energy White,282,RT_048,1.27,282
2025-02-27 21:25:45,STORE_068,Mutare_Branch,Mini Rolls 6-Pack,276,RT_047,1.05,276
2025-01-14 22:15:07,STORE_114,Chitungwiza_Depot,Family Loaf,279,RT_031,2.4,279
2025-03-09 19:10:46,STORE_051,Harare_Willowvale,Whole Wheat,265,RT_002,1.58,265
2025-07-29 19:27:13,STORE_102,Masvingo_Branch,High Energy White,5,RT_013,1.21,5
2025-07-20 16:04:19,STORE_082,Kwekwe_Depot,High Energy White,50,RT_011,1.29,50
2025-06-14 12:11:46,STORE_024,Chitungwiza_Depot,High Energy White,185,RT_037,1.38,185
2025-02-13 09:18:08,STORE_080,Kwekwe_Depot,High Energy White,45,RT_023,1.25,45
2025-04-14 17:06:14,STORE_009,Harare_Willowvale,High Energy Brown,83,RT_048,1.32,83
2025-04-02 17:00:41,STORE_087,Mutare_Branch,Family Loaf,137,RT_031,2.21,137
2025-03-09 22:09:15,STORE_066,Mutare_Branch,HighEnergyWhite,199,RT_010,1.27,199
2025-01-07 14:11:43,STORE_033,Bulawayo_Branch,Whole Wheat,166,RT_006,1.64,166
2025-01-20 12:24:39,STORE_079,Chitungwiza_Depot,High Energy White,150,RT_030,1.27,150
2025-04-15 02:25:59,STORE_061,Bulawayo_Branch,Seed Loaf,222,RT_023,1.59,222
2025-02-13 21:23:32,STORE_032,Chitungwiza_Depot,High Energy White,289,RT_035,1.46,289
2025-04-05 14:59:36,STORE_041,Marondera_Depot,Seed Loaf,41,RT_012,1.69,41
2025-05-19 21:28:08,STORE_041,Chitungwiza_Depot,Soft White,127,RT_045,1.38,127
2025-05-07 02:33:04,STORE_094,Chitungwiza_Depot,Buns 6-Pack,98,RT_010,1.18,98
2025-02-17 03:56:39,STORE_074,Kwekwe_Depot,Seed Loaf,205,RT_046,1.44,205
2025-04-25 23:57:49,STORE_105,Chitungwiza_Depot,Soft White,155,RT_020,1.24,155
2025-07-19 01:02:25,STORE_118,Gweru_Branch,Whole Wheat,264,RT_040,1.51,264
2025-06-05 09:07:57,STORE_031,Kwekwe_Depot,Whole Wheat,226,RT_030,1.41,226
2025-03-14 18:29:59,STORE_033,Gweru_Branch,Whole Wheat,318,RT_032,1.4,318
2025-07-13 12:28:17,STORE_112,Gweru_Branch,Seed Loaf,218,RT_039,1.68,218
2025-05-07 23:10:51,STORE_066,Harare_Willowvale,High Energy Brown,117,RT_036,1.44,117
2025-04-30 00:43:46,STORE_022,Bulawayo_Branch,Whole Wheat,174,RT_013,1.47,174
2025-03-04 14:24:07,STORE_087,Bulawayo_Branch,Mini Rolls 6-Pack,172,RT_005,1.12,172
2025-06-12 22:44:14,STORE_114,Bulawayo_Branch,Mini Rolls 6-Pack,288,RT_036,0.95,288
2025-05-10 18:49:11,STORE_015,Mutare_Branch,Wholegrain Brown,10,RT_002,1.31,10
2025-01-12 12:38:13,STORE_128,Gweru_Branch,High Energy Brown,316,RT_047,1.36,316
2025-01-25 14:47:41,STORE_022,Bulawayo_Branch,Family Loaf,49,RT_029,2.26,49
2025-04-23 13:44:50,STORE_018,Harare_Southerton,Seed Loaf,242,RT_041,1.63,242
2025-02-10 03:55:50,STORE_065,Kwekwe_Depot,Soft White,61,RT_042,1.15,61
2025-05-06 13:11:32,STORE_066,Gweru_Branch,Wholegrain Brown,179,RT_015,1.54,179
2025-06-27 22:09:29,STORE_088,Chitungwiza_Depot,Whole Wheat,209,RT_012,1.42,209
2025-05-02 09:25:49,STORE_042,Gweru_Branch,SoftWhite,131,RT_038,1.17,131
2025-01-27 03:31:11,STORE_113,Masvingo_Branch,Whole Wheat,61,RT_040,1.4,61
2025-05-24 13:08:08,STORE_027,Chitungwiza_Depot,High Energy White,249,RT_007,1.24,249
2025-03-26 11:34:03,STORE_054,Harare_Southerton,Soft White,17,RT_045,1.26,17
2025-07-24 01:19:35,STORE_068,Mutare_Branch,High Energy White,29,RT_014,1.47,29
2025-07-17 13:36:31,STORE_004,Kwekwe_Depot,Mini Rolls 6-Pack,58,RT_032,1.03,58
2025-01-03 01:16:15,STORE_095,Mutare_Branch,High Energy White,103,RT_004,1.4,103
2025-04-23 06:22:35,STORE_088,Mutare_Branch,Soft White,193,RT_021,1.13,193
2025-07-11 21:33:38,STORE_093,Kwekwe_Depot,Family Loaf,200,RT_008,2.24,200
2025-07-23 08:25:46,STORE_083,Harare_Southerton,Buns 6-Pack,29,RT_021,1.11,29
2025-03-31 05:08:18,STORE_112,Kwekwe_Depot,Mini Rolls 6-Pack,116,RT_044,1.1,116
2025-07-03 03:25:21,STORE_122,Mutare_Branch,Whole Wheat,58,RT_041,1.41,58
2025-03-22 09:05:58,STORE_095,Harare_Southerton,High Energy Brown,252,RT_049,1.41,252
2025-02-19 05:30:59,STORE_021,Harare_Southerton,Soft White,108,RT_008,1.3,108
2025-02-12 14:44:50,STORE_034,Masvingo_Branch,Whole Wheat,301,RT_028,1.4,301
2025-01-30 06:52:26,STORE_119,Mutare_Branch,Wholegrain Brown,22,RT_049,1.41,22
2025-07-16 22:59:44,STORE_025,Mutare_Branch,Soft White,160,RT_026,1.38,160
2025-06-12 00:53:51,STORE_053,Mutare_Branch,Soft White,152,RT_033,1.35,152
2025-02-13 17:12:53,STORE_054,Marondera_Depot,Wholegrain Brown,163,RT_025,1.4,163
2025-06-19 13:12:53,STORE_036,Chitungwiza_Depot,Seed Loaf,193,RT_035,1.47,193
2025-04-16 12:14:35,STORE_044,Harare_Southerton,Soft White,177,RT_007,1.39,177
2025-06-24 01:34:45,STORE_027,Harare_Willowvale,Mini Rolls 6-Pack,107,RT_009,0.94,107
2025-01-05 04:05:06,STORE_105,Mutare_Branch,Mini Rolls 6-Pack,250,RT_038,1.11,250
2025-02-27 11:37:17,STORE_100,Harare_Southerton,High Energy White,226,RT_038,1.45,226
2025-01-28 15:43:03,STORE_020,Chitungwiza_Depot,Family Loaf,304,RT_036,2.17,304
2025-01-06 04:32:25,STORE_054,Masvingo_Branch,High Energy White,12,RT_017,1.24,12
2025-06-09 12:08:57,STORE_077,Kwekwe_Depot,Whole Wheat,57,RT_020,1.51,57
2025-02-11 02:23:05,STORE_036,Marondera_Depot,Whole Wheat,200,RT_034,1.65,200
2025-02-19 02:34:55,STORE_063,Bindura_Depot,High Energy Brown,86,RT_045,1.46,86
2025-05-05 06:18:21,STORE_126,Chitungwiza_Depot,Wholegrain Brown,66,RT_007,,66
2025-05-31 08:54:14,STORE_028,Harare_Willowvale,High Energy White,203,RT_028,1.31,203
2025-05-08 03:25:04,STORE_031,Gweru_Branch,HighEnergyWhite,40,RT_006,1.28,40
2025-01-24 23:36:11,STORE_112,Mutare_Branch,Seed Loaf,16,RT_038,1.58,16
2025-02-27 18:05:04,STORE_052,Bindura_Depot,Family Loaf,168,RT_027,2.18,168
2025-04-17 06:20:52,STORE_031,Bindura_Depot,Wholegrain Brown,117,RT_003,1.54,117
2025-07-02 09:40:22,STORE_124,Mutare_Branch,High Energy White,28,RT_037,1.33,28
2025-01-08 17:05:26,STORE_119,Masvingo_Branch,Seed Loaf,26,RT_035,1.57,26
2025-06-28 08:34:55,STORE_002,Masvingo_Branch,Buns 6-Pack,296,RT_042,1.19,296
2025-04-19 07:23:52,STORE_067,Masvingo_Branch,Soft White,31,RT_043,1.3,31
2025-01-13 02:25:33,STORE_040,Harare_Southerton,Wholegrain Brown,242,RT_007,1.47,242
2025-01-09 03:57:55,STORE_119,Harare_Willowvale,Milk1L,62,RT_027,2.28,62
2025-07-29 20:40:48,STORE_078,Bulawayo_Branch,High Energy Brown,274,RT_049,1.46,274
2025-02-01 23:07:03,STORE_036,Bindura_Depot,High Energy White,114,RT_038,1.23,114
2025-05-03 00:14:24,STORE_087,Masvingo_Branch,Family Loaf,20,RT_031,2.25,20
2025-02-25 17:48:49,STORE_002,Kwekwe_Depot,Family Loaf,231,RT_027,2.16,231
2025-05-05 16:37:07,STORE_087,Bulawayo_Branch,Seed Loaf,238,RT_031,1.51,238
,STORE_071,Bulawayo_Branch,Family Loaf,97,RT_046,2.32,97
2025-05-19 12:26:47,STORE_112,Chitungwiza_Depot,Family Loaf,71,RT_034,2.16,71
2025-02-18 18:28:40,STORE_011,Bindura_Depot,Seed Loaf,286,RT_047,1.65,286
2025-03-28 05:55:47,STORE_139,Gweru_Branch,Wholegrain Brown,253,RT_023,1.3,253
2025-07-19 17:01:54,STORE_052,Harare_Southerton,Buns 6-Pack,68,RT_013,1.15,68
2025-01-07 16:35:10,STORE_104,Mutare_Branch,Soft White,16,RT_015,1.37,16
2025-01-21 05:16:28,STORE_087,Bindura_Depot,High Energy Brown,319,RT_016,1.37,319
2025-02-22 18:18:28,STORE_038,Bulawayo_Branch,High Energy Brown,55,RT_019,1.38,55
2025-03-26 07:24:28,STORE_124,Kwekwe_Depot,Family Loaf,138,RT_007,2.4,138
2025-06-20 16:10:05,STORE_067,Chitungwiza_Depot,Soft White,16,RT_023,1.3,16
2025-04-19 10:48:17,STORE_112,Kwekwe_Depot,Mini Rolls 6-Pack,101,RT_047,1.06,101
2025-04-07 06:14:11,STORE_002,Harare_Southerton,High Energy Brown,195,RT_003,1.36,195
2025-02-17 18:53:04,STORE_091,Bulawayo_Branch,Buns 6-Pack,184,RT_041,1.18,184
2025-01-30 23:57:02,STORE_025,Masvingo_Branch,High Energy White,259,RT_034,1.44,259
2025-01-17 00:40:22,STORE_044,Harare_Southerton,Mini Rolls 6-Pack,150,RT_005,0.93,150
2025-02-25 17:16:46,STORE_016,Kwekwe_Depot,High Energy White,122,RT_008,1.48,122
2025-04-14 14:17:48,STORE_133,Marondera_Depot,Mini Rolls 6-Pack,213,RT_006,0.98,213
2025-01-31 18:08:23,STORE_094,Marondera_Depot,Mini Rolls 6-Pack,186,RT_033,0.99,186
2025-06-16 05:08:30,STORE_070,Masvingo_Branch,Buns 6-Pack,246,RT_021,1.01,246
2025-01-11 03:25:36,STORE_125,Harare_Willowvale,Whole Wheat,50,RT_001,1.5,50
2025-02-06 07:42:25,STORE_009,Bulawayo_Branch,Buns 6-Pack,120,RT_039,1.1,120
2025-06-06 13:23:13,STORE_027,Kwekwe_Depot,Family Loaf,230,RT_023,2.22,230
2025-06-11 23:54:34,STORE_079,Gweru_Branch,High Energy White,173,RT_036,1.44,173
2025-01-05 21:19:41,STORE_021,Marondera_Depot,Wholegrain Brown,71,RT_029,1.48,71
2025-05-25 16:20:26,STORE_110,Harare_Southerton,High Energy Brown,121,RT_032,1.23,121
2025-06-12 10:54:41,STORE_044,Gweru_Branch,Buns 6-Pack,150,RT_005,1.07,150
2025-01-14 19:35:28,STORE_060,Kwekwe_Depot,Soft White,28,RT_010,1.28,28
2025-02-18 05:21:40,STORE_051,Chitungwiza_Depot,High Energy Brown,33,RT_018,1.43,33
2025-03-12 21:11:17,STORE_013,Chitungwiza_Depot,Buns 6-Pack,171,RT_007,1.25,171
2025-06-09 11:33:10,STORE_069,Bindura_Depot,Soft White,122,RT_007,1.12,122
2025-05-24 13:49:52,STORE_132,Kwekwe_Depot,Wholegrain Brown,461,RT_009,1.44,461
2025-06-02 12:39:18,STORE_060,Chitungwiza_Depot,Soft White,267,RT_038,1.16,267
2025-04-07 12:23:03,STORE_025,Harare_Southerton,Mini Rolls 6-Pack,109,RT_018,0.94,109
2025-06-23 13:02:07,STORE_120,Mutare_Branch,Seed Loaf,207,RT_044,1.43,207
2025-07-30 18:50:52,STORE_045,Mutare_Branch,High Energy White,275,RT_012,1.36,275
2025-04-28 08:41:46,STORE_113,Masvingo_Branch,High Energy Brown,45,RT_007,1.33,45
2025-02-07 22:26:00,STORE_118,Chitungwiza_Depot,High Energy Brown,13,RT_030,1.39,13
2025-06-17 08:40:40,STORE_024,Marondera_Depot,High Energy White,148,RT_027,1.2,148
2025-01-22 16:02:34,STORE_100,Harare_Southerton,Whole Wheat,26,RT_044,1.57,26
2025-02-15 05:18:49,STORE_023,Mutare_Branch,High Energy White,44,RT_021,1.32,44
2025-03-24 10:32:39,STORE_045,Kwekwe_Depot,Mini Rolls 6-Pack,271,RT_004,1.1,271
2025-04-18 13:31:38,STORE_020,Marondera_Depot,Mini Rolls 6-Pack,3,RT_033,1.03,3
2025-03-14 16:48:48,STORE_064,Bulawayo_Branch,Family Loaf,164,RT_013,2.21,164
2025-03-01 01:13:25,STORE_018,Masvingo_Branch,Soft White,275,RT_043,1.26,275
2025-02-12 11:43:33,STORE_051,Masvingo_Branch,Sugar2kg,195,RT_039,1.48,195
2025-04-25 22:15:29,STORE_069,Mutare_Branch,High Energy Brown,74,RT_042,1.38,74
2025-04-25 23:28:19,STORE_089,Chitungwiza_Depot,Soft White,5,RT_014,1.16,5
2025-03-12 00:00:00,STORE_085,Bindura_Depot,Buns 6-Pack,166,RT_027,1.29,166
2025-01-30 12:59:47,STORE_018,Bindura_Depot,Soft White,136,RT_013,1.12,136
,STORE_099,Harare_Willowvale,High Energy White,236,RT_009,1.32,236
2025-01-29 11:11:47,STORE_083,Mutare_Branch,High Energy White,125,RT_020,1.25,125
2025-03-19 09:18:09,STORE_068,Mutare_Branch,Seed Loaf,84,RT_007,1.52,84
2025-01-07 02:51:54,STORE_076,Mutare_Branch,Soft White,56,RT_024,1.25,56
2025-04-20 09:02:04,STORE_075,Gweru_Branch,Whole Wheat,98,RT_013,1.44,98
2025-02-23 22:27:41,STORE_129,Harare_Willowvale,High Energy White,66,RT_023,1.22,66
2025-01-04 17:41:58,STORE_028,Harare_Willowvale,Buns 6-Pack,108,RT_003,1.15,108
2025-07-29 11:01:11,STORE_122,Bindura_Depot,Soft White,135,RT_019,1.15,135
2025-07-16 11:06:26,STORE_082,Masvingo_Branch,Mini Rolls 6-Pack,104,RT_014,0.93,104
2025-05-22 02:16:58,STORE_062,Mutare_Branch,Soft White,263,RT_013,1.32,263
2025-04-05 12:12:51,STORE_121,Harare_Southerton,Wholegrain Brown,92,RT_020,1.54,92
2025-04-20 06:12:29,STORE_081,Kwekwe_Depot,Seed Loaf,165,RT_036,1.54,165
2025-05-17 02:00:19,STORE_115,Bindura_Depot,High Energy White,198,RT_021,1.45,198
2025-04-30 18:42:38,STORE_064,Marondera_Depot,High Energy Brown,305,RT_017,1.33,305
2025-06-22 16:58:35,STORE_109,Harare_Southerton,High Energy Brown,100,RT_010,1.39,100
2025-05-15 14:56:40,STORE_033,Harare_Willowvale,High Energy White,190,RT_019,1.25,190
2025-01-24 10:48:30,STORE_122,Marondera_Depot,Wholegrain Brown,60,RT_007,1.54,60
2025-02-27 22:23:24,STORE_065,Bulawayo_Branch,Whole Wheat,28,RT_001,1.48,28
2025-06-11 20:24:37,STORE_092,Chitungwiza_Depot,Soft White,296,RT_022,1.29,296
2025-06-29 22:40:16,STORE_005,Bulawayo_Branch,High Energy White,317,RT_039,1.45,317
2025-01-04 12:35:43,STORE_130,Chitungwiza_Depot,Soft White,162,RT_005,1.26,162
2025-04-18 05:05:14,STORE_058,Kwekwe_Depot,High Energy White,37,RT_039,1.24,37
2025-02-26 09:46:34,STORE_028,Bindura_Depot,Family Loaf,69,RT_020,2.34,69
2025-07-08 21:22:11,STORE_057,Gweru_Branch,Milk1L,303,RT_021,1.09,303
2025-05-03 10:51:54,STORE_078,Bindura_Depot,Seed Loaf,88,RT_012,1.59,88
2025-07-18 14:57:25,STORE_011,Masvingo_Branch,Whole Wheat,145,RT_026,1.63,145
2025-05-20 01:47:35,STORE_083,Masvingo_Branch,High Energy Brown,126,RT_004,1.37,126
2025-01-11 02:52:51,STORE_003,Chitungwiza_Depot,Wholegrain Brown,306,RT_021,1.43,306
2025-01-27 02:46:16,STORE_122,Marondera_Depot,Wholegrain Brown,134,RT_048,1.36,134
2025-07-05 17:35:57,STORE_010,Harare_Willowvale,Soft White,235,RT_032,1.31,235
2025-02-24 15:45:40,STORE_139,Harare_Willowvale,High Energy Brown,114,RT_046,1.44,114
2025-07-11 09:10:30,STORE_088,Chitungwiza_Depot,Wholegrain Brown,4,RT_036,1.37,4
2025-04-29 01:35:44,STORE_054,Chitungwiza_Depot,Wholegrain Brown,297,RT_021,1.45,297
2025-06-11 15:45:11,STORE_017,Marondera_Depot,Whole grain Brown,181,RT_001,1.53,181
2025-03-25 12:16:49,STORE_019,Bindura_Depot,Mini Rolls 6-Pack,248,RT_033,1.08,248
2025-05-22 06:56:54,STORE_014,Mutare_Branch,Seed Loaf,41,RT_045,1.44,41
2025-03-24 12:56:30,STORE_118,Gweru_Branch,Whole Wheat,185,RT_031,1.51,185
2025-04-23 09:23:03,STORE_068,Gweru_Branch,High Energy Brown,188,RT_011,1.32,188
2025-07-24 21:16:49,STORE_084,Kwekwe_Depot,High Energy White,199,RT_029,1.25,199
2025-06-04 06:09:26,STORE_022,Chitungwiza_Depot,Wholegrain Brown,297,RT_028,1.44,297
2025-03-20 05:55:10,STORE_021,Bulawayo_Branch,Wholegrain Brown,217,RT_029,1.3,217
2025-04-09 12:35:58,STORE_083,Harare_Southerton,Seed Loaf,104,RT_049,1.5,104
2025-01-02 13:57:25,STORE_032,Kwekwe_Depot,Buns 6-Pack,141,RT_046,1.08,141
2025-04-15 06:47:46,STORE_045,Masvingo_Branch,Buns 6-Pack,238,RT_005,1.06,238
2025-05-17 10:36:44,STORE_055,Mutare_Branch,Soft White,252,RT_015,1.33,252
2025-03-25 21:46:42,STORE_057,Bulawayo_Branch,High Energy Brown,302,RT_007,1.33,302
2025-07-14 13:24:22,STORE_047,Marondera_Depot,Whole Wheat,134,RT_012,1.36,134
2025-04-21 17:10:17,STORE_004,Bulawayo_Branch,Mini Rolls 6-Pack,63,RT_015,0.98,63
2025-05-04 04:11:42,STORE_011,Masvingo_Branch,High Energy White,85,RT_048,1.26,85
2025-01-16 03:11:46,STORE_001,Marondera_Depot,Buns 6-Pack,206,RT_001,1.19,206
2025-06-08 22:59:26,STORE_061,Harare_Southerton,High Energy White,260,RT_023,1.5,260
2025-07-09 14:30:37,STORE_069,Chitungwiza_Depot,High Energy Brown,305,RT_045,1.46,305
2025-02-14 23:43:28,STORE_057,Masvingo_Branch,HighEnergyBrown,85,RT_014,1.48,85
2025-04-08 09:33:44,STORE_051,Marondera_Depot,Whole Wheat,245,RT_020,1.44,245
2025-06-10 15:52:58,STORE_088,Marondera_Depot,Family Loaf,217,RT_039,2.28,217
2025-06-23 14:30:12,STORE_002,Gweru_Branch,Family Loaf,239,RT_047,2.32,239
2025-01-16 20:41:25,STORE_029,Harare_Southerton,Seed Loaf,267,RT_039,1.47,267
2025-01-14 10:32:20,STORE_015,Kwekwe_Depot,Seed Loaf,131,RT_047,1.45,131
2025-05-29 14:30:20,STORE_103,Bulawayo_Branch,High Energy White,304,RT_029,1.37,304
2025-04-13 13:01:30,STORE_137,Bindura_Depot,Buns 6-Pack,253,RT_025,1.05,253
2025-02-28 05:53:23,STORE_130,Mutare_Branch,Wholegrain Brown,260,RT_018,1.31,260
2025-07-04 17:21:24,STORE_116,Bindura_Depot,Whole Wheat,222,RT_042,1.58,222
2025-05-29 17:35:10,STORE_104,Masvingo_Branch,Whole Wheat,209,RT_006,1.63,209
2025-04-22 18:26:13,STORE_021,Marondera_Depot,Wholegrain Brown,110,RT_041,1.44,110
2025-01-27 21:33:05,STORE_067,Marondera_Depot,High Energy Brown,74,RT_022,1.49,74
2025-02-27 04:22:40,STORE_037,Chitungwiza_Depot,Mini Rolls 6-Pack,216,RT_024,1.14,216
2025-01-28 03:35:04,STORE_061,Kwekwe_Depot,Soft White,238,RT_015,1.13,238
2025-06-12 14:37:51,STORE_019,Gweru_Branch,Family Loaf,139,RT_033,2.21,139
2025-04-21 02:54:00,STORE_075,Kwekwe_Depot,Family Loaf,289,RT_025,2.32,289
2025-03-16 06:41:05,STORE_117,Bulawayo_Branch,Whole Wheat,214,RT_011,1.57,214
,STORE_116,Harare_Willowvale,Soft White,303,RT_023,1.16,303
2025-02-13 02:52:31,STORE_014,Chitungwiza_Depot,High Energy White,97,RT_025,1.48,97
2025-02-06 18:40:40,STORE_088,Marondera_Depot,Soft White,91,RT_033,1.36,91
2025-02-23 06:03:40,STORE_055,Bulawayo_Branch,Wholegrain Brown,145,RT_038,1.59,145
2025-05-30 16:19:26,STORE_001,,Family Loaf,149,RT_008,2.23,149
2025-04-05 07:00:37,STORE_113,Gweru_Branch,Soft White,47,RT_022,1.1,47
2025-02-04 22:42:12,STORE_018,Mutare_Branch,High Energy Brown,145,RT_027,1.29,145
2025-02-21 05:30:19,STORE_112,Mutare_Branch,Whole Wheat,310,RT_037,1.48,310
2025-02-13 22:23:08,STORE_124,Gweru_Branch,Mini Rolls 6-Pack,313,RT_039,0.98,313
2025-03-27 16:58:26,STORE_086,Mutare_Branch,Family Loaf,98,RT_004,2.38,98
2025-01-16 18:09:09,STORE_006,Chitungwiza_Depot,Family Loaf,60,RT_032,2.32,60
2025-07-11 15:25:09,STORE_073,Masvingo_Branch,Seed Loaf,55,RT_020,1.5,55
2025-04-05 19:19:47,STORE_137,Harare_Willowvale,Family Loaf,307,RT_002,2.14,307
2025-01-20 01:25:11,STORE_049,Gweru_Branch,High Energy White,266,RT_040,1.44,266
2025-04-07 03:29:06,STORE_092,Kwekwe_Depot,Soft White,263,RT_015,1.4,263
2025-07-07 23:03:34,STORE_111,Bindura_Depot,Buns 6-Pack,4,RT_002,1.04,4
2025-06-01 07:35:58,STORE_114,Mutare_Branch,Family Loaf,304,RT_019,2.23,304
2025-03-12 21:47:43,STORE_055,Kwekwe_Depot,Wholegrain Brown,150,RT_008,1.52,150
2025-04-30 06:40:51,STORE_005,Masvingo_Branch,Mini Rolls 6-Pack,150,RT_024,1.19,150
2025-04-13 05:00:52,STORE_095,Marondera_Depot,High Energy Brown,317,RT_032,1.27,317
2025-03-31 04:56:50,STORE_137,Masvingo_Branch,Wholegrain Brown,92,RT_030,1.49,92
2025-01-03 04:31:13,STORE_046,Harare_Willowvale,Wholegrain Brown,200,RT_037,1.42,200
2025-01-30 00:42:44,STORE_078,Marondera_Depot,Seed Loaf,93,RT_004,1.59,93
2025-04-22 09:10:24,STORE_134,Mutare_Branch,Buns 6-Pack,78,RT_017,1.02,78
2025-03-23 23:05:30,STORE_096,Gweru_Branch,Buns 6-Pack,300,RT_017,1.14,300
2025-02-25 23:13:40,STORE_085,Harare_Willowvale,Mini Rolls 6-Pack,195,RT_001,0.96,195
2025-03-02 12:05:28,STORE_120,Harare_Southerton,Soft White,11,RT_003,1.26,11
2025-03-16 12:21:22,STORE_004,Mutare_Branch,Whole Wheat,68,RT_042,1.41,68
2025-06-06 13:00:14,STORE_108,Bindura_Depot,Family Loaf,260,RT_014,2.2,260
2025-03-09 20:54:09,STORE_090,Marondera_Depot,High Energy White,283,RT_037,1.27,283
2025-04-23 13:54:13,STORE_098,Harare_Southerton,Soft White,116,RT_020,1.24,116
2025-07-22 15:01:28,STORE_037,Chitungwiza_Depot,High Energy White,44,RT_020,1.41,44
2025-03-17 06:26:56,STORE_010,Kwekwe_Depot,Buns 6-Pack,6,RT_033,1.07,6
2025-04-14 22:09:49,STORE_018,Chitungwiza_Depot,Whole Wheat,123,RT_038,1.64,123
2025-01-11 22:37:04,STORE_060,Masvingo_Branch,High Energy White,266,RT_019,1.28,266
2025-02-10 14:48:32,STORE_106,Kwekwe_Depot,Family Loaf,35,RT_036,2.12,35
2025-02-18 06:11:35,STORE_016,Bindura_Depot,Mini Rolls 6-Pack,238,RT_022,1.04,238
2025-05-12 20:32:46,STORE_025,Masvingo_Branch,High Energy Brown,245,RT_013,1.45,245
2025-02-07 16:00:49,STORE_043,Mutare_Branch,Wholegrain Brown,78,RT_007,1.52,78
2025-03-28 01:55:07,STORE_124,Gweru_Branch,High Energy Brown,80,RT_029,1.44,80
2025-04-05 08:18:16,STORE_123,Mutare_Branch,High Energy Brown,303,RT_022,1.23,303
2025-01-04 09:45:58,STORE_023,Mutare_Branch,Mini Rolls 6-Pack,33,RT_036,0.99,33
2025-03-27 03:28:25,STORE_097,Bulawayo_Branch,Soft White,97,RT_004,1.39,97
2025-04-28 22:47:46,STORE_006,Bindura_Depot,Wholegrain Brown,148,RT_034,1.57,148
2025-05-02 17:45:08,STORE_046,Bulawayo_Branch,Mini Rolls 6-Pack,129,RT_033,1.05,129
2025-04-13 07:43:17,STORE_017,Marondera_Depot,Buns 6-Pack,201,RT_045,1.12,201
2025-04-06 08:06:20,STORE_016,Mutare_Branch,Whole Wheat,211,RT_026,1.58,211
2025-01-28 01:13:00,STORE_036,Marondera_Depot,Mini Rolls 6-Pack,256,RT_024,0.98,256
2025-04-09 03:12:28,STORE_055,Mutare_Branch,Wholegrain Brown,138,RT_016,1.31,138
2025-07-26 11:59:43,STORE_052,Kwekwe_Depot,Seed Loaf,127,RT_002,1.51,127
2025-04-09 16:50:35,STORE_055,Harare_Willowvale,Wholegrain Brown,283,RT_036,1.6,283
2025-06-02 06:03:07,STORE_032,Mutare_Branch,Buns 6-Pack,305,RT_003,1.11,305
2025-04-18 07:44:24,STORE_131,Kwekwe_Depot,Mini Rolls 6-Pack,231,RT_026,1.0,231
2025-03-13 16:22:47,STORE_098,Masvingo_Branch,Whole Wheat,53,RT_027,1.43,53
2025-07-13 06:32:00,STORE_119,Gweru_Branch,High Energy White,309,RT_020,1.46,309
2025-01-28 08:26:02,STORE_066,Masvingo_Branch,High Energy Brown,205,RT_027,1.49,205
2025-04-13 05:18:44,STORE_104,Gweru_Branch,Wholegrain Brown,112,RT_017,1.54,112
2025-02-04 16:51:17,STORE_009,Mutare_Branch,High Energy White,254,RT_034,1.36,254
2025-06-02 19:55:57,STORE_066,Bulawayo_Branch,High Energy White,302,RT_011,1.31,302
2025-07-15 03:59:42,STORE_036,Kwekwe_Depot,Seed Loaf,111,RT_001,1.54,111
2025-01-26 07:04:14,STORE_062,Gweru_Branch,High Energy Brown,28,RT_046,1.39,28
2025-06-23 08:37:29,STORE_124,Gweru_Branch,High Energy White,82,RT_002,1.42,82
2025-06-21 04:11:02,STORE_099,Mutare_Branch,Soft White,127,RT_040,1.25,127
2025-04-18 06:59:48,STORE_131,Harare_Southerton,Mini Rolls 6-Pack,281,RT_049,0.95,281
2025-05-12 14:48:58,STORE_054,Harare_Southerton,Soft White,249,RT_037,1.31,249
2025-05-27 23:02:48,STORE_120,Kwekwe_Depot,Wholegrain Brown,94,RT_031,1.54,94
2025-01-22 04:11:24,STORE_055,Bulawayo_Branch,Whole Wheat,73,RT_016,1.54,73
2025-04-02 03:45:04,STORE_069,Marondera_Depot,Seed Loaf,34,RT_032,1.54,34
2025-03-21 11:05:21,STORE_003,Masvingo_Branch,Wholegrain Brown,137,RT_002,1.4,137
2025-03-31 05:37:04,STORE_004,Mutare_Branch,Mini Rolls 6-Pack,177,RT_040,0.95,177
2025-01-15 07:09:00,STORE_108,Masvingo_Branch,Buns 6-Pack,256,RT_028,1.02,256
2025-04-20 02:55:43,STORE_070,Harare_Southerton,Whole Wheat,13,RT_043,1.65,13
2025-03-18 19:55:11,STORE_055,Mutare_Branch,High Energy White,301,RT_007,1.42,301
2025-03-11 21:55:02,STORE_066,Chitungwiza_Depot,Mini Rolls 6-Pack,28,RT_031,1.09,28
2025-03-18 15:39:26,STORE_103,Harare_Southerton,Soft White,230,RT_009,1.12,230
2025-02-05 15:14:42,STORE_007,Kwekwe_Depot,Whole Wheat,148,RT_033,1.46,148
2025-07-27 08:14:49,STORE_084,Mutare_Branch,Buns 6-Pack,274,RT_001,1.25,274
2025-04-09 10:53:24,STORE_077,Harare_Willowvale,High Energy Brown,81,RT_003,1.28,81
2025-02-11 13:12:54,STORE_130,Gweru_Branch,Family Loaf,63,RT_021,2.15,63
2025-01-31 04:16:51,STORE_017,Harare_Southerton,High Energy White,228,RT_041,1.31,228
2025-02-23 16:46:36,STORE_021,Mutare_Branch,Whole Wheat,196,RT_018,1.61,196
2025-01-13 09:57:27,STORE_135,Mutare_Branch,High Energy White,112,RT_021,1.22,112
2025-06-23 11:16:51,STORE_106,Kwekwe_Depot,Family Loaf,276,RT_010,2.38,276
2025-06-30 07:35:37,STORE_072,Harare_Willowvale,Buns 6-Pack,68,RT_010,1.21,68
2025-03-16 19:56:17,STORE_107,Marondera_Depot,High Energy White,285,RT_037,1.35,285
2025-06-03 04:55:49,STORE_029,Kwekwe_Depot,Wholegrain Brown,84,RT_006,1.52,84
2025-03-13 01:51:32,STORE_095,Harare_Southerton,High Energy Brown,129,RT_034,1.44,129
2025-04-10 13:17:42,STORE_074,Bindura_Depot,Mini Rolls 6-Pack,248,RT_017,0.97,248
2025-04-21 23:15:18,STORE_016,Masvingo_Branch,Buns 6-Pack,53,RT_036,1.08,53
2025-05-08 02:04:29,STORE_013,Gweru_Branch,Soft White,145,RT_012,1.23,145
2025-03-30 10:16:07,STORE_049,Harare_Southerton,Wholegrain Brown,58,RT_028,1.5,58
2025-07-01 17:56:40,STORE_070,Chitungwiza_Depot,Buns 6-Pack,279,RT_040,1.14,279
2025-02-23 18:53:13,STORE_132,Bindura_Depot,Family Loaf,215,RT_019,2.27,215
2025-02-03 21:58:19,STORE_025,Masvingo_Branch,Mini Rolls 6-Pack,286,RT_036,1.17,286
2025-02-09 18:46:12,STORE_020,Kwekwe_Depot,Buns 6-Pack,118,RT_042,1.2,118
2025-03-29 10:55:42,STORE_033,Masvingo_Branch,Wholegrain Brown,199,RT_020,1.54,199
2025-06-12 21:44:47,STORE_034,Harare_Southerton,Soft White,106,RT_044,1.19,106
2025-02-06 00:04:51,STORE_085,Mutare_Branch,High Energy Brown,234,RT_043,1.46,234
2025-06-02 20:37:34,STORE_031,Bulawayo_Branch,Wholegrain Brown,250,RT_039,1.51,250
2025-01-05 14:15:04,STORE_117,Mutare_Branch,Soft White,230,RT_001,1.16,230
2025-01-28 09:11:25,STORE_042,Masvingo_Branch,Wholegrain Brown,153,RT_041,1.34,153
2025-04-20 08:45:36,STORE_003,Marondera_Depot,Wholegrain Brown,264,RT_019,1.55,264
2025-07-04 10:35:36,STORE_124,Mutare_Branch,Whole Wheat,195,RT_010,1.37,195
2025-06-08 02:23:03,STORE_071,Marondera_Depot,Mini Rolls 6-Pack,181,RT_007,1.16,181
2025-05-06 08:01:33,STORE_069,Bulawayo_Branch,Whole Wheat,77,RT_002,1.49,77
2025-05-04 12:56:14,STORE_132,Harare_Southerton,High Energy White,170,RT_045,1.37,170
2025-03-11 07:03:49,STORE_008,Marondera_Depot,Whole Wheat,105,RT_045,1.6,105
2025-01-26 15:11:09,STORE_117,Marondera_Depot,Coke500ml,108,RT_038,1.39,108
2025-04-28 16:31:33,STORE_043,Marondera_Depot,Mini Rolls 6-Pack,113,RT_017,0.99,113
2025-03-02 13:47:23,STORE_050,Bindura_Depot,Wholegrain Brown,252,RT_009,1.48,252
2025-02-23 04:59:18,STORE_026,Mutare_Branch,Soft White,149,RT_033,1.26,149
2025-05-22 00:42:03,STORE_029,Bulawayo_Branch,High Energy Brown,31,RT_010,1.43,31
2025-04-23 13:46:00,STORE_106,Mutare_Branch,Mini Rolls 6-Pack,13,RT_008,0.98,13
2025-05-25 02:18:45,STORE_109,Bindura_Depot,Seed Loaf,71,RT_037,1.67,71
2025-04-23 22:08:32,STORE_021,Mutare_Branch,High Energy Brown,141,RT_033,1.4,141
2025-03-22 06:01:45,STORE_115,Bindura_Depot,Wholegrain Brown,163,RT_016,1.31,163
2025-07-27 09:49:29,STORE_053,Bindura_Depot,Seed Loaf,269,RT_020,1.55,269
2025-05-27 18:06:03,STORE_110,Bindura_Depot,Family Loaf,301,RT_012,2.23,301
2025-03-20 18:51:27,STORE_061,Marondera_Depot,High Energy Brown,161,RT_007,1.36,161
2025-01-04 03:52:26,STORE_096,Bulawayo_Branch,Wholegrain Brown,248,RT_026,1.45,248
2025-01-21 00:52:06,STORE_039,Masvingo_Branch,High Energy White,115,RT_049,1.31,115
2025-02-21 05:50:31,STORE_023,Gweru_Branch,Soft White,245,RT_038,1.31,245
2025-06-15 18:58:05,STORE_049,Harare_Southerton,Seed Loaf,20,RT_045,1.69,20
2025-03-10 03:36:43,STORE_004,Mutare_Branch,High Energy Brown,42,RT_045,1.49,42
2025-02-09 03:06:35,STORE_128,Bindura_Depot,Soft White,59,RT_002,1.14,59
2025-01-12 13:51:34,STORE_055,Bindura_Depot,Family Loaf,164,RT_016,2.21,164
2025-05-23 00:38:34,STORE_095,Marondera_Depot,Mini Rolls 6-Pack,197,RT_016,1.12,197
2025-03-15 00:48:34,STORE_096,Bulawayo_Branch,Whole Wheat,51,RT_010,1.56,51
2025-02-25 03:04:50,STORE_072,Mutare_Branch,Mini Rolls 6-Pack,293,RT_013,1.17,293
2025-04-29 03:05:13,STORE_037,Harare_Southerton,WholgrainBrown,273,RT_013,1.38,273
2025-07-07 11:10:20,STORE_018,Harare_Willowvale,High Energy White,130,RT_024,1.31,130
2025-02-21 15:50:18,STORE_080,Marondera_Depot,High Energy White,184,RT_031,1.45,184
2025-02-03 17:14:53,STORE_071,Harare_Willowvale,Whole Wheat,140,RT_006,1.61,140
2025-05-03 18:43:11,STORE_052,Chitungwiza_Depot,Whole Wheat,46,RT_044,1.57,46
2025-06-12 09:28:53,STORE_006,Harare_Willowvale,Wholegrain Brown,55,RT_015,1.4,55
2025-07-06 19:56:12,STORE_045,Gweru_Branch,Family Loaf,20,RT_047,2.17,20
2025-02-02 20:46:51,STORE_036,Kwekwe_Depot,Seed Loaf,174,RT_016,1.63,174
2025-01-05 11:45:52,STORE_052,Harare_Willowvale,High Energy White,57,RT_040,1.43,57
2025-02-04 06:28:03,STORE_101,Chitungwiza_Depot,High Energy Brown,148,RT_025,1.36,148
2025-05-14 13:37:17,STORE_123,Masvingo_Branch,Wholegrain Brown,182,RT_012,1.53,182
2025-05-03 20:38:07,STORE_032,Harare_Willowvale,Buns 6-Pack,160,RT_035,1.24,160
2025-03-06 10:27:28,STORE_105,Marondera_Depot,Whole Wheat,271,RT_010,1.62,271
2025-03-23 11:31:19,STORE_015,Marondera_Depot,Whole Wheat,123,RT_028,1.41,123
2025-03-21 20:52:05,STORE_035,Bulawayo_Branch,Soft White,183,RT_031,1.13,183
2025-03-02 03:27:47,STORE_119,Mutare_Branch,High Energy Brown,195,RT_008,1.3,195
2025-03-16 06:31:55,STORE_038,,Family Loaf,13,RT_039,2.36,13
2025-12-05 00:00:00,STORE_129,Bulawayo_Branch,High Energy Brown,249,RT_025,1.35,249
2025-02-06 22:39:23,STORE_048,Bulawayo_Branch,Buns 6-Pack,34,RT_021,1.16,34
2025-03-06 02:18:43,STORE_106,Harare_Southerton,High Energy White,168,RT_046,1.21,168
2025-06-26 11:35:25,STORE_030,Marondera_Depot,Buns 6-Pack,11,RT_032,1.2,11
2025-01-13 23:23:35,STORE_068,Mutare_Branch,Soft White,157,RT_043,1.38,157
2025-06-23 05:54:13,STORE_087,Mutare_Branch,Mini Rolls 6-Pack,233,RT_033,1.06,233
2025-06-04 04:46:12,STORE_064,Chitungwiza_Depot,Whole Wheat,215,RT_011,1.57,215
2025-06-02 15:09:25,STORE_111,Harare_Southerton,Mini Rolls 6-Pack,239,RT_013,1.18,239
2025-01-10 01:39:26,STORE_061,Kwekwe_Depot,Soft White,81,RT_022,1.17,81
2025-05-31 11:38:39,STORE_034,Kwekwe_Depot,Whole Wheat,240,RT_041,1.52,240
2025-07-11 03:27:57,STORE_059,Marondera_Depot,Buns 6-Pack,312,RT_012,1.1,312
2025-04-27 00:20:47,STORE_008,Harare_Southerton,Whole Wheat,114,RT_020,1.61,114
2025-05-18 12:23:32,STORE_069,Bindura_Depot,Seed Loaf,35,RT_011,1.49,35
2025-06-22 08:16:49,STORE_105,Masvingo_Branch,Whole Wheat,28,RT_023,1.48,28
2025-02-13 23:52:47,STORE_073,Harare_Southerton,Seed Loaf,250,RT_011,1.41,250
2025-02-11 14:20:58,STORE_102,Bindura_Depot,Wholegrain Brown,155,RT_038,1.59,155
2025-03-10 01:54:09,STORE_087,Mutare_Branch,SoapBar,77,RT_030,2.12,77
2025-01-15 11:43:02,STORE_044,Bindura_Depot,High Energy White,81,RT_003,1.22,81
2025-02-20 00:43:46,STORE_026,Bulawayo_Branch,Buns 6-Pack,139,RT_029,1.12,139
2025-02-14 18:14:53,STORE_074,Gweru_Branch,Family Loaf,263,RT_024,2.21,263
2025-04-25 21:28:37,STORE_134,Bulawayo_Branch,Wholegrain Brown,70,RT_049,1.47,70
2025-03-25 03:53:00,STORE_067,Marondera_Depot,Whole Wheat,50,RT_003,1.6,50
2025-03-25 13:19:15,STORE_001,Bindura_Depot,Whole Wheat,180,RT_041,1.5,180
2025-04-18 19:44:49,STORE_101,Gweru_Branch,High Energy Brown,138,RT_030,1.23,138
2025-01-27 19:39:25,STORE_115,Mutare_Branch,High Energy White,276,RT_026,1.21,276
2025-03-02 14:47:44,STORE_048,Bulawayo_Branch,High Energy Brown,16,RT_020,1.42,16
2025-05-21 12:10:20,STORE_126,Kwekwe_Depot,High Energy Brown,107,RT_047,1.22,107
2025-06-28 23:22:45,STORE_003,Marondera_Depot,Soft White,304,RT_003,1.2,304
2025-07-09 18:48:55,STORE_106,Gweru_Branch,High Energy White,151,RT_033,1.33,151
2025-02-02 22:11:04,STORE_033,Kwekwe_Depot,Seed Loaf,116,RT_004,1.67,116
2025-07-12 10:29:37,STORE_111,Masvingo_Branch,Seed Loaf,208,RT_034,1.61,208
2025-03-18 05:30:42,STORE_059,Bulawayo_Branch,Soft White,157,RT_030,1.36,157
2025-05-17 01:47:58,STORE_059,Mutare_Branch,Soft White,202,RT_017,1.13,202
2025-06-18 14:56:14,STORE_019,Kwekwe_Depot,High Energy Brown,248,RT_037,1.48,248
2025-04-18 15:43:54,STORE_011,Kwekwe_Depot,High Energy White,240,RT_032,1.4,240
2025-03-07 17:38:07,STORE_081,Harare_Southerton,Family Loaf,30,RT_049,2.35,30
2025-04-07 03:28:51,STORE_093,Masvingo_Branch,Wholegrain Brown,251,RT_034,1.46,251
2025-06-09 10:27:16,STORE_120,Bindura_Depot,Family Loaf,139,RT_042,2.27,139
2025-01-28 15:51:45,STORE_129,Masvingo_Branch,Family Loaf,302,RT_020,2.21,302
2025-05-22 08:31:32,STORE_119,Mutare_Branch,Family Loaf,256,RT_001,2.17,256
2025-02-22 12:01:59,STORE_104,Gweru_Branch,Family Loaf,224,RT_035,2.39,224
2025-06-25 21:57:26,STORE_063,Mutare_Branch,Family Loaf,119,RT_006,2.21,119
2025-04-17 02:10:43,STORE_026,Harare_Willowvale,High Energy White,226,RT_046,1.27,226
2025-04-18 03:46:55,STORE_038,Masvingo_Branch,Buns 6-Pack,294,RT_030,1.06,294
2025-05-21 07:30:53,STORE_006,Kwekwe_Depot,Mini Rolls 6-Pack,111,RT_004,1.14,111
2025-05-07 01:42:22,STORE_004,Kwekwe_Depot,High Energy White,178,RT_012,1.44,178
2025-04-22 01:53:00,STORE_108,Harare_Southerton,High Energy Brown,35,RT_040,1.28,35
2025-03-21 03:56:29,STORE_090,Chitungwiza_Depot,Wholegrain Brown,144,RT_013,1.6,144
2025-04-20 17:25:31,STORE_127,Gweru_Branch,Family Loaf,78,RT_046,2.36,78
2025-05-08 20:38:20,STORE_008,Bindura_Depot,Soft White,267,RT_046,1.18,267
2025-07-08 17:05:46,STORE_014,Harare_Southerton,Buns 6-Pack,238,RT_011,1.01,238
2025-05-05 05:03:07,STORE_083,Masvingo_Branch,Buns 6-Pack,42,RT_004,1.24,42
2025-04-30 19:34:07,STORE_080,Masvingo_Branch,Wholegrain Brown,155,RT_025,1.39,155
2025-06-06 20:51:36,STORE_041,Marondera_Depot,Soft White,272,RT_004,1.31,272
2025-07-11 17:47:51,STORE_062,Bindura_Depot,Seed Loaf,32,RT_017,1.41,32
2025-07-04 18:09:37,STORE_112,Marondera_Depot,High Energy White,315,RT_008,1.2,315
2025-05-31 10:33:37,STORE_035,Harare_Willowvale,High Energy Wite,48,RT_037,1.39,48
2025-05-18 00:45:10,STORE_102,Bindura_Depot,Whole Wheat,213,RT_006,1.46,213
2025-02-06 02:28:51,STORE_024,Marondera_Depot,Buns 6-Pack,236,RT_033,1.18,236
2025-05-01 15:51:51,STORE_105,Marondera_Depot,High Energy White,247,RT_048,1.46,247
2025-04-06 20:24:07,STORE_062,Harare_Southerton,Soft White,11,RT_029,1.28,11
2025-03-15 12:44:16,STORE_042,Harare_Willowvale,High Energy White,35,RT_043,1.44,35
2025-01-01 06:00:50,STORE_068,Bindura_Depot,Wholegrain Brown,62,RT_006,1.46,62
2025-01-09 16:28:26,STORE_042,Marondera_Depot,Soft White,100,RT_048,1.17,100
2025-04-01 18:14:00,STORE_063,Gweru_Branch,High Energy Brown,100,RT_020,1.39,100
2025-06-14 14:18:29,STORE_131,Gweru_Branch,Buns 6-Pack,203,RT_033,1.14,203
2025-07-11 08:46:21,STORE_070,Bulawayo_Branch,Mini Rolls 6-Pack,46,RT_031,1.0,46
2025-07-11 21:51:15,STORE_020,Bulawayo_Branch,Soft White,208,RT_032,1.15,208
2025-06-07 22:20:19,STORE_006,Harare_Southerton,Mini Rolls 6-Pack,147,RT_018,0.94,147
2025-05-21 21:10:07,STORE_097,Harare_Southerton,High Energy Brown,24,RT_007,1.3,24
2025-05-25 20:21:03,STORE_065,Kwekwe_Depot,Mini Rolls 6-Pack,317,RT_038,0.93,317
2025-02-09 03:59:33,STORE_065,Kwekwe_Depot,Buns 6-Pack,90,RT_017,1.29,90
2025-05-05 13:57:41,STORE_127,Masvingo_Branch,Buns 6-Pack,224,RT_042,1.06,224
2025-07-16 20:23:32,STORE_090,Harare_Southerton,Whole Wheat,253,RT_002,1.61,253
2025-03-27 02:05:48,STORE_043,Chitungwiza_Depot,Wholegrain Brown,86,RT_033,1.51,86
2025-02-17 15:52:03,STORE_095,Bulawayo_Branch,Wholegrain Brown,273,RT_004,1.46,273
2025-05-14 20:37:55,STORE_054,Harare_Willowvale,Family Loaf,34,RT_010,2.23,34
2025-03-03 06:22:28,STORE_032,Masvingo_Branch,Whole Wheat,197,RT_016,1.61,197
2025-04-23 02:59:40,STORE_044,Marondera_Depot,High Energy Brown,143,RT_049,1.34,143
2025-04-21 14:13:16,STORE_077,Masvingo_Branch,Wholegrain Brown,185,RT_006,1.45,185
2025-05-06 21:56:38,STORE_060,Kwekwe_Depot,Milk1L,163,RT_039,1.44,163
2025-03-21 09:13:59,STORE_139,Mutare_Branch,Wholegrain Brown,9,RT_017,1.35,9
2025-06-29 20:39:33,STORE_069,Mutare_Branch,Seed Loaf,23,RT_004,1.69,23
2025-03-18 03:32:17,STORE_047,Bulawayo_Branch,Soft White,101,RT_026,1.35,101
2025-07-13 09:17:46,STORE_095,Masvingo_Branch,Whole Wheat,290,RT_021,1.61,290
2025-06-25 21:27:40,STORE_076,Kwekwe_Depot,Whole Wheat,194,RT_008,1.59,194
2025-01-28 18:30:14,STORE_075,Chitungwiza_Depot,Seed Loaf,276,RT_012,1.47,276
2025-06-07 20:14:11,STORE_111,Kwekwe_Depot,Soft White,93,RT_010,1.21,93
2025-01-21 09:01:02,STORE_055,Kwekwe_Depot,Family Loaf,6,RT_009,2.19,6
2025-04-30 13:14:02,STORE_054,Kwekwe_Depot,Seed Loaf,269,RT_011,1.64,269
2025-07-08 02:21:28,STORE_081,Chitungwiza_Depot,Buns 6-Pack,299,RT_004,1.29,299
2025-02-03 00:38:21,STORE_071,Kwekwe_Depot,Buns 6-Pack,279,RT_004,1.23,279
2025-03-28 20:32:41,STORE_136,Masvingo_Branch,Soft White,216,RT_010,1.13,216
2025-06-08 00:30:24,STORE_093,Kwekwe_Depot,High Energy White,177,RT_008,1.45,177
2025-03-13 05:49:03,STORE_026,Harare_Willowvale,High Energy White,28,RT_042,1.46,28
2025-06-08 01:18:14,STORE_051,Marondera_Depot,Whole Wheat,241,RT_018,1.59,241
,STORE_139,Bulawayo_Branch,Whole Wheat,167,RT_013,1.56,167
2025-06-22 03:28:10,STORE_031,,Whole Wheat,231,RT_043,1.5,231
2025-06-11 06:39:20,STORE_005,Kwekwe_Depot,Seed Loaf,131,RT_030,,131
2025-01-22 09:55:23,STORE_013,Chitungwiza_Depot,Seed Loaf,284,RT_001,1.51,284
2025-07-03 09:49:26,STORE_037,Kwekwe_Depot,Family Loaf,247,RT_004,,247
2025-02-14 03:04:21,STORE_043,Gweru_Branch,Family Loaf,109,RT_015,2.32,109
2025-01-16 20:54:02,STORE_120,Harare_Willowvale,High Energy Brown,260,RT_034,1.39,260
2025-03-30 23:21:08,STORE_072,Chitungwiza_Depot,Seed Loaf,272,RT_016,1.6,272
2025-02-24 20:30:00,STORE_123,Kwekwe_Depot,High Energy White,65,RT_038,1.42,65
2025-02-08 02:11:10,STORE_046,Bindura_Depot,Family Loaf,277,RT_031,2.25,277
2025-03-21 19:42:05,STORE_133,Marondera_Depot,Soft White,142,RT_018,1.19,142
2025-02-23 12:08:07,STORE_110,Gweru_Branch,Buns 6-Pack,419,RT_037,1.13,419
2025-01-24 05:49:47,STORE_126,Gweru_Branch,Buns 6-Pack,41,RT_003,1.22,41
2025-02-23 20:18:48,STORE_097,Bulawayo_Branch,High Energy Brown,273,RT_036,1.36,273
2025-01-31 00:18:23,STORE_064,Mutare_Branch,Mini Rolls 6-Pack,129,RT_034,0.98,129
2025-05-19 02:28:53,STORE_126,Masvingo_Branch,Seed Loaf,317,RT_021,1.43,317
2025-05-05 23:20:37,STORE_077,Mutare_Branch,Seed Loaf,319,RT_026,1.62,319
2025-02-26 23:52:54,STORE_102,Bindura_Depot,Wholegrain Brown,136,RT_025,1.41,136
2025-03-22 02:11:15,STORE_094,Mutare_Branch,Seed Loaf,85,RT_028,1.5,85
2025-05-07 23:32:57,STORE_004,Mutare_Branch,Buns 6-Pack,81,RT_026,1.12,81
2025-06-27 20:20:31,STORE_135,Harare_Southerton,Wholegrain Brown,218,RT_019,1.45,218
2025-05-26 08:43:22,STORE_039,Chitungwiza_Depot,Whole Wheat,244,RT_036,1.58,244
2025-02-16 02:23:47,STORE_049,Kwekwe_Depot,Soft White,115,RT_031,1.19,115
2025-03-08 22:09:57,STORE_072,Masvingo_Branch,Milk1L,259,RT_039,0.99,259
2025-02-04 00:09:59,STORE_119,Gweru_Branch,Mini Rolls 6-Pack,255,RT_030,0.99,255
2025-07-18 14:45:10,STORE_052,Bulawayo_Branch,Buns 6-Pack,313,RT_034,1.08,313
2025-02-02 15:38:25,STORE_137,Bindura_Depot,Mini Rolls 6-Pack,146,RT_001,1.16,146
2025-02-22 02:20:36,STORE_128,Harare_Willowvale,Family Loaf,222,RT_020,2.21,222
2025-01-19 06:25:15,STORE_015,Marondera_Depot,Whole Wheat,99,RT_011,1.64,99
2025-06-20 00:53:55,STORE_104,Kwekwe_Depot,Wholegrain Brown,202,RT_021,1.36,202
2025-04-14 17:31:32,STORE_111,Bulawayo_Branch,Coke500ml,226,RT_037,1.53,226
2025-03-13 20:38:34,STORE_114,Bulawayo_Branch,Family Loaf,130,RT_007,2.2,130
2025-03-11 11:13:44,STORE_067,Bulawayo_Branch,Wholegrain Brown,105,RT_036,1.57,105
2025-07-08 00:05:48,STORE_067,Masvingo_Branch,High Energy Brown,294,RT_032,1.35,294
2025-06-21 10:38:56,STORE_003,Chitungwiza_Depot,High Energy White,128,RT_049,1.47,128
2025-03-10 22:07:58,STORE_102,Bindura_Depot,High Energy White,111,RT_043,1.23,111
2025-02-21 20:08:23,STORE_007,Masvingo_Branch,Family Loaf,278,RT_037,2.27,278
2025-02-03 09:29:24,STORE_019,Kwekwe_Depot,High Energy Brown,188,RT_027,1.44,188
2025-04-27 14:02:39,STORE_101,Marondera_Depot,Buns 6-Pack,250,RT_041,1.03,250
2025-06-26 12:10:42,STORE_026,Harare_Willowvale,Soft White,267,RT_013,1.3,267
2025-02-21 04:33:21,STORE_065,Chitungwiza_Depot,Seed Loaf,100,RT_033,1.41,100
2025-05-20 09:29:48,STORE_059,Harare_Southerton,Seed Loaf,200,RT_005,1.69,200
2025-05-20 09:00:59,STORE_088,Harare_Southerton,Wholegrain Brown,210,RT_044,1.48,210
2025-05-22 21:08:11,STORE_045,Bindura_Depot,Whole Wheat,86,RT_019,1.45,86
2025-07-30 07:20:12,STORE_136,Bulawayo_Branch,Soft White,131,RT_037,1.37,131
2025-01-25 15:35:08,STORE_123,Harare_Southerton,Whole Wheat,90,RT_017,1.49,90
2025-03-06 15:24:16,STORE_077,Harare_Southerton,Whole Wheat,169,RT_044,1.59,169
2025-01-12 23:39:58,STORE_127,Marondera_Depot,Buns 6-Pack,191,RT_039,1.16,191
2025-07-03 17:02:08,STORE_088,Bulawayo_Branch,Buns 6-Pack,237,RT_042,1.28,237
2025-05-01 05:19:15,STORE_058,Harare_Southerton,Family Loaf,81,RT_040,2.17,81
2025-02-04 15:27:00,STORE_102,Mutare_Branch,Soft White,34,RT_020,1.29,34
2025-07-29 18:19:41,STORE_031,Gweru_Branch,Seed Loaf,21,RT_035,1.57,21
2025-03-30 14:15:02,STORE_053,Harare_Southerton,Mini Rolls 6-Pack,220,RT_007,1.13,220
2025-04-06 00:25:17,STORE_107,Harare_Willowvale,Soft White,146,RT_045,1.17,146
2025-05-28 05:54:54,STORE_095,Kwekwe_Depot,Wholegrain Brown,291,RT_042,1.54,291
2025-03-15 00:07:56,STORE_025,Chitungwiza_Depot,Mini Rolls 6-Pack,68,RT_040,1.02,68
2025-03-24 19:30:57,STORE_125,Harare_Willowvale,Seed Loaf,265,RT_008,1.67,265
2025-04-20 20:56:29,STORE_016,Masvingo_Branch,Wholegrain Brown,159,RT_014,1.54,159
2025-01-26 18:53:15,STORE_001,Masvingo_Branch,Seed Loaf,192,RT_032,1.59,192
2025-02-12 12:46:17,STORE_041,Mutare_Branch,Seed Loaf,273,RT_009,1.46,273
2025-03-02 20:00:29,STORE_081,Harare_Southerton,Buns 6-Pack,207,RT_043,1.09,207
2025-01-18 14:05:46,STORE_084,Bulawayo_Branch,Seed Loaf,243,RT_042,1.49,243
2025-02-24 04:50:24,STORE_058,Harare_Willowvale,Family Loaf,110,RT_041,2.28,110
2025-05-29 08:09:42,STORE_118,Gweru_Branch,High Energy Brown,138,RT_006,1.29,138
2025-01-26 06:02:32,STORE_095,Mutare_Branch,Family Loaf,289,RT_005,2.23,289
2025-03-20 21:38:43,STORE_053,Marondera_Depot,Whole Wheat,117,RT_019,1.58,117
2025-01-14 18:47:46,STORE_014,Harare_Willowvale,High Energy Brown,124,RT_019,1.45,124
2025-05-30 10:40:07,STORE_088,Mutare_Branch,Buns 6-Pack,162,RT_023,1.19,162
2025-06-18 09:38:59,STORE_103,Bindura_Depot,Buns 6-Pack,96,RT_011,1.06,96
2025-03-09 14:09:01,STORE_107,Mutare_Branch,High Energy White,143,RT_001,1.41,143
2025-04-05 12:48:27,STORE_080,Kwekwe_Depot,Wholegrain Brown,229,RT_038,1.44,229
2025-03-18 19:37:36,STORE_034,Harare_Willowvale,Whole Wheat,319,RT_008,1.63,319
2025-06-07 03:57:13,STORE_034,Kwekwe_Depot,Whole Wheat,16,RT_045,1.47,16
2025-12-05 00:00:00,STORE_094,Harare_Willowvale,Whole Wheat,310,RT_040,1.65,310
2025-07-12 14:38:31,STORE_017,Kwekwe_Depot,Mini Rolls 6-Pack,318,RT_007,0.92,318
2025-04-10 09:10:25,STORE_002,Marondera_Depot,High Energy White,129,RT_008,1.36,129
2025-04-17 17:45:35,STORE_050,Harare_Willowvale,High Energy White,247,RT_008,1.43,247
2025-06-27 10:26:33,STORE_058,Chitungwiza_Depot,Whole Wheat,305,RT_010,1.39,305
2025-03-29 00:35:33,STORE_132,Kwekwe_Depot,Mini Rolls 6-Pack,287,RT_018,0.96,287
2025-07-24 12:19:19,STORE_018,Kwekwe_Depot,Buns 6-Pack,184,RT_033,1.04,184
2025-05-15 05:51:49,STORE_061,Harare_Southerton,Wholegrain Brown,135,RT_019,1.5,135
2025-07-13 18:15:25,STORE_076,Bulawayo_Branch,High Energy White,191,RT_026,1.45,191
2025-05-01 11:29:47,STORE_058,Harare_Southerton,Buns 6-Pack,176,RT_024,1.19,176
2025-04-27 10:50:03,STORE_041,Mutare_Branch,High Energy Brown,296,RT_046,1.31,296
2025-06-07 10:46:21,STORE_089,Mutare_Branch,High Energy White,105,RT_004,1.33,105
2025-03-07 17:33:46,STORE_009,Harare_Willowvale,Soft White,173,RT_018,1.15,173
2025-01-08 13:13:36,STORE_037,Bindura_Depot,Whole Wheat,296,RT_010,1.55,296
2025-02-27 14:27:00,STORE_078,Masvingo_Branch,Mini Rolls 6-Pack,73,RT_021,1.13,73
2025-01-06 13:50:09,STORE_076,Masvingo_Branch,Whole Wheat,295,RT_017,1.38,295
2025-01-31 15:46:30,STORE_043,Harare_Willowvale,Soft White,120,RT_006,1.29,120
2025-03-06 09:05:44,STORE_065,Mutare_Branch,High Energy Brown,318,RT_013,1.32,318
2025-04-10 21:35:31,STORE_129,Harare_Southerton,Whole Wheat,73,RT_018,1.5,73
2025-02-06 03:29:11,STORE_027,Harare_Willowvale,High Energy Brown,40,RT_049,1.21,40
2025-03-22 19:31:03,STORE_073,Marondera_Depot,Family Loaf,160,RT_039,2.17,160
2025-06-08 15:49:41,STORE_018,Chitungwiza_Depot,Soft White,123,RT_040,1.38,123
2025-02-23 18:21:29,STORE_044,Harare_Southerton,Whole Wheat,235,RT_046,1.45,235
2025-03-18 23:53:57,STORE_030,Marondera_Depot,Seed Loaf,153,RT_033,1.63,153
2025-05-19 15:12:25,STORE_045,Harare_Willowvale,Mini Rolls 6-Pack,99,RT_044,1.07,99
2025-02-03 05:25:41,STORE_041,Harare_Willowvale,Seed Loaf,42,RT_014,1.54,42
2025-07-20 07:42:49,STORE_128,Masvingo_Branch,Wholegrain Brown,203,RT_048,1.44,203
2025-04-12 04:47:42,STORE_036,Kwekwe_Depot,High Energy White,304,RT_047,1.49,304
2025-03-21 08:01:40,STORE_069,Masvingo_Branch,Buns 6-Pack,16,RT_015,1.2,16
2025-07-09 21:06:06,STORE_086,Chitungwiza_Depot,High Energy Brown,316,RT_016,1.46,316
2025-06-05 22:44:37,STORE_113,Marondera_Depot,High Energy White,29,RT_017,1.43,29
2025-03-30 00:38:22,STORE_127,Bulawayo_Branch,Buns 6-Pack,29,RT_037,1.16,29
2025-05-16 19:28:31,STORE_132,Masvingo_Branch,Soft White,10,RT_011,1.14,10
2025-07-23 15:47:34,STORE_085,Harare_Willowvale,Family Loaf,154,RT_038,2.4,154
2025-01-17 04:19:15,STORE_108,Bindura_Depot,Whole Wheat,121,RT_024,1.39,121
2025-02-19 18:47:44,STORE_025,Kwekwe_Depot,High Energy Brown,4,RT_023,1.34,4
2025-01-08 09:44:32,STORE_108,Kwekwe_Depot,Family Loaf,296,RT_048,2.18,296
2025-04-01 19:44:18,STORE_026,Bindura_Depot,Family Loaf,43,RT_013,2.2,43
2025-07-06 02:25:40,STORE_005,Marondera_Depot,High Energy White,181,RT_026,1.45,181
2025-07-12 23:37:27,STORE_129,Mutare_Branch,High Energy White,134,RT_024,1.39,134
2025-07-17 12:07:45,STORE_016,Bulawayo_Branch,High Energy White,230,RT_016,1.28,230
2025-04-12 08:38:49,STORE_024,Masvingo_Branch,Buns 6-Pack,237,RT_018,1.08,237
2025-05-10 14:57:48,STORE_057,Marondera_Depot,Mini Rolls 6-Pack,124,RT_005,1.13,124
2025-03-15 13:43:25,STORE_098,Marondera_Depot,High Energy Brown,218,RT_031,1.38,218
2025-02-20 13:07:06,STORE_084,Harare_Southerton,High Energy White,169,RT_042,1.28,169
2025-04-28 05:07:02,STORE_003,Chitungwiza_Depot,Whole Wheat,236,RT_043,1.62,236
2025-05-17 08:05:34,STORE_090,Kwekwe_Depot,Mini Rolls 6-Pack,252,RT_010,1.05,252
2025-02-08 18:09:09,STORE_113,Chitungwiza_Depot,Seed Loaf,307,RT_046,1.67,307
2025-07-16 01:00:02,STORE_011,Masvingo_Branch,Family Loaf,173,RT_009,2.21,173
2025-03-07 10:56:18,STORE_018,Marondera_Depot,High Energy White,261,RT_019,1.41,261
2025-05-03 06:16:06,STORE_071,Bindura_Depot,Mini Rolls 6-Pack,256,RT_012,0.98,256
2025-03-16 08:32:22,STORE_007,Chitungwiza_Depot,Seed Loaf,226,RT_022,1.42,226
2025-01-29 21:01:43,STORE_053,Harare_Willowvale,Mini Rolls 6-Pack,152,RT_046,1.0,152
2025-06-10 12:03:51,STORE_083,Gweru_Branch,Wholegrain Brown,127,RT_044,1.32,127
2025-06-24 13:38:32,STORE_101,Bulawayo_Branch,Wholegrain Brown,205,RT_002,1.59,205
2025-02-16 08:16:08,STORE_023,Gweru_Branch,High Energy Brown,171,RT_008,1.31,171
2025-04-12 06:39:24,STORE_002,Marondera_Depot,Seed Loaf,124,RT_015,1.56,124
2025-05-28 21:53:13,STORE_001,Marondera_Depot,High Energy White,79,RT_029,1.23,79
2025-04-08 18:25:49,STORE_016,Kwekwe_Depot,High Energy Brown,47,RT_033,1.48,47
2025-02-13 13:17:04,STORE_041,Chitungwiza_Depot,Buns 6-Pack,264,RT_007,1.1,264
2025-01-06 07:18:18,STORE_035,Gweru_Branch,Seed Loaf,255,RT_045,1.6,255
2025-03-31 19:47:34,STORE_082,Masvingo_Branch,High Energy White,206,RT_037,1.3,206
2025-01-12 09:22:11,STORE_099,Masvingo_Branch,Family Loaf,262,RT_028,2.25,262
2025-01-12 08:11:47,STORE_017,Masvingo_Branch,Buns 6-Pack,265,RT_015,1.13,265
2025-06-26 03:53:24,STORE_047,Gweru_Branch,High Energy Brown,144,RT_040,1.43,144
2025-03-12 21:51:04,STORE_017,Harare_Willowvale,Whole Wheat,306,RT_011,1.48,306
2025-02-21 04:26:15,STORE_071,Masvingo_Branch,High Energy Brown,71,RT_025,1.22,71
2025-07-06 20:10:24,STORE_115,Marondera_Depot,Family Loaf,296,RT_032,2.26,296
2025-07-05 12:51:28,STORE_089,Bulawayo_Branch,Wholegrain Brown,156,RT_028,1.39,156
2025-05-01 20:31:49,STORE_035,Harare_Willowvale,Wholegrain Brown,272,RT_037,1.41,272
2025-01-25 00:44:19,STORE_094,Harare_Southerton,Seed Loaf,309,RT_019,1.64,309
2025-06-20 03:26:27,STORE_029,Harare_Southerton,Soft White,60,RT_016,1.24,60
2025-03-10 02:16:57,STORE_139,Kwekwe_Depot,Seed Loaf,276,RT_011,1.49,276
2025-01-28 13:04:57,STORE_090,Marondera_Depot,High Energy White,157,RT_012,1.35,157
2025-07-03 08:40:33,STORE_127,Marondera_Depot,Buns 6-Pack,4,RT_018,1.25,4
2025-05-24 21:09:55,STORE_116,Kwekwe_Depot,Family Loaf,16,RT_025,2.33,16
2025-02-14 09:57:58,STORE_031,Mutare_Branch,Seed Loaf,129,RT_037,1.66,129
2025-07-02 04:17:38,STORE_077,Kwekwe_Depot,Wholegrain Brown,7,RT_013,1.56,7
2025-04-05 19:48:54,STORE_131,Chitungwiza_Depot,Whole Wheat,189,RT_001,1.39,189
2025-01-17 06:35:50,STORE_002,Chitungwiza_Depot,Wholegrain Brown,246,RT_012,1.34,246
2025-02-26 14:44:07,STORE_014,Masvingo_Branch,Seed Loaf,3,RT_034,1.5,3
2025-02-21 15:25:18,STORE_006,Harare_Southerton,Wholegrain Brown,242,RT_010,1.51,242
2025-03-17 12:22:39,STORE_067,Bulawayo_Branch,Buns 6-Pack,97,RT_043,1.08,97
2025-07-29 15:16:20,STORE_026,Masvingo_Branch,High Energy White,111,RT_015,1.32,111
2025-06-03 21:34:08,STORE_077,Marondera_Depot,Mini Rolls 6-Pack,180,RT_043,1.09,180
2025-01-24 22:01:02,STORE_107,Mutare_Branch,Soft White,111,RT_024,1.12,111
2025-01-21 03:12:08,STORE_081,Kwekwe_Depot,Mini Rolls 6-Pack,301,RT_048,1.2,301
2025-05-27 00:53:39,STORE_138,Chitungwiza_Depot,High Energy White,173,RT_039,1.43,173
2025-04-27 06:59:55,STORE_100,Kwekwe_Depot,High Energy Brown,314,RT_034,1.37,314
2025-02-03 13:43:23,STORE_103,Gweru_Branch,High Energy Brown,136,RT_021,1.25,136
2025-07-01 18:08:41,STORE_050,Masvingo_Branch,Mini Rolls 6-Pack,316,RT_009,1.14,316
2025-04-30 09:21:11,STORE_123,Harare_Willowvale,Whole Wheat,153,RT_003,1.39,153
2025-06-26 17:45:02,STORE_050,Kwekwe_Depot,High Energy White,141,RT_020,1.29,141
2025-05-02 00:45:43,STORE_103,Gweru_Branch,Family Loaf,180,RT_043,2.23,180
2025-05-28 21:04:55,STORE_070,Chitungwiza_Depot,Seed Loaf,100,RT_019,1.45,100
2025-03-15 23:07:39,STORE_081,Harare_Willowvale,Wholegrain Brown,231,RT_005,1.51,231
2025-05-05 20:13:40,STORE_119,Kwekwe_Depot,Soft White,177,RT_004,1.24,177
2025-03-31 23:57:52,STORE_100,Marondera_Depot,High Energy White,116,RT_006,1.29,116
2025-05-03 18:53:10,STORE_047,Gweru_Branch,Whole Wheat,193,RT_005,1.39,193
2025-01-01 16:58:07,STORE_023,Marondera_Depot,Wholegrain Brown,77,RT_010,1.43,77
2025-04-28 03:32:56,STORE_008,Masvingo_Branch,High Energy White,268,RT_001,1.36,268
2025-06-18 00:41:42,STORE_124,Marondera_Depot,Whole Wheat,65,RT_017,1.39,65
2025-03-12 00:00:00,STORE_128,Chitungwiza_Depot,Whole Wheat,162,RT_003,1.6,162
2025-03-25 19:05:14,STORE_134,Gweru_Branch,Mini Rolls 6-Pack,305,RT_009,0.93,305
2025-07-25 00:25:36,STORE_082,Harare_Willowvale,Family Loaf,198,RT_005,2.22,198
2025-05-23 05:53:35,STORE_006,Chitungwiza_Depot,Soft White,86,RT_002,1.19,86
2025-07-26 00:27:01,STORE_044,Marondera_Depot,SoapBar,253,RT_044,0.93,253
2025-04-07 14:36:28,STORE_008,Mutare_Branch,Mini Rolls 6-Pack,3,RT_036,1.18,3
2025-07-28 01:49:08,STORE_076,Gweru_Branch,Seed Loaf,4,RT_028,1.57,4
2025-03-11 05:29:37,STORE_036,Harare_Willowvale,Seed Loaf,283,RT_012,1.48,283
2025-04-12 04:26:32,STORE_039,Harare_Southerton,High Energy Brown,3,RT_010,1.22,3
2025-04-03 05:02:17,STORE_112,Marondera_Depot,Seed Loaf,78,RT_046,1.53,78
2025-03-26 14:49:42,STORE_126,Masvingo_Branch,Seed Loaf,225,RT_017,1.63,225
2025-07-15 16:32:30,STORE_056,Marondera_Depot,Mini Rolls 6-Pack,301,RT_007,1.07,301
2025-02-08 16:17:41,STORE_057,Harare_Southerton,Soft White,190,RT_032,1.22,190
2025-01-15 08:35:05,STORE_015,Harare_Willowvale,High Energy Wite,216,RT_025,1.4,216
2025-06-30 11:39:34,STORE_069,Harare_Southerton,Buns 6-Pack,61,RT_039,1.07,61
2025-03-13 10:44:09,STORE_077,Marondera_Depot,Buns 6-Pack,18,RT_017,1.26,18
2025-05-06 03:30:58,STORE_086,Bulawayo_Branch,Family Loaf,3,RT_024,2.16,3
2025-06-17 06:34:35,STORE_136,Harare_Willowvale,High Energy White,171,RT_001,1.34,171
2025-07-30 03:29:15,STORE_026,Bulawayo_Branch,High Energy White,83,RT_003,1.46,83
2025-07-16 05:54:51,STORE_128,Marondera_Depot,High Energy Brown,170,RT_037,1.41,170
2025-03-08 07:13:14,STORE_056,Bindura_Depot,Wholegrain Brown,162,RT_010,1.31,162
2025-04-10 15:51:19,STORE_079,Bulawayo_Branch,Buns 6-Pack,20,RT_035,1.17,20
2025-02-20 09:34:49,STORE_047,Marondera_Depot,Seed Loaf,253,RT_012,1.48,253
2025-02-12 18:03:13,STORE_037,Marondera_Depot,Mini Rolls 6-Pack,10,RT_039,1.07,10
2025-04-01 23:33:11,STORE_099,Masvingo_Branch,Seed Loaf,133,RT_015,1.46,133
2025-01-04 07:53:55,STORE_113,Chitungwiza_Depot,High Energy White,278,RT_012,1.31,278
2025-06-02 12:24:43,STORE_012,Bulawayo_Branch,Family Loaf,92,RT_016,2.11,92
2025-04-06 11:02:32,STORE_110,Chitungwiza_Depot,Buns 6-Pack,131,RT_023,1.1,131
2025-04-20 17:47:03,STORE_139,Marondera_Depot,Mini Rolls 6-Pack,203,RT_047,0.97,203
2025-04-23 06:36:06,STORE_130,Marondera_Depot,Seed Loaf,178,RT_039,1.63,178
2025-07-29 03:53:52,STORE_037,Harare_Willowvale,Family Loaf,3,RT_035,2.31,3
2025-03-17 14:17:03,STORE_136,Bindura_Depot,Family Loaf,305,RT_034,2.22,305
2025-07-07 07:38:11,STORE_094,Kwekwe_Depot,High Energy White,235,RT_014,1.37,235
2025-07-07 22:06:43,STORE_056,Marondera_Depot,Mini Rolls 6-Pack,171,RT_041,1.19,171
2025-07-18 23:44:50,STORE_085,Kwekwe_Depot,Family Loaf,81,RT_045,2.38,81
2025-07-26 15:46:56,STORE_068,Kwekwe_Depot,High Energy Brown,64,RT_021,1.32,64
2025-03-13 05:14:43,STORE_103,Harare_Willowvale,Whole Wheat,149,RT_022,1.64,149
2025-02-10 10:44:39,STORE_113,Chitungwiza_Depot,High Energy Brown,173,RT_035,1.39,173
2025-01-02 20:09:58,STORE_121,Harare_Southerton,Wholegrain Brown,235,RT_024,1.38,235
2025-04-04 15:40:20,STORE_049,Chitungwiza_Depot,High Energy White,179,RT_043,1.25,179
2025-05-12 03:36:23,STORE_134,Bulawayo_Branch,High Energy Brown,139,RT_029,1.48,139
2025-04-24 14:16:55,STORE_072,Bulawayo_Branch,Seed Loaf,47,RT_035,1.57,47
2025-07-26 20:15:12,STORE_067,Masvingo_Branch,Buns 6-Pack,206,RT_040,1.04,206
2025-05-06 01:22:26,STORE_078,Bulawayo_Branch,Family Loaf,298,RT_042,2.31,298
2025-07-18 18:46:51,STORE_133,Bindura_Depot,Family Loaf,241,RT_039,2.14,241
2025-02-23 03:09:45,STORE_097,Harare_Willowvale,Soft White,284,RT_009,1.15,284
2025-02-19 11:04:47,STORE_031,Mutare_Branch,Buns 6-Pack,178,RT_036,1.15,178
2025-03-07 17:20:44,STORE_001,Kwekwe_Depot,Soft White,74,RT_026,1.23,74
2025-04-06 11:25:52,STORE_031,Masvingo_Branch,Sugar2kg,206,RT_013,1.17,206
2025-06-24 11:21:15,STORE_112,Masvingo_Branch,High Energy White,239,RT_014,1.41,239
2025-02-02 02:20:19,STORE_004,Harare_Southerton,Seed Loaf,178,RT_006,1.64,178
2025-07-02 18:31:01,STORE_021,Marondera_Depot,Seed Loaf,40,RT_046,1.54,40
2025-07-14 18:55:15,STORE_086,Mutare_Branch,Buns 6-Pack,267,RT_043,1.07,267
2025-05-20 18:06:55,STORE_118,Mutare_Branch,Seed Loaf,285,RT_018,1.57,285
2025-04-01 02:14:41,STORE_001,Masvingo_Branch,Mini Rolls 6-Pack,268,RT_027,0.96,268
2025-02-18 23:03:27,STORE_108,Harare_Southerton,Wholegrain Brown,135,RT_001,1.6,135
2025-01-28 11:12:19,STORE_040,Harare_Willowvale,Wholegrain Brown,91,RT_018,1.47,91
2025-02-01 04:24:47,STORE_063,Harare_Willowvale,High Energy Brown,290,RT_006,1.34,290
2025-07-03 20:02:17,STORE_008,Chitungwiza_Depot,Soft White,80,RT_021,1.22,80
2025-04-05 17:27:57,STORE_118,Harare_Southerton,Family Loaf,75,RT_007,2.39,75
2025-04-25 00:46:55,STORE_130,Mutare_Branch,Buns 6-Pack,268,RT_048,1.28,268
2025-06-17 23:44:14,STORE_089,Bindura_Depot,Seed Loaf,94,RT_011,1.69,94
2025-02-25 07:39:37,STORE_133,Bindura_Depot,Whole Wheat,222,RT_023,1.38,222
2025-05-19 09:02:12,STORE_122,Mutare_Branch,Buns 6-Pack,143,RT_024,1.02,143
2025-01-13 13:25:10,STORE_097,Masvingo_Branch,Buns 6-Pack,244,RT_005,1.17,244
2025-06-25 12:21:09,STORE_077,Bindura_Depot,High Energy Brown,179,RT_004,1.28,179
2025-05-03 04:14:46,STORE_086,Harare_Southerton,Whole Wheat,160,RT_017,1.6,160
2025-02-22 10:45:36,STORE_035,Kwekwe_Depot,Whole Wheat,135,RT_018,1.38,135
2025-03-18 13:50:43,STORE_119,Bindura_Depot,Mini Rolls 6-Pack,281,RT_011,1.06,281
2025-04-26 11:20:44,STORE_041,Bulawayo_Branch,Mini Rolls 6-Pack,272,RT_038,1.15,272
2025-01-15 02:08:29,STORE_107,Gweru_Branch,Wholegrain Brown,92,RT_018,1.32,92
2025-02-27 03:58:33,STORE_015,Kwekwe_Depot,Buns 6-Pack,238,RT_006,1.18,238
2025-07-07 13:33:44,STORE_011,Mutare_Branch,Whole Wheat,169,RT_015,1.47,169
2025-06-28 02:45:02,STORE_127,Mutare_Branch,Wholegrain Brown,249,RT_048,1.51,249
2025-01-10 20:08:42,STORE_110,Harare_Willowvale,Seed Loaf,21,RT_039,1.66,21
2025-07-06 18:22:51,STORE_020,Chitungwiza_Depot,High Energy White,190,RT_043,1.48,190
2025-05-19 19:59:24,STORE_059,Kwekwe_Depot,High Energy Brown,309,RT_005,1.41,309
2025-04-07 08:24:32,STORE_032,Harare_Southerton,Buns 6-Pack,13,RT_031,1.09,13
,STORE_007,Mutare_Branch,High Energy Brown,216,RT_026,1.36,216
2025-05-07 17:18:07,STORE_022,Marondera_Depot,Mini Rolls 6-Pack,282,RT_009,1.16,282
2025-01-07 03:13:03,STORE_022,Mutare_Branch,Whole Wheat,89,RT_036,1.51,89
2025-12-05 00:00:00,STORE_097,Mutare_Branch,Soft White,242,RT_027,1.23,242
2025-01-27 22:48:01,STORE_050,Bindura_Depot,Wholegrain Brown,11,RT_002,1.33,11
2025-03-22 19:58:16,STORE_012,Bindura_Depot,Whole Wheat,246,RT_035,1.42,246
2025-02-24 03:03:57,STORE_085,Bulawayo_Branch,Seed Loaf,13,RT_008,1.54,13
2025-06-29 23:01:54,STORE_040,Chitungwiza_Depot,Soft White,299,RT_047,1.37,299
2025-07-15 14:44:20,STORE_060,Marondera_Depot,Family Loaf,167,RT_018,2.3,167
2025-01-02 07:38:56,STORE_078,Bindura_Depot,Soft White,107,RT_037,1.24,107
2025-06-18 19:19:26,STORE_105,Kwekwe_Depot,High Energy White,225,RT_022,1.38,225
2025-06-30 07:33:29,STORE_106,Harare_Southerton,Buns 6-Pack,295,RT_037,1.23,295
2025-03-10 05:39:04,STORE_077,Harare_Southerton,Wholegrain Brown,17,RT_032,1.58,17
2025-06-19 11:34:28,STORE_005,Kwekwe_Depot,High Energy Brown,312,RT_045,1.4,312
2025-04-02 03:49:06,STORE_121,Marondera_Depot,Whole Wheat,6,RT_007,1.4,6
2025-06-19 08:39:47,STORE_037,Gweru_Branch,Buns 6-Pack,104,RT_045,1.23,104
2025-01-24 17:08:00,STORE_059,Kwekwe_Depot,Buns 6-Pack,98,RT_017,1.27,98
2025-05-26 05:08:21,STORE_112,Harare_Willowvale,Buns 6-Pack,291,RT_035,1.1,291
2025-01-20 05:08:22,STORE_040,Bindura_Depot,Wholegrain Brown,243,RT_007,1.33,243
2025-03-01 20:00:19,STORE_040,Kwekwe_Depot,Buns 6-Pack,222,RT_038,1.01,222
2025-07-06 08:01:24,STORE_114,Bindura_Depot,WholeWheat,111,RT_035,1.63,111
2025-04-01 00:00:18,STORE_010,Mutare_Branch,High Energy White,8,RT_011,1.45,8
2025-07-06 13:29:00,STORE_094,Mutare_Branch,Soft White,92,RT_011,1.26,92
2025-05-14 12:48:09,STORE_039,Mutare_Branch,High Energy White,299,RT_043,1.49,299
2025-01-02 14:17:17,STORE_049,Harare_Southerton,Wholegrain Brown,9,RT_042,1.52,9
2025-04-18 04:09:26,STORE_129,Kwekwe_Depot,Buns 6-Pack,94,RT_040,1.05,94
2025-01-24 00:32:53,STORE_038,Marondera_Depot,Buns 6-Pack,111,RT_022,1.03,111
2025-06-23 10:45:22,STORE_101,Bindura_Depot,Wholegrain Brown,281,RT_022,1.44,281
2025-05-18 05:37:42,STORE_014,Harare_Southerton,Wholegrain Brown,127,RT_041,1.41,127
2025-01-03 21:28:59,STORE_110,Gweru_Branch,Buns 6-Pack,42,RT_021,1.09,42
2025-07-20 00:54:55,STORE_035,Masvingo_Branch,Family Loaf,24,RT_049,2.15,24
2025-03-31 17:49:19,STORE_084,Harare_Willowvale,Mini Rolls 6-Pack,114,RT_020,0.99,114
2025-05-11 11:33:48,STORE_105,Harare_Southerton,High Energy White,201,RT_015,1.31,201
2025-07-16 10:16:58,STORE_079,Marondera_Depot,Soft White,88,RT_027,1.39,88
2025-02-16 11:48:19,STORE_068,Marondera_Depot,Whole Wheat,109,RT_004,1.55,109
2025-04-07 11:48:20,STORE_039,Bulawayo_Branch,High Energy Brown,141,RT_004,1.36,141
,STORE_133,Masvingo_Branch,Family Loaf,172,RT_048,2.3,172
2025-07-15 18:35:35,STORE_057,Marondera_Depot,Family Loaf,265,RT_010,2.24,265
2025-01-24 12:37:36,STORE_023,Gweru_Branch,Soft White,220,RT_017,1.29,220
2025-02-20 19:21:36,STORE_046,Masvingo_Branch,Seed Loaf,219,RT_037,1.66,219
2025-03-28 05:44:22,STORE_027,Kwekwe_Depot,High Energy White,261,RT_002,1.39,261
2025-05-27 01:37:02,STORE_019,Bindura_Depot,Soft White,265,RT_016,1.36,265
2025-01-10 01:15:29,STORE_069,Bulawayo_Branch,Seed Loaf,190,RT_026,1.61,190
2025-03-30 21:42:36,STORE_122,Harare_Southerton,Whole Wheat,162,RT_004,1.35,162
2025-04-09 21:58:30,STORE_053,Bindura_Depot,Seed Loaf,75,RT_040,1.63,75
2025-05-11 01:34:58,STORE_084,Masvingo_Branch,SoapBar,44,RT_019,1.52,44
2025-07-21 20:04:16,STORE_123,Mutare_Branch,Wholegrain Brown,308,RT_023,1.53,308
2025-04-26 09:08:24,STORE_106,Mutare_Branch,Wholegrain Brown,43,RT_009,1.56,43
2025-01-18 06:52:31,STORE_136,Masvingo_Branch,Buns 6-Pack,263,RT_029,1.27,263
2025-05-01 05:31:32,STORE_085,Bulawayo_Branch,Family Loaf,120,RT_046,2.35,120
2025-03-14 19:55:18,STORE_071,Gweru_Branch,High Energy White,316,RT_040,1.22,316
2025-06-28 09:44:08,STORE_053,Bindura_Depot,Buns 6-Pack,125,RT_046,1.24,125
2025-06-02 03:08:14,STORE_088,Chitungwiza_Depot,High Energy Brown,278,RT_031,1.26,278
2025-03-31 04:11:34,STORE_081,Chitungwiza_Depot,High Energy White,34,RT_019,1.48,34
2025-04-19 16:00:17,STORE_135,Bindura_Depot,High Energy White,140,RT_030,1.37,140
2025-02-17 06:39:12,STORE_112,Gweru_Branch,Buns 6-Pack,173,RT_033,1.17,173
2025-04-01 19:13:39,STORE_016,Marondera_Depot,Mini Rolls 6-Pack,108,RT_011,1.08,108
2025-04-26 06:51:50,STORE_123,Kwekwe_Depot,Family Loaf,154,RT_005,2.1,154
2025-12-05 00:00:00,STORE_017,Harare_Willowvale,Whole Wheat,256,RT_002,1.49,256
2025-04-23 11:22:22,STORE_087,Harare_Willowvale,High Energy White,175,RT_042,1.42,175
2025-04-02 13:08:19,STORE_131,Mutare_Branch,Soft White,220,RT_011,1.24,220
2025-06-04 18:26:58,STORE_080,Bulawayo_Branch,Whole Wheat,146,RT_036,1.62,146
2025-02-21 15:45:58,STORE_039,Chitungwiza_Depot,Soft White,180,RT_037,1.26,180
2025-06-16 12:36:50,STORE_127,Chitungwiza_Depot,Soft White,35,RT_017,1.25,35
2025-01-15 10:35:52,STORE_029,Kwekwe_Depot,Family Loaf,226,RT_049,2.36,226
2025-03-10 09:53:58,STORE_011,Gweru_Branch,High Energy Brown,184,RT_047,1.28,184
2025-02-26 17:40:21,STORE_034,Gweru_Branch,High Energy White,9,RT_046,1.5,9
2025-07-06 12:16:19,STORE_093,Harare_Willowvale,Whole Wheat,261,RT_044,1.47,261
2025-04-23 10:22:57,STORE_110,Marondera_Depot,Seed Loaf,67,RT_033,1.65,67
2025-02-18 23:00:13,STORE_054,Bindura_Depot,Mini Rolls 6-Pack,237,RT_042,0.94,237
2025-05-15 06:40:45,STORE_106,Bindura_Depot,Mini Rolls 6-Pack,190,RT_027,1.0,190
2025-07-15 20:27:50,STORE_034,Harare_Southerton,Family Loaf,242,RT_041,2.11,242
2025-03-25 21:32:10,STORE_064,Harare_Willowvale,Family Loaf,103,RT_012,2.38,103
2025-07-24 19:39:10,STORE_007,Chitungwiza_Depot,Buns 6-Pack,179,RT_028,1.15,179
2025-03-21 05:41:30,STORE_001,Chitungwiza_Depot,Family Loaf,278,RT_046,2.22,278
2025-02-19 20:01:05,STORE_076,Harare_Willowvale,Soft White,3,RT_005,1.3,3
2025-03-12 06:15:17,STORE_014,Harare_Willowvale,Seed Loaf,262,RT_002,1.63,262
2025-06-15 05:34:14,STORE_052,Harare_Southerton,Buns 6-Pack,75,RT_030,1.24,75
2025-04-10 19:10:54,STORE_004,Chitungwiza_Depot,Wholegrain Brown,21,RT_036,1.44,21
2025-04-05 09:06:50,STORE_008,Bindura_Depot,Family Loaf,234,RT_009,2.24,234
2025-06-01 06:43:21,STORE_133,Mutare_Branch,Wholegrain Brown,274,RT_028,1.36,274
2025-04-27 16:35:20,STORE_072,Bulawayo_Branch,Buns 6-Pack,250,RT_046,1.21,250
2025-07-26 10:16:18,STORE_004,Bindura_Depot,High Energy Brown,133,RT_031,1.44,133
2025-06-11 10:07:55,STORE_054,Chitungwiza_Depot,High Energy Brown,178,RT_049,1.37,178
2025-01-07 23:32:31,STORE_030,Chitungwiza_Depot,Seed Loaf,147,RT_034,1.52,147
2025-05-13 14:38:21,STORE_122,Bindura_Depot,Soft White,227,RT_010,1.32,227
2025-06-14 21:33:10,STORE_031,Marondera_Depot,Sugar2kg,81,RT_004,1.29,81
2025-02-24 10:44:10,STORE_104,Chitungwiza_Depot,Soft Whtie,280,RT_014,1.31,280
2025-07-30 08:39:04,STORE_087,Kwekwe_Depot,High Energy White,287,RT_026,1.36,287
2025-12-05 00:00:00,STORE_134,Mutare_Branch,Seed Loaf,261,RT_048,1.45,261
2025-04-18 19:55:14,STORE_083,Marondera_Depot,Family Loaf,19,RT_023,2.37,19
2025-05-02 18:26:10,STORE_033,Chitungwiza_Depot,Soft White,287,RT_004,1.22,287
2025-03-23 14:19:45,STORE_053,Bindura_Depot,Buns 6-Pack,167,RT_004,1.12,167
2025-07-21 07:25:53,STORE_127,Marondera_Depot,Family Loaf,58,RT_034,2.19,58
2025-02-04 20:45:59,STORE_056,Harare_Willowvale,Seed Loaf,51,RT_021,1.43,51
,STORE_028,Marondera_Depot,Wholegrain Brown,286,RT_017,1.51,286
2025-02-25 07:31:14,STORE_045,Chitungwiza_Depot,High Energy Brown,296,RT_038,1.48,296
2025-06-04 10:48:05,STORE_029,Chitungwiza_Depot,Buns 6-Pack,33,RT_036,1.17,33
2025-05-05 15:53:49,STORE_031,Kwekwe_Depot,Family Loaf,127,RT_029,2.33,127
2025-02-06 12:46:30,STORE_114,Kwekwe_Depot,Family Loaf,218,RT_029,2.15,218
2025-02-07 20:23:29,STORE_013,Mutare_Branch,Soft White,96,RT_028,1.36,96
2025-02-03 02:17:33,STORE_109,Chitungwiza_Depot,Seed Loaf,198,RT_042,1.44,198
2025-02-26 13:52:42,STORE_079,Gweru_Branch,High Energy White,170,RT_024,1.46,170
2025-07-04 13:45:14,STORE_077,Kwekwe_Depot,Soft White,11,RT_008,1.17,11
2025-02-09 09:02:35,STORE_137,Harare_Southerton,Seed Loaf,115,RT_005,1.47,115
2025-03-11 02:14:37,STORE_123,Marondera_Depot,Mini Rolls 6-Pack,45,RT_022,1.0,45
2025-04-04 23:40:59,STORE_004,Gweru_Branch,Mini Rolls 6-Pack,255,RT_036,1.09,255
2025-03-20 22:08:42,STORE_013,Bindura_Depot,Whole Wheat,99,RT_006,1.42,99
2025-06-17 01:51:18,STORE_097,Chitungwiza_Depot,Seed Loaf,238,RT_019,1.6,238
2025-02-01 23:30:49,STORE_067,Masvingo_Branch,Mini Rolls 6-Pack,277,RT_046,1.03,277
2025-04-04 09:40:24,STORE_101,Harare_Willowvale,Buns 6-Pack,295,RT_026,1.02,295
2025-01-20 01:43:44,STORE_023,Mutare_Branch,Family Loaf,225,RT_029,2.34,225
2025-05-09 06:40:06,STORE_084,Bindura_Depot,Soft White,318,RT_017,1.19,318
2025-02-10 04:09:26,STORE_127,Mutare_Branch,Wholegrain Brown,214,RT_048,1.57,214
2025-07-27 03:58:25,STORE_065,Bulawayo_Branch,High Energy White,32,RT_012,1.29,32
2025-07-15 17:56:26,STORE_130,Mutare_Branch,Mini Rolls 6-Pack,145,RT_022,0.99,145
2025-03-26 01:04:28,STORE_104,Marondera_Depot,Seed Loaf,21,RT_014,1.53,21
2025-07-16 06:03:37,STORE_060,Bindura_Depot,High Energy Brown,130,RT_049,1.23,130
2025-06-28 08:35:40,STORE_083,Gweru_Branch,Buns 6-Pack,28,RT_001,1.08,28
2025-04-23 04:55:35,STORE_055,Mutare_Branch,High Energy Brown,77,RT_001,1.3,77
2025-03-22 06:06:06,STORE_045,Harare_Southerton,Mini Rolls 6-Pack,113,RT_044,1.11,113
2025-07-02 02:36:49,STORE_048,Kwekwe_Depot,Soft White,318,RT_049,1.31,318
2025-06-23 23:01:06,STORE_111,Harare_Willowvale,Mini Rolls 6-Pack,35,RT_002,1.03,35
2025-04-02 23:13:02,STORE_023,Marondera_Depot,Wholegrain Brown,144,RT_019,1.45,144
2025-03-18 02:00:43,STORE_052,Bulawayo_Branch,Whole Wheat,51,RT_049,1.4,51
2025-04-15 19:58:03,STORE_109,Gweru_Branch,Wholegrain Brown,312,RT_036,1.56,312
2025-07-06 12:31:02,STORE_075,Chitungwiza_Depot,Whole Wheat,180,RT_001,1.36,180
2025-01-17 14:10:14,STORE_106,Gweru_Branch,Buns 6-Pack,280,RT_041,1.14,280
2025-07-18 18:11:18,STORE_105,Harare_Willowvale,Sugar2kg,252,RT_045,1.22,252
2025-01-23 02:13:22,STORE_008,Marondera_Depot,High Energy Brown,28,RT_026,1.48,28
2025-04-14 10:38:12,STORE_008,Marondera_Depot,Whole Wheat,88,RT_025,1.41,88
2025-01-02 03:45:19,STORE_046,Masvingo_Branch,Soft White,233,RT_037,1.37,233
2025-03-12 10:58:14,STORE_045,Kwekwe_Depot,Seed Loaf,102,RT_008,1.61,102
2025-03-24 10:50:01,STORE_104,Masvingo_Branch,Buns 6-Pack,51,RT_025,1.11,51
2025-03-04 14:44:21,STORE_123,Mutare_Branch,Buns 6-Pack,237,RT_024,1.01,237
2025-07-14 03:37:03,STORE_100,Kwekwe_Depot,Whole Wheat,168,RT_037,1.49,168
2025-01-10 09:52:48,STORE_046,Harare_Willowvale,Mini Rolls 6-Pack,126,RT_031,1.08,126
2025-01-18 11:06:37,STORE_117,Bulawayo_Branch,High Energy Brown,182,RT_013,1.47,182
2025-03-10 02:07:23,STORE_003,Masvingo_Branch,Whole Wheat,104,RT_032,1.54,104
2025-05-27 18:42:10,STORE_059,Masvingo_Branch,Whole Wheat,103,RT_043,1.45,103
2025-06-04 11:39:06,STORE_052,Harare_Willowvale,Family Loaf,281,RT_025,2.1,281
2025-02-26 03:17:38,STORE_103,Masvingo_Branch,Mini Rolls 6-Pack,11,RT_018,1.06,11
2025-06-24 01:31:18,STORE_080,Bulawayo_Branch,High Energy Brown,95,RT_009,1.35,95
2025-05-25 15:16:12,STORE_036,Harare_Southerton,High Energy Brown,212,RT_023,1.23,212
2025-05-03 08:44:11,STORE_131,Bulawayo_Branch,High Energy White,284,RT_016,1.46,284
2025-02-26 22:06:10,STORE_031,Bulawayo_Branch,High Energy White,277,RT_023,1.5,277
2025-03-29 07:19:19,STORE_094,Bindura_Depot,High Energy Brown,310,RT_044,1.36,310
2025-02-22 12:47:27,STORE_063,Kwekwe_Depot,Whole Wheat,233,RT_009,1.38,233
2025-01-04 08:18:54,STORE_130,Bindura_Depot,High Energy Brown,289,RT_022,1.47,289
2025-07-13 09:26:43,STORE_020,Chitungwiza_Depot,High Energy White,276,RT_035,1.32,276
2025-06-14 04:49:22,STORE_085,Harare_Southerton,Mini Rolls 6-Pack,130,RT_002,1.08,130
2025-07-29 07:00:01,STORE_016,Harare_Southerton,Mini Rolls 6-Pack,143,RT_019,0.97,143
2025-05-21 09:21:52,STORE_081,Masvingo_Branch,Buns 6-Pack,312,RT_034,1.05,312
2025-07-13 23:58:00,STORE_048,Masvingo_Branch,Seed Loaf,13,RT_011,1.44,13
2025-07-15 05:37:02,STORE_116,Chitungwiza_Depot,Buns 6-Pack,99,RT_004,1.02,99
2025-04-03 13:23:38,STORE_113,Chitungwiza_Depot,Whole Wheat,150,RT_038,1.43,150
2025-02-04 13:21:36,STORE_030,Kwekwe_Depot,High Energy White,58,RT_037,1.29,58
2025-03-19 14:47:04,STORE_130,Marondera_Depot,High Energy White,171,RT_026,1.34,171
2025-05-29 05:40:43,STORE_007,Masvingo_Branch,Whole Wheat,316,RT_008,1.44,316
2025-06-10 23:58:57,STORE_063,Harare_Willowvale,Soft White,125,RT_025,1.15,125
2025-06-26 23:52:41,STORE_008,Masvingo_Branch,Soft White,231,RT_043,1.22,231
2025-07-19 04:19:54,STORE_084,Chitungwiza_Depot,Buns 6-Pack,228,RT_013,1.24,228
2025-04-13 17:54:01,STORE_135,Gweru_Branch,Mini Rolls 6-Pack,306,RT_034,1.09,306
2025-05-10 12:22:04,STORE_084,Chitungwiza_Depot,Soft White,281,RT_045,1.14,281
2025-06-25 00:54:56,STORE_115,Masvingo_Branch,Whole Wheat,45,RT_020,1.36,45
2025-02-06 14:30:33,STORE_075,Gweru_Branch,Wholegrain Brown,236,RT_003,1.57,236
2025-06-26 22:37:13,STORE_106,Bulawayo_Branch,High Energy White,31,RT_033,1.38,31
2025-07-20 08:34:12,STORE_006,Gweru_Branch,Family Loaf,227,RT_017,2.31,227
2025-05-25 22:20:19,STORE_076,Bindura_Depot,Buns 6-Pack,86,RT_001,1.01,86
2025-03-23 11:48:26,STORE_114,Harare_Willowvale,Whole Wheat,45,RT_033,1.63,45
2025-05-27 23:31:41,STORE_138,Masvingo_Branch,Wholegrain Brown,234,RT_024,1.39,234
2025-05-11 02:46:54,STORE_007,Bulawayo_Branch,Buns 6-Pack,75,RT_046,1.16,75
2025-01-01 06:21:13,STORE_125,Harare_Willowvale,Buns 6-Pack,206,RT_041,1.29,206
2025-01-31 17:03:01,STORE_121,Bindura_Depot,Whole Wheat,292,RT_002,1.62,292
2025-07-23 06:44:37,STORE_054,Mutare_Branch,Seed Loaf,140,RT_014,1.64,140
2025-01-13 06:20:22,STORE_071,Bindura_Depot,Mini Rolls 6-Pack,261,RT_004,1.18,261
2025-05-11 12:10:33,STORE_042,Gweru_Branch,Buns 6-Pack,500,RT_027,1.14,500
2025-06-17 09:54:26,STORE_031,Bindura_Depot,Seed Loaf,304,RT_023,1.53,304
2025-02-24 15:23:25,STORE_079,Bindura_Depot,Mini Rolls 6-Pack,227,RT_011,0.93,227
2025-07-18 06:22:31,STORE_092,Bindura_Depot,High Energy White,270,RT_022,1.5,270
2025-07-22 16:31:09,STORE_078,Marondera_Depot,High Energy White,282,RT_036,1.42,282
2025-03-27 05:08:01,STORE_064,Kwekwe_Depot,Mini Rolls 6-Pack,267,RT_027,1.05,267
2025-07-18 04:07:51,STORE_103,Kwekwe_Depot,Whole Wheat,13,RT_035,1.37,13
2025-03-10 10:47:43,STORE_042,Bulawayo_Branch,Family Loaf,25,RT_016,2.32,25
2025-05-16 15:44:17,STORE_099,Kwekwe_Depot,Mini Rolls 6-Pack,144,RT_028,0.93,144
2025-03-27 16:07:52,STORE_102,Mutare_Branch,Family Loaf,44,RT_034,2.36,44
2025-07-24 00:53:26,STORE_028,Chitungwiza_Depot,Seed Loaf,23,RT_027,1.54,23
2025-02-27 21:06:23,STORE_030,Marondera_Depot,High Energy White,49,RT_039,1.5,49
2025-04-01 17:29:01,STORE_029,Marondera_Depot,Mini Rolls 6-Pack,98,RT_001,1.11,98
2025-01-04 10:16:17,STORE_028,Bindura_Depot,Buns 6-Pack,248,RT_021,1.1,248
2025-03-04 18:34:26,STORE_084,Gweru_Branch,Soft White,149,RT_044,1.39,149
2025-04-29 00:46:25,STORE_003,Kwekwe_Depot,SoapBar,137,RT_030,1.44,137
2025-04-19 19:33:14,STORE_045,Masvingo_Branch,Soft White,191,RT_013,1.25,191
2025-02-28 00:50:36,STORE_082,Harare_Willowvale,Mini Rolls 6-Pack,114,RT_009,0.97,114
2025-03-28 00:59:40,STORE_049,Harare_Southerton,Mini Rolls 6-Pack,270,RT_043,1.07,270
2025-06-02 03:00:08,STORE_118,Masvingo_Branch,Buns 6-Pack,229,RT_005,1.24,229
2025-03-17 13:35:25,STORE_124,Bindura_Depot,Whole Wheat,249,RT_007,1.41,249
2025-04-09 22:58:26,STORE_051,Kwekwe_Depot,Family Loaf,8,RT_013,2.32,8
2025-05-15 11:24:54,STORE_128,Harare_Southerton,High Energy White,190,RT_025,1.42,190
2025-05-03 01:04:34,STORE_097,Harare_Southerton,High Energy White,307,RT_003,1.27,307
2025-04-03 08:33:53,STORE_002,Gweru_Branch,Whole Wheat,312,RT_005,1.4,312
2025-03-13 15:23:31,STORE_093,Harare_Southerton,Family Loaf,161,RT_014,2.32,161
2025-03-15 18:47:05,STORE_100,Kwekwe_Depot,High Energy Brown,242,RT_042,1.3,242
2025-02-03 14:53:34,STORE_136,Bindura_Depot,High Energy White,71,RT_005,1.38,71
2025-07-19 14:27:47,STORE_112,Harare_Willowvale,Mini Rolls 6-Pack,59,RT_014,1.07,59
2025-05-06 14:20:23,STORE_076,Bulawayo_Branch,Soft White,279,RT_036,1.16,279
2025-03-03 02:39:07,STORE_058,Chitungwiza_Depot,SoapBar,178,RT_036,1.2,178
2025-04-07 00:04:42,STORE_060,Bulawayo_Branch,Buns 6-Pack,234,RT_031,1.18,234
2025-02-18 02:09:27,STORE_051,Chitungwiza_Depot,Soft White,131,RT_022,1.23,131
2025-07-26 22:03:56,STORE_032,Bulawayo_Branch,Family Loaf,142,RT_028,2.11,142
2025-05-14 05:45:13,STORE_018,Bulawayo_Branch,Family Loaf,173,RT_022,2.29,173
2025-07-28 20:38:36,STORE_096,Bulawayo_Branch,High Energy White,212,RT_005,1.42,212
2025-04-13 23:31:55,STORE_090,Harare_Willowvale,Family Loaf,133,RT_032,2.36,133
2025-04-17 04:02:14,STORE_059,Mutare_Branch,Mini Rolls 6-Pack,309,RT_015,1.11,309
2025-07-04 22:20:42,STORE_062,Kwekwe_Depot,Mini Rolls 6-Pack,171,RT_027,1.08,171
2025-04-20 12:07:31,STORE_100,Harare_Willowvale,Mini Rolls 6-Pack,195,RT_033,1.18,195
2025-06-03 07:36:41,STORE_050,Kwekwe_Depot,Seed Loaf,243,RT_039,1.49,243
2025-02-07 07:40:00,STORE_108,Masvingo_Branch,High Energy Brown,36,RT_023,1.21,36
2025-03-10 20:31:29,STORE_115,Bulawayo_Branch,Family Loaf,308,RT_031,2.11,308
2025-02-05 20:59:15,STORE_124,Bulawayo_Branch,Family Loaf,229,RT_016,2.12,229
2025-06-09 12:58:50,STORE_050,Mutare_Branch,Soft White,18,RT_026,1.35,18
2025-02-07 16:09:52,STORE_073,Bulawayo_Branch,Wholegrain Brown,79,RT_043,1.45,79
2025-06-12 19:32:01,STORE_068,Masvingo_Branch,Wholegrain Brown,287,RT_015,1.46,287
2025-02-17 04:42:09,STORE_115,Masvingo_Branch,Buns 6-Pack,272,RT_046,1.26,272
2025-07-14 18:48:02,STORE_026,Harare_Southerton,High Energy White,108,RT_044,1.4,108
2025-01-28 13:54:25,STORE_119,Kwekwe_Depot,Seed Loaf,279,RT_029,1.58,279
2025-06-03 13:05:41,STORE_057,Gweru_Branch,Whole Wheat,126,RT_003,1.55,126
2025-07-19 23:53:56,STORE_006,Marondera_Depot,High Energy White,182,RT_035,1.22,182
2025-03-23 05:21:58,STORE_118,Harare_Southerton,Soft White,234,RT_025,1.33,234
2025-02-08 01:04:53,STORE_092,Gweru_Branch,Seed Loaf,163,RT_021,1.61,163
2025-03-21 04:55:08,STORE_025,Marondera_Depot,Wholegrain Brown,12,RT_038,1.33,12
2025-05-30 13:47:54,STORE_124,Harare_Willowvale,Whole Wheat,49,RT_035,1.47,49
2025-04-06 01:06:21,STORE_082,Chitungwiza_Depot,Buns 6-Pack,135,RT_048,1.01,135
2025-06-15 16:18:36,STORE_092,Gweru_Branch,Buns 6-Pack,202,RT_013,1.19,202
2025-02-15 12:49:07,STORE_115,Chitungwiza_Depot,Wholegrain Brown,6,RT_042,1.34,6
2025-06-08 00:11:17,STORE_013,Harare_Southerton,Buns 6-Pack,139,RT_002,1.08,139
2025-12-05 00:00:00,STORE_061,Marondera_Depot,Whole Wheat,137,RT_001,1.53,137
2025-02-23 14:36:53,STORE_132,Bulawayo_Branch,Wholegrain Brown,32,RT_020,1.59,32
2025-03-23 23:16:52,STORE_106,Masvingo_Branch,Seed Loaf,305,RT_038,1.46,305
2025-04-25 06:18:30,STORE_100,Bulawayo_Branch,Soft White,17,RT_003,1.28,17
2025-02-16 17:13:25,STORE_086,Marondera_Depot,High Energy White,213,RT_021,1.39,213
2025-03-23 06:31:02,STORE_088,Chitungwiza_Depot,Wholegrain Brown,231,RT_026,1.56,231
2025-02-11 00:21:27,STORE_123,Mutare_Branch,Family Loaf,28,RT_049,2.31,28
2025-05-03 12:07:02,STORE_089,Mutare_Branch,Buns 6-Pack,96,RT_033,1.23,96
2025-05-10 11:23:03,STORE_036,Gweru_Branch,High Energy Brown,123,RT_036,1.38,123
2025-07-06 00:16:56,STORE_061,Mutare_Branch,Buns 6-Pack,240,RT_039,1.02,240
2025-07-24 21:50:44,STORE_059,Bulawayo_Branch,Wholegrain Brown,34,RT_027,1.53,34
2025-01-16 22:49:08,STORE_104,Mutare_Branch,HighEnergyBrown,9,RT_044,1.44,9
2025-05-09 04:12:35,STORE_037,Harare_Willowvale,Mini Rolls 6-Pack,70,RT_032,0.93,70
2025-05-25 05:29:11,STORE_107,Gweru_Branch,High Energy White,143,RT_039,1.39,143
2025-05-23 13:42:58,STORE_090,Bulawayo_Branch,High Energy Brown,238,RT_006,1.37,238
2025-07-25 06:28:37,STORE_088,Marondera_Depot,Seed Loaf,74,RT_017,1.45,74
2025-01-27 16:49:32,STORE_094,Gweru_Branch,Seed Loaf,171,RT_016,1.47,171
2025-06-20 06:52:08,STORE_013,Gweru_Branch,Family Loaf,119,RT_010,2.26,119
2025-05-11 09:56:46,STORE_072,Harare_Southerton,Soft White,17,RT_002,1.28,17
2025-05-26 04:16:56,STORE_062,Bindura_Depot,Wholegrain Brown,269,RT_011,1.58,269
2025-03-15 18:54:07,STORE_054,Marondera_Depot,Buns 6-Pack,147,RT_025,1.18,147
2025-07-30 07:45:05,STORE_117,Marondera_Depot,Seed Loaf,13,RT_032,1.52,13
2025-07-17 02:10:36,STORE_128,Bindura_Depot,High Energy Brown,40,RT_044,1.3,40
2025-06-12 09:38:18,STORE_053,Harare_Willowvale,Soft White,256,RT_005,1.38,256
2025-07-15 10:06:10,STORE_047,Bulawayo_Branch,Whole Wheat,224,RT_029,1.45,224
2025-07-05 04:15:46,STORE_010,Marondera_Depot,Mini Rolls 6-Pack,306,RT_015,0.93,306
2025-03-04 04:23:45,STORE_118,Kwekwe_Depot,Family Loaf,107,RT_049,2.19,107
2025-05-05 16:50:40,STORE_003,Kwekwe_Depot,Wholegrain Brown,175,RT_019,1.43,175
2025-07-02 10:50:09,STORE_071,Marondera_Depot,Buns 6-Pack,303,RT_026,1.09,303
2025-04-18 17:10:07,STORE_126,Kwekwe_Depot,Whole Wheat,253,RT_006,1.49,253
2025-07-28 08:50:27,STORE_077,Kwekwe_Depot,Soft White,301,RT_013,1.16,301
2025-04-11 21:55:36,STORE_135,Chitungwiza_Depot,Soft White,231,RT_018,1.38,231
2025-01-23 07:28:36,STORE_096,Masvingo_Branch,Soft White,118,RT_032,1.22,118
2025-05-13 06:16:31,STORE_123,Marondera_Depot,Buns 6-Pack,230,RT_040,1.25,230
2025-02-18 07:41:05,STORE_137,Kwekwe_Depot,Whole Wheat,146,RT_016,1.38,146
2025-06-22 19:32:07,STORE_044,Masvingo_Branch,Wholegrain Brown,61,RT_019,1.41,61
2025-05-25 20:20:03,STORE_074,Bulawayo_Branch,Mini Rolls 6-Pack,27,RT_035,1.14,27
2025-01-12 23:13:43,STORE_061,Bindura_Depot,High Energy Brown,260,RT_046,1.25,260
2025-01-08 10:20:06,STORE_139,Masvingo_Branch,High Energy White,179,RT_044,1.23,179
2025-03-31 14:05:59,STORE_037,Marondera_Depot,Whole Wheat,139,RT_033,1.4,139
2025-03-02 23:31:21,STORE_055,Masvingo_Branch,High Energy Brown,98,RT_021,1.29,98
2025-06-20 13:01:00,STORE_028,Bulawayo_Branch,High Energy White,235,RT_005,1.47,235
2025-05-02 12:33:57,STORE_112,Gweru_Branch,Whole Wheat,257,RT_034,1.62,257
2025-03-12 00:00:00,STORE_079,Bulawayo_Branch,Mini Rolls 6-Pack,244,RT_048,1.02,244
2025-01-05 13:13:06,STORE_036,Kwekwe_Depot,Family Loaf,234,RT_027,2.12,234
2025-05-19 21:10:01,STORE_022,Harare_Willowvale,Whole Wheat,55,RT_031,1.39,55
2025-05-22 03:33:46,STORE_078,Bulawayo_Branch,Soft White,99,RT_040,1.13,99
2025-03-07 08:18:36,STORE_138,Harare_Willowvale,Soft White,103,RT_038,1.27,103
2025-01-19 15:48:39,STORE_100,Harare_Willowvale,Wholegrain Brown,207,RT_021,1.46,207
2025-03-11 04:45:28,STORE_027,Bulawayo_Branch,Seed Loaf,293,RT_014,1.51,293
2025-07-18 09:12:12,STORE_054,Harare_Willowvale,Mini Rolls 6-Pack,210,RT_031,1.0,210
2025-05-09 00:53:57,STORE_086,Kwekwe_Depot,Seed Loaf,122,RT_014,1.68,122
2025-05-01 02:37:01,STORE_104,Bindura_Depot,High Energy White,77,RT_037,1.41,77
2025-04-10 01:09:30,STORE_114,Bulawayo_Branch,Whole Wheat,312,RT_031,1.45,312
2025-04-04 21:21:14,STORE_040,Masvingo_Branch,Seed Loaf,57,RT_035,1.65,57
2025-01-12 13:38:49,STORE_133,Kwekwe_Depot,Seed Loaf,267,RT_033,1.56,267
2025-06-26 15:04:33,STORE_127,Gweru_Branch,Soft White,14,RT_031,1.39,14
2025-07-25 02:52:57,STORE_068,Kwekwe_Depot,Soft White,181,RT_043,1.14,181
2025-01-31 13:25:28,STORE_067,Bindura_Depot,HighEnergyWhite,17,RT_024,1.2,17
2025-07-14 08:32:37,STORE_013,Harare_Willowvale,Family Loaf,272,RT_030,2.19,272
2025-02-27 21:25:45,STORE_068,Mutare_Branch,Mini Rolls 6-Pack,276,RT_047,1.05,276
2025-04-06 05:32:33,STORE_075,Kwekwe_Depot,High Energy White,93,RT_015,1.49,93
2025-07-16 06:57:31,STORE_062,Bulawayo_Branch,Mini Rolls 6-Pack,179,RT_036,0.99,179
2025-04-03 07:22:23,STORE_100,Gweru_Branch,Wholegrain Brown,242,RT_047,1.37,242
2025-03-21 04:17:03,STORE_022,Kwekwe_Depot,High Energy White,302,RT_046,1.31,302
2025-03-27 03:12:34,STORE_043,Mutare_Branch,Buns 6-Pack,249,RT_005,1.09,249
2025-07-14 13:18:45,STORE_135,Gweru_Branch,Whole Wheat,177,RT_046,1.55,177
2025-01-10 05:09:44,STORE_076,Masvingo_Branch,High Energy White,43,RT_045,1.3,43
2025-02-08 10:28:58,STORE_044,Kwekwe_Depot,High Energy White,21,RT_049,1.22,21
2025-02-22 03:49:14,STORE_103,Masvingo_Branch,SoapBar,114,RT_005,1.53,114
2025-03-17 15:20:23,STORE_037,Gweru_Branch,Soft White,27,RT_003,1.15,27
2025-03-13 04:13:40,STORE_050,Kwekwe_Depot,High Energy Brown,246,RT_022,1.38,246
2025-04-06 01:48:11,STORE_122,Harare_Willowvale,Seed Loaf,186,RT_001,1.44,186
2025-07-21 17:24:00,STORE_112,Masvingo_Branch,Mini Rolls 6-Pack,200,RT_016,1.12,200
2025-03-17 08:00:50,STORE_080,Bindura_Depot,High Energy Brown,169,RT_008,1.32,169
2025-01-23 15:06:46,STORE_079,Mutare_Branch,Wholegrain Brown,195,RT_037,1.5,195
2025-02-09 16:17:41,STORE_013,Gweru_Branch,Family Loaf,61,RT_022,2.22,61
2025-05-08 18:20:04,STORE_017,Kwekwe_Depot,Soft White,16,RT_020,1.28,16
2025-01-11 10:18:31,STORE_124,Marondera_Depot,Mini Rolls 6-Pack,269,RT_029,1.08,269
2025-03-30 02:17:12,STORE_083,Gweru_Branch,High Energy Brown,252,RT_036,1.24,252
2025-01-27 06:17:50,STORE_088,Harare_Southerton,Wholegrain Brown,161,RT_039,1.33,161
2025-07-02 22:16:53,STORE_120,Masvingo_Branch,Mini Rolls 6-Pack,3,RT_020,1.14,3
2025-04-28 20:10:45,STORE_109,Bulawayo_Branch,Wholegrain Brown,277,RT_028,1.5,277
2025-01-31 09:05:13,STORE_097,Harare_Willowvale,Family Loaf,60,RT_006,2.26,60
2025-07-03 08:27:20,STORE_018,Mutare_Branch,Mini Rolls 6-Pack,8,RT_034,1.01,8
2025-02-03 18:15:33,STORE_137,Masvingo_Branch,Whole Wheat,204,RT_013,1.47,204
2025-01-09 06:41:35,STORE_081,Bulawayo_Branch,Wholegrain Brown,44,RT_044,1.5,44
2025-02-07 15:01:21,STORE_119,Marondera_Depot,Soft White,11,RT_003,1.35,11
2025-06-16 07:40:51,STORE_137,Mutare_Branch,Mini Rolls 6-Pack,103,RT_001,0.99,103
2025-03-10 04:18:01,STORE_092,,Soft White,279,RT_032,1.16,279
2025-02-11 21:17:27,STORE_048,Marondera_Depot,Wholegrain Brown,135,RT_037,1.56,135
2025-03-04 00:44:22,STORE_002,Bulawayo_Branch,Family Loaf,271,RT_013,2.25,271
2025-01-08 16:16:39,STORE_117,Harare_Southerton,High Energy White,284,RT_046,1.44,284
2025-02-03 12:53:16,STORE_087,Harare_Southerton,Buns 6-Pack,269,RT_011,1.21,269
2025-06-28 18:49:11,STORE_039,Chitungwiza_Depot,Whole Wheat,160,RT_043,1.63,160
2025-05-12 17:10:28,STORE_126,Harare_Southerton,High Energy Brown,47,RT_043,1.3,47
2025-05-17 06:12:57,STORE_013,Bindura_Depot,Soft White,311,RT_007,1.33,311
2025-03-02 19:30:30,STORE_033,Bulawayo_Branch,Soft White,209,RT_033,1.35,209
2025-01-12 09:40:57,STORE_055,Masvingo_Branch,Family Loaf,299,RT_020,2.26,299
2025-02-15 08:10:30,STORE_130,Harare_Southerton,Seed Loaf,16,RT_027,1.47,16
2025-05-12 20:04:51,STORE_073,Bindura_Depot,High Energy Brown,105,RT_047,1.35,105
2025-02-05 02:03:22,STORE_099,Gweru_Branch,Whole Wheat,87,RT_037,1.36,87
2025-02-02 05:56:42,STORE_001,Bindura_Depot,Buns 6-Pack,133,RT_024,1.27,133
2025-03-19 11:06:41,STORE_102,Masvingo_Branch,Buns 6-Pack,78,RT_025,1.28,78
2025-07-13 14:23:10,STORE_043,Harare_Willowvale,SeedLoaf,319,RT_006,1.57,319
2025-05-02 11:21:40,STORE_127,Chitungwiza_Depot,Seed Loaf,82,RT_010,1.49,82
2025-04-30 16:29:29,STORE_118,Bulawayo_Branch,High Energy Brown,230,RT_038,1.42,230
2025-01-09 23:07:06,STORE_075,Mutare_Branch,High Energy Brown,254,RT_037,1.4,254
2025-05-07 14:25:06,STORE_013,Harare_Willowvale,Family Loaf,160,RT_006,2.35,160
2025-06-17 04:24:00,STORE_038,Harare_Southerton,Mini Rolls 6-Pack,24,RT_017,1.11,24
2025-04-18 22:37:23,STORE_005,Kwekwe_Depot,Family Loaf,51,RT_035,2.18,51
2025-01-02 08:28:28,STORE_047,Bindura_Depot,Wholegrain Brown,299,RT_016,1.49,299
2025-07-06 06:41:18,STORE_113,Harare_Southerton,Seed Loaf,315,RT_033,1.59,315
2025-06-03 13:28:02,STORE_090,Kwekwe_Depot,High Energy White,280,RT_029,1.35,280
2025-04-28 22:48:00,STORE_037,Marondera_Depot,Family Loaf,281,RT_015,2.21,281
2025-04-21 11:27:06,STORE_131,Chitungwiza_Depot,Whole Wheat,228,RT_022,1.42,228
2025-04-10 21:35:34,STORE_137,Masvingo_Branch,Seed Loaf,151,RT_030,1.55,151
2025-02-26 17:47:24,STORE_115,Kwekwe_Depot,Soft White,186,RT_029,1.15,186
2025-04-24 10:43:37,STORE_038,Chitungwiza_Depot,High Energy Brown,245,RT_001,1.3,245
2025-04-18 14:42:09,STORE_051,Masvingo_Branch,High Energy White,240,RT_027,1.3,240
2025-07-04 15:50:37,STORE_029,Harare_Willowvale,Seed Loaf,23,RT_037,1.59,23
2025-01-26 18:47:46,STORE_025,Harare_Willowvale,Family Loaf,33,RT_043,2.11,33
2025-07-06 17:48:50,STORE_051,Kwekwe_Depot,Family Loaf,140,RT_021,2.15,140
,STORE_073,Mutare_Branch,Whole Wheat,39,RT_023,1.54,39
2025-03-27 02:51:32,STORE_073,Masvingo_Branch,High Energy White,78,RT_034,1.23,78
2025-05-27 22:50:05,STORE_078,Masvingo_Branch,Seed Loaf,170,RT_038,1.65,170
2025-03-03 01:30:20,STORE_109,Harare_Southerton,Wholegrain Brown,167,RT_014,1.41,167
2025-03-17 04:39:36,STORE_124,Masvingo_Branch,High Energy White,88,RT_032,1.21,88
2025-07-28 18:26:42,STORE_030,Chitungwiza_Depot,High Energy Brown,24,RT_034,1.32,24
2025-05-30 08:08:04,STORE_054,Mutare_Branch,Buns 6-Pack,159,RT_027,1.11,159
2025-06-08 06:06:49,STORE_037,Harare_Willowvale,High Energy Brown,32,RT_012,1.3,32
2025-07-27 08:50:07,STORE_051,Bulawayo_Branch,Mini Rolls 6-Pack,97,RT_033,1.02,97
2025-06-01 15:02:41,STORE_005,Masvingo_Branch,Mini Rolls 6-Pack,166,RT_047,1.02,166
2025-05-11 00:03:14,STORE_079,Mutare_Branch,High Energy Brown,143,RT_047,1.31,143
2025-02-03 05:40:56,STORE_110,Bulawayo_Branch,Soft White,167,RT_026,1.15,167
2025-06-13 14:46:45,STORE_073,Kwekwe_Depot,Whole Wheat,187,RT_049,1.62,187
2025-01-31 15:46:06,STORE_124,Marondera_Depot,Mini Rolls 6-Pack,110,RT_022,0.95,110
2025-06-17 10:24:08,STORE_048,Mutare_Branch,Seed Loaf,216,RT_049,1.47,216
2025-05-08 04:08:26,STORE_126,Mutare_Branch,Soft White,143,RT_045,1.16,143
2025-05-19 01:16:47,STORE_121,Harare_Willowvale,Family Loaf,72,RT_022,2.35,72
2025-02-28 15:20:47,STORE_007,Gweru_Branch,Mini Rolls 6-Pack,243,RT_021,0.9,243
2025-03-01 23:53:04,STORE_077,Mutare_Branch,High Energy White,119,RT_013,1.25,119
2025-01-08 05:29:19,STORE_111,Marondera_Depot,Seed Loaf,282,RT_039,1.65,282
2025-04-17 22:27:18,STORE_011,Chitungwiza_Depot,High Energy Brown,273,RT_047,1.48,273
2025-04-05 14:25:42,STORE_055,Chitungwiza_Depot,Whole Wheat,260,RT_009,1.51,260
2025-12-05 00:00:00,STORE_004,Harare_Willowvale,Family Loaf,250,RT_036,2.12,250
2025-02-25 02:51:55,STORE_124,Bindura_Depot,Wholegrain Brown,206,RT_025,1.56,206
2025-07-01 09:26:30,STORE_011,Bindura_Depot,Mini Rolls 6-Pack,153,RT_044,0.95,153
2025-01-10 17:24:28,STORE_087,Harare_Willowvale,Family Loaf,149,RT_043,2.23,149
2025-04-08 15:00:58,STORE_050,Chitungwiza_Depot,Soft White,15,RT_029,1.26,15
2025-04-03 11:03:17,STORE_109,Chitungwiza_Depot,Soft White,53,RT_018,1.32,53
2025-01-08 14:42:19,STORE_133,Marondera_Depot,High Energy Brown,140,RT_039,1.29,140
2025-07-15 18:24:15,STORE_036,Harare_Willowvale,High Energy Brown,251,RT_044,1.26,251
2025-01-25 19:33:42,STORE_104,Harare_Willowvale,Wholegrain Brown,171,RT_043,1.54,171
2025-01-24 11:23:37,STORE_094,Masvingo_Branch,Mini Rolls 6-Pack,191,RT_035,1.15,191
2025-07-23 08:19:47,STORE_088,Mutare_Branch,Wholegrain Brown,154,RT_035,1.47,154
2025-02-11 06:08:27,STORE_013,Bulawayo_Branch,High Energy Brown,208,RT_046,1.46,208
2025-07-03 06:48:52,STORE_112,Gweru_Branch,Buns 6-Pack,57,RT_023,1.14,57
2025-02-13 04:59:09,STORE_023,Gweru_Branch,Whole Wheat,140,RT_044,1.43,140
2025-01-29 03:55:51,STORE_046,Kwekwe_Depot,Whole Wheat,125,RT_035,1.36,125
2025-05-18 03:05:48,STORE_002,Marondera_Depot,High Energy White,211,RT_040,1.22,211
2025-06-06 23:56:04,STORE_001,Harare_Southerton,Soft White,82,RT_017,1.25,82
2025-07-07 00:59:22,STORE_048,Marondera_Depot,Soft White,310,RT_035,1.34,310
2025-07-18 10:48:29,STORE_091,Marondera_Depot,Family Loaf,130,RT_025,2.11,130
2025-03-29 18:29:14,STORE_098,Harare_Southerton,High Energy Brown,259,RT_020,1.29,259
2025-02-24 17:38:44,STORE_077,Bindura_Depot,Family Loaf,235,RT_025,2.12,235
2025-01-22 15:42:08,STORE_064,Harare_Southerton,Seed Loaf,147,RT_031,1.49,147
2025-03-07 13:33:09,STORE_049,Bulawayo_Branch,Whole Wheat,143,RT_023,1.53,143
2025-03-22 05:05:58,STORE_101,Bindura_Depot,Family Loaf,220,RT_026,2.3,220
2025-02-06 19:30:17,STORE_023,Marondera_Depot,Mini Rolls 6-Pack,201,RT_038,0.93,201
2025-06-13 08:30:03,STORE_084,Bulawayo_Branch,Mini Rolls 6-Pack,291,RT_011,1.11,291
2025-02-28 09:20:42,STORE_137,Mutare_Branch,Whole Wheat,19,RT_048,1.5,19
2025-02-24 22:04:19,STORE_013,Mutare_Branch,Seed Loaf,283,RT_012,1.69,283
2025-12-05 00:00:00,STORE_021,Chitungwiza_Depot,Soft White,276,RT_028,1.16,276
2025-07-13 13:28:57,STORE_080,Chitungwiza_Depot,Mini Rolls 6-Pack,244,RT_001,0.92,244
2025-06-03 16:05:11,STORE_025,Gweru_Branch,Wholegrain Brown,230,RT_047,1.49,230
2025-01-27 10:49:22,STORE_076,Kwekwe_Depot,Mini Rolls 6-Pack,98,RT_040,1.03,98
2025-04-13 13:12:49,STORE_107,Bindura_Depot,Whole Wheat,78,RT_038,1.6,78
2025-07-24 02:17:32,STORE_138,Masvingo_Branch,Mini Rolls 6-Pack,306,RT_010,0.91,306
2025-05-02 01:52:39,STORE_131,,Family Loaf,317,RT_004,2.16,317
2025-07-30 06:52:34,STORE_031,Kwekwe_Depot,Family Loaf,84,RT_035,2.31,84
2025-01-27 22:34:14,STORE_060,Chitungwiza_Depot,Wholegrain Brown,100,RT_047,1.32,100
2025-02-27 02:36:50,STORE_009,Marondera_Depot,Seed Loaf,305,RT_021,1.46,305
2025-04-12 05:21:02,STORE_068,Bindura_Depot,Family Loaf,270,RT_018,2.25,270
2025-04-17 11:49:12,STORE_029,Marondera_Depot,Mini Rolls 6-Pack,193,RT_040,1.17,193
2025-03-31 09:48:42,STORE_026,Marondera_Depot,Soft White,145,RT_044,1.24,145
2025-02-27 10:25:17,STORE_124,Chitungwiza_Depot,Family Loaf,108,RT_040,2.15,108
2025-05-31 09:08:27,STORE_137,Masvingo_Branch,Soft White,32,RT_008,1.39,32
2025-03-27 21:19:14,STORE_083,Harare_Southerton,Mini Rolls 6-Pack,18,RT_038,1.09,18
2025-05-28 04:57:45,STORE_132,Masvingo_Branch,Soft White,257,RT_017,1.12,257
2025-01-15 02:02:33,STORE_004,Marondera_Depot,Soft White,38,RT_027,1.17,38
2025-04-04 00:43:41,STORE_032,Kwekwe_Depot,Buns 6-Pack,70,RT_004,1.07,70
2025-03-11 13:10:39,STORE_001,Mutare_Branch,Whole Wheat,116,RT_028,1.54,116
2025-03-20 09:24:20,STORE_037,Harare_Southerton,High Energy Brown,39,RT_035,1.39,39
2025-01-27 10:03:03,STORE_089,Gweru_Branch,Buns 6-Pack,101,RT_017,1.17,101
2025-01-01 19:37:20,STORE_053,Bulawayo_Branch,Buns 6-Pack,122,RT_007,,122
2025-04-29 13:14:28,STORE_081,Masvingo_Branch,Family Loaf,272,RT_025,2.38,272
2025-05-02 04:18:08,STORE_018,Harare_Southerton,Soft White,247,RT_007,1.31,247
2025-07-05 04:58:20,STORE_051,Chitungwiza_Depot,Family Loaf,65,RT_038,2.39,65
2025-06-20 08:18:44,STORE_035,Bulawayo_Branch,Whole Wheat,258,RT_048,1.55,258
2025-04-09 09:30:24,STORE_031,Bindura_Depot,High Energy White,13,RT_033,1.35,13
2025-06-21 00:15:21,STORE_077,Gweru_Branch,Mini Rolls 6-Pack,271,RT_029,0.9,271
2025-07-04 23:53:17,STORE_036,Gweru_Branch,High Energy Brown,278,RT_016,1.38,278
2025-06-27 17:09:57,STORE_099,Bindura_Depot,Family Loaf,8,RT_006,2.26,8
2025-06-09 04:16:37,STORE_032,Marondera_Depot,Whole Wheat,230,RT_028,1.4,230
2025-06-15 16:33:14,STORE_060,Kwekwe_Depot,Whole Wheat,104,RT_004,1.54,104
2025-01-19 08:08:12,STORE_075,Kwekwe_Depot,Wholegrain Brown,220,RT_025,1.56,220
2025-02-03 10:33:10,STORE_076,Gweru_Branch,High Energy Brown,127,RT_006,1.3,127
2025-04-01 05:38:44,STORE_030,Harare_Willowvale,High Energy White,282,RT_024,1.32,282
2025-01-01 19:18:38,STORE_088,Mutare_Branch,Whole Wheat,225,RT_023,1.37,225
2025-04-17 19:27:00,STORE_007,Masvingo_Branch,Seed Loaf,86,RT_041,1.61,86
2025-04-04 06:05:35,STORE_112,Bindura_Depot,Buns 6-Pack,261,RT_034,1.15,261
2025-02-26 00:14:02,STORE_123,Bindura_Depot,Whole Wheat,216,RT_009,1.62,216
2025-06-28 14:23:47,STORE_135,Harare_Southerton,High Energy Brown,164,RT_022,1.37,164
2025-04-20 00:27:37,STORE_121,Masvingo_Branch,Family Loaf,130,RT_018,2.32,130
2025-01-31 12:30:23,STORE_112,Masvingo_Branch,High Energy White,273,RT_040,1.23,273
2025-05-09 11:38:38,STORE_111,Chitungwiza_Depot,Seed Loaf,267,RT_023,1.42,267
2025-04-14 01:51:05,STORE_046,Harare_Southerton,Buns 6-Pack,202,RT_049,1.19,202
2025-06-02 14:11:40,STORE_128,Bindura_Depot,High Energy White,53,RT_041,1.31,53
2025-01-13 17:41:40,STORE_084,Gweru_Branch,Mini Rolls 6-Pack,27,RT_017,1.05,27
2025-02-23 04:43:38,STORE_017,Gweru_Branch,Wholegrain Brown,58,RT_012,1.59,58
2025-02-14 00:46:19,STORE_035,Kwekwe_Depot,Family Loaf,143,RT_037,2.38,143
2025-01-20 15:22:21,STORE_067,Harare_Southerton,Family Loaf,99,RT_045,2.39,99
2025-02-06 23:52:20,STORE_066,Masvingo_Branch,High Energy White,248,RT_001,1.25,248
2025-05-17 04:16:28,STORE_104,Harare_Willowvale,Wholegrain Brown,173,RT_026,1.56,173
2025-01-31 16:10:35,STORE_131,Masvingo_Branch,Family Loaf,200,RT_046,2.26,200
2025-06-08 21:12:12,STORE_032,Harare_Southerton,High Energy White,93,RT_001,1.2,93
2025-05-05 00:22:04,STORE_007,Harare_Southerton,Whole Wheat,5,RT_048,1.59,5
2025-05-29 06:57:43,STORE_113,Marondera_Depot,Family Loaf,189,RT_031,2.15,189
2025-04-21 11:25:51,STORE_096,Gweru_Branch,High Energy Brown,132,RT_002,1.21,132
2025-02-14 11:29:56,STORE_011,Mutare_Branch,Whole Wheat,30,RT_025,1.51,30
2025-05-28 04:16:00,STORE_023,Bindura_Depot,Whole Wheat,266,RT_009,1.58,266
2025-07-07 14:57:15,STORE_131,Bindura_Depot,Wholegrain Brown,165,RT_034,1.53,165
2025-04-06 20:15:34,STORE_124,Gweru_Branch,High Energy White,157,RT_024,1.35,157
2025-06-03 12:24:07,STORE_084,Marondera_Depot,High Energy Brown,184,RT_038,1.48,184
2025-03-19 09:47:44,STORE_059,Mutare_Branch,Mini Rolls 6-Pack,126,RT_017,1.18,126
2025-02-13 04:33:42,STORE_139,Chitungwiza_Depot,Wholegrain Brown,103,RT_030,1.51,103
2025-06-02 09:29:59,STORE_094,Masvingo_Branch,Buns 6-Pack,60,RT_032,1.25,60
2025-07-17 09:40:45,STORE_039,Chitungwiza_Depot,Soft White,250,RT_003,1.1,250
2025-03-12 17:54:05,STORE_137,Harare_Willowvale,Family Loaf,186,RT_001,2.16,186
2025-03-07 23:37:28,STORE_090,Kwekwe_Depot,Whole Wheat,16,RT_041,1.62,16
2025-05-07 05:50:08,STORE_037,Mutare_Branch,Wholegrain Brown,194,RT_028,1.58,194
2025-05-19 02:14:03,STORE_072,Harare_Southerton,HighEnergyWhite,313,RT_015,1.4,313
2025-05-02 09:13:12,STORE_118,Gweru_Branch,Buns 6-Pack,156,RT_040,1.12,156
2025-01-27 22:47:56,STORE_131,Harare_Willowvale,Seed Loaf,141,RT_014,1.69,141
2025-01-23 22:31:48,STORE_039,Gweru_Branch,Buns 6-Pack,264,RT_035,1.28,264
2025-06-08 04:59:12,STORE_069,Kwekwe_Depot,Whole Wheat,300,RT_047,1.55,300
2025-04-16 03:36:06,STORE_007,Masvingo_Branch,High Energy White,175,RT_033,1.33,175
2025-01-09 13:36:14,STORE_078,Chitungwiza_Depot,Wholegrain Brown,111,RT_008,1.45,111
2025-05-17 14:16:22,STORE_038,Masvingo_Branch,Family Loaf,8,RT_015,2.25,8
2025-01-22 04:01:04,STORE_065,Gweru_Branch,Seed Loaf,204,RT_034,1.53,204
2025-07-09 11:29:06,STORE_128,Harare_Willowvale,Mini Rolls 6-Pack,203,RT_006,1.14,203
2025-03-20 21:56:57,STORE_056,Kwekwe_Depot,Milk1L,125,RT_019,2.19,125
2025-06-02 14:33:20,STORE_139,Masvingo_Branch,Seed Loaf,224,RT_017,1.62,224
2025-03-17 03:59:34,STORE_020,Marondera_Depot,Soft White,12,RT_049,1.31,12
2025-07-07 18:47:04,STORE_108,Marondera_Depot,Whole Wheat,42,RT_044,1.57,42
2025-04-03 00:30:30,STORE_094,Harare_Willowvale,Whole grain Brown,95,RT_022,1.52,95
2025-05-15 20:41:05,STORE_139,Masvingo_Branch,High Energy White,159,RT_017,1.48,159
2025-07-10 18:27:10,STORE_102,Marondera_Depot,Soft White,28,RT_013,1.14,28
2025-01-23 07:39:16,STORE_096,Marondera_Depot,Mini Rolls 6-Pack,281,RT_032,1.17,281
2025-03-13 01:33:16,STORE_050,Harare_Willowvale,Wholegrain Brown,60,RT_011,1.48,60
2025-05-21 03:34:25,STORE_108,Gweru_Branch,Soft White,70,RT_018,1.25,70
2025-06-29 10:32:57,STORE_048,Gweru_Branch,Family Loaf,159,RT_032,2.12,159
2025-02-24 22:32:51,STORE_066,Bulawayo_Branch,Soft White,269,RT_045,1.37,269
2025-07-13 21:08:49,STORE_099,Harare_Southerton,Family Loaf,89,RT_048,2.14,89
2025-02-20 06:54:59,STORE_127,Bulawayo_Branch,High Energy Brown,282,RT_046,1.29,282
2025-02-27 03:18:30,STORE_041,Marondera_Depot,High Energy Brown,277,RT_024,1.33,277
2025-04-16 19:43:08,STORE_139,Bulawayo_Branch,Family Loaf,314,RT_026,2.39,314
2025-01-14 22:10:49,STORE_048,Kwekwe_Depot,High Energy White,75,RT_003,1.46,75
2025-04-08 20:26:04,STORE_106,Harare_Southerton,Seed Loaf,257,RT_013,1.41,257
2025-04-18 19:27:03,STORE_093,Mutare_Branch,Mini Rolls 6-Pack,58,RT_031,1.17,58
2025-07-30 09:09:45,STORE_005,Kwekwe_Depot,High Energy White,65,RT_037,1.44,65
2025-06-29 20:50:27,STORE_021,Chitungwiza_Depot,High Energy Brown,266,RT_045,1.49,266
2025-04-11 17:05:24,STORE_062,Kwekwe_Depot,Mini Rolls 6-Pack,313,RT_015,1.01,313
2025-03-04 22:08:46,STORE_020,Bindura_Depot,Family Loaf,199,RT_001,2.38,199
2025-02-28 04:02:44,STORE_082,Chitungwiza_Depot,Whole Wheat,157,RT_034,1.41,157
2025-04-18 16:53:20,STORE_025,Kwekwe_Depot,Mini Rolls 6-Pack,241,RT_009,1.04,241
2025-03-24 18:17:49,STORE_089,Kwekwe_Depot,Mini Rolls 6-Pack,239,RT_009,1.14,239
2025-03-06 12:19:05,STORE_119,Kwekwe_Depot,Seed Loaf,65,RT_032,1.41,65
2025-01-16 20:21:17,STORE_113,Marondera_Depot,High Energy White,134,RT_031,1.37,134
2025-04-21 22:07:43,STORE_126,Masvingo_Branch,High Energy White,165,RT_001,1.27,165
2025-03-18 10:45:29,STORE_033,Mutare_Branch,High Energy White,14,RT_039,1.39,14
2025-03-16 16:30:01,STORE_015,Masvingo_Branch,Family Loaf,97,RT_010,2.12,97
2025-03-07 12:48:30,STORE_113,Bindura_Depot,Buns 6-Pack,13,RT_001,1.11,13
2025-03-28 21:02:41,STORE_071,Kwekwe_Depot,Seed Loaf,155,RT_038,1.66,155
2025-04-21 08:27:53,STORE_043,Marondera_Depot,Soft White,37,RT_044,1.18,37
2025-06-18 17:24:05,STORE_125,Bindura_Depot,High Energy White,159,RT_033,1.38,159
2025-05-30 06:21:11,STORE_021,Chitungwiza_Depot,Seed Loaf,218,RT_031,1.41,218
2025-04-17 07:25:59,STORE_032,Bindura_Depot,Seed Loaf,64,RT_041,1.68,64
2025-03-29 02:02:12,STORE_089,Marondera_Depot,Whole Wheat,72,RT_033,1.61,72
2025-05-21 17:30:41,STORE_038,Gweru_Branch,Seed Loaf,241,RT_048,1.6,241
2025-02-14 08:42:58,STORE_133,Harare_Southerton,Family Loaf,71,RT_019,2.25,71
2025-06-25 10:47:10,STORE_102,Kwekwe_Depot,Wholegrain Brown,300,RT_023,1.31,300
2025-03-30 05:42:40,STORE_035,Harare_Southerton,Wholegrain Brown,97,RT_002,1.48,97
2025-07-18 04:14:42,STORE_102,Gweru_Branch,Mini Rolls 6-Pack,139,RT_032,1.13,139
2025-07-10 14:36:25,STORE_005,Harare_Willowvale,Mini Rolls 6-Pack,292,RT_046,,292
2025-06-10 21:20:45,STORE_120,Mutare_Branch,Soft White,145,RT_049,1.32,145
2025-05-03 02:13:59,STORE_065,Chitungwiza_Depot,Mini Rolls 6-Pack,25,RT_002,0.95,25
2025-06-08 16:18:30,STORE_026,Bindura_Depot,Wholegrain Brown,3,RT_008,1.48,3
2025-07-13 12:45:15,STORE_082,Bulawayo_Branch,High Energy White,168,RT_048,1.23,168
2025-07-03 18:39:48,STORE_013,Harare_Willowvale,Mini Rolls 6-Pack,156,RT_019,0.97,156
2025-06-01 08:25:26,STORE_030,Harare_Southerton,High Energy Brown,114,RT_001,1.31,114
2025-02-21 01:31:27,STORE_099,Chitungwiza_Depot,Mini Rolls 6-Pack,21,RT_032,0.98,21
2025-02-24 03:43:40,STORE_100,Kwekwe_Depot,Soft White,380,RT_015,1.23,380
2025-07-13 04:54:49,STORE_060,Mutare_Branch,Whole Wheat,56,RT_017,1.56,56
2025-07-12 22:01:36,STORE_137,Chitungwiza_Depot,Mini Rolls 6-Pack,202,RT_030,1.15,202
2025-01-03 04:51:25,STORE_073,Marondera_Depot,Wholegrain Brown,53,RT_019,1.35,53
2025-01-21 00:34:45,STORE_134,Chitungwiza_Depot,SeedLoaf,318,RT_046,1.49,318
2025-05-24 06:23:46,STORE_088,Bindura_Depot,Mini Rolls 6-Pack,246,RT_016,0.96,246
2025-01-16 06:09:15,STORE_103,Mutare_Branch,Wholegrain Brown,316,RT_033,1.45,316
2025-07-23 17:10:53,STORE_043,Harare_Willowvale,Seed Loaf,106,RT_002,1.55,106
2025-07-28 09:04:18,STORE_014,Mutare_Branch,Soft White,32,RT_017,1.19,32
2025-01-21 17:17:08,STORE_035,Mutare_Branch,Whole Wheat,14,RT_019,1.59,14
2025-06-14 06:02:31,STORE_053,Kwekwe_Depot,Seed Loaf,28,RT_014,1.48,28
2025-01-20 18:10:17,STORE_013,Harare_Willowvale,Wholegrain Brown,198,RT_010,1.35,198
2025-07-11 15:27:34,STORE_119,Mutare_Branch,Soft White,248,RT_044,1.11,248
2025-02-13 05:14:09,STORE_054,Chitungwiza_Depot,Whole Wheat,245,RT_015,1.6,245
2025-02-27 23:31:26,STORE_025,Bindura_Depot,Whole Wheat,99,RT_011,1.41,99
2025-07-03 20:27:42,STORE_089,Bindura_Depot,Mini Rolls 6-Pack,306,RT_042,1.05,306
2025-05-14 08:18:42,STORE_094,Bindura_Depot,High Energy Brown,90,RT_010,1.41,90
2025-05-10 23:29:22,STORE_010,Marondera_Depot,Buns 6-Pack,126,RT_044,1.09,126
2025-05-08 03:17:04,STORE_035,Bindura_Depot,High Energy White,165,RT_035,1.27,165
2025-05-11 17:51:06,STORE_053,Bulawayo_Branch,High Energy White,105,RT_023,1.42,105
2025-06-21 19:27:48,STORE_027,Harare_Southerton,Family Loaf,118,RT_016,2.14,118
2025-03-22 19:40:05,STORE_103,Masvingo_Branch,Buns 6-Pack,314,RT_048,1.17,314
2025-06-16 00:08:21,STORE_102,Bulawayo_Branch,Mini Rolls 6-Pack,289,RT_030,1.06,289
2025-01-11 18:10:41,STORE_108,Gweru_Branch,Seed Loaf,250,RT_039,1.49,250
2025-05-08 17:23:13,STORE_125,Marondera_Depot,High Energy Brown,169,RT_006,1.21,169
2025-06-02 17:05:50,STORE_023,Marondera_Depot,Sugar2kg,17,RT_003,1.57,17
2025-03-31 06:07:14,STORE_124,Bulawayo_Branch,Mini Rolls 6-Pack,200,RT_020,1.2,200
2025-01-09 02:27:13,STORE_042,Bindura_Depot,Mini Rolls 6-Pack,99,RT_016,1.12,99
2025-06-15 15:33:54,STORE_094,Bulawayo_Branch,Mini Rolls 6-Pack,218,RT_045,1.08,218
2025-07-01 20:54:02,STORE_043,Bulawayo_Branch,Family Loaf,147,RT_005,2.2,147
2025-01-23 03:16:24,STORE_095,Bulawayo_Branch,High Energy White,294,RT_006,1.46,294
2025-07-21 10:44:14,STORE_099,Harare_Willowvale,Whole Wheat,71,RT_010,1.62,71
2025-02-08 06:15:42,STORE_036,Marondera_Depot,High Energy Brown,230,RT_025,1.2,230
2025-01-30 13:19:49,STORE_085,Mutare_Branch,Buns 6-Pack,175,RT_022,1.12,175
2025-01-25 17:50:10,STORE_097,Bindura_Depot,High Energy White,31,RT_025,1.44,31
2025-04-19 14:47:31,STORE_004,Chitungwiza_Depot,High Energy Brown,68,RT_031,1.38,68
2025-02-01 13:13:36,STORE_114,Harare_Southerton,Whole Wheat,62,RT_001,1.63,62
2025-05-02 20:42:02,STORE_071,Kwekwe_Depot,Mini Rolls 6-Pack,116,RT_035,1.11,116
2025-06-08 01:36:45,STORE_081,Masvingo_Branch,Whole Wheat,308,RT_017,1.52,308
2025-04-17 12:35:39,STORE_046,Mutare_Branch,High Energy White,265,RT_030,1.44,265
2025-01-02 13:20:45,STORE_046,Bulawayo_Branch,Buns 6-Pack,30,RT_025,1.09,30
2025-01-14 11:17:22,STORE_096,Gweru_Branch,Whole Wheat,250,RT_006,1.6,250
2025-01-15 15:08:43,STORE_108,Mutare_Branch,Buns 6-Pack,119,RT_035,1.28,119
2025-01-12 04:15:30,STORE_113,Chitungwiza_Depot,Whole Wheat,4,RT_007,1.46,4
2025-07-17 08:04:43,STORE_118,Marondera_Depot,Seed Loaf,246,RT_005,1.44,246
2025-05-22 01:08:48,STORE_058,Harare_Southerton,SeedLoaf,17,RT_041,1.69,17
2025-06-15 07:55:03,STORE_042,Mutare_Branch,Soft White,21,RT_041,1.23,21
2025-06-16 04:51:36,STORE_100,Kwekwe_Depot,Sugar2kg,78,RT_019,1.65,78
2025-02-24 20:42:28,STORE_099,Kwekwe_Depot,Soft White,292,RT_032,1.23,292
2025-02-10 01:41:27,STORE_077,Chitungwiza_Depot,High Energy Brown,155,RT_033,1.33,155
2025-02-03 09:26:41,STORE_137,Bindura_Depot,Whole Wheat,78,RT_026,1.46,78
2025-07-16 20:21:43,STORE_064,Marondera_Depot,Whole Wheat,268,RT_030,1.51,268
2025-04-09 04:10:16,STORE_082,Kwekwe_Depot,Wholegrain Brown,285,RT_040,1.37,285
2025-02-23 20:53:39,STORE_047,Marondera_Depot,Buns 6-Pack,104,RT_009,1.27,104
2025-07-09 22:43:33,STORE_107,Harare_Southerton,Whole Wheat,25,RT_032,1.43,25
2025-03-12 16:01:01,STORE_063,Marondera_Depot,High Energy Brown,309,RT_012,1.46,309
2025-06-20 07:55:32,STORE_096,Masvingo_Branch,Seed Loaf,103,RT_009,1.54,103
2025-05-07 19:43:33,STORE_118,Marondera_Depot,Buns 6-Pack,129,RT_030,1.16,129
2025-05-08 06:37:14,STORE_125,Mutare_Branch,Family Loaf,203,RT_028,2.39,203
2025-05-12 02:35:27,STORE_122,Bulawayo_Branch,High Energy White,222,RT_022,1.42,222
2025-05-31 08:44:12,STORE_052,Mutare_Branch,High Energy Brown,306,RT_011,1.35,306
2025-05-23 16:40:51,STORE_034,Harare_Willowvale,Family Loaf,5,RT_012,2.25,5
2025-04-19 12:03:07,STORE_097,Chitungwiza_Depot,Family Loaf,107,RT_013,2.26,107
2025-05-04 08:02:12,STORE_068,Bulawayo_Branch,High Energy White,297,RT_036,1.28,297
2025-05-18 23:34:31,STORE_109,Marondera_Depot,Wholegrain Brown,47,RT_019,1.49,47
2025-02-09 22:16:48,STORE_030,Kwekwe_Depot,High Energy Brown,307,RT_015,1.36,307
2025-04-17 12:08:54,STORE_040,Harare_Southerton,Whole Wheat,177,RT_033,1.56,177
2025-03-15 19:37:24,STORE_133,Chitungwiza_Depot,Soft White,160,RT_038,1.31,160
2025-02-13 06:44:29,STORE_066,Kwekwe_Depot,Family Loaf,222,RT_012,2.25,222
2025-04-05 07:04:07,STORE_064,Harare_Willowvale,Wholegrain Brown,129,RT_046,1.48,129
2025-06-01 01:34:06,STORE_126,Harare_Southerton,High Energy White,262,RT_015,1.21,262
2025-07-08 04:01:50,STORE_054,Bindura_Depot,Seed Loaf,283,RT_029,1.45,283
2025-03-09 19:18:58,STORE_108,Kwekwe_Depot,Seed Loaf,315,RT_033,1.49,315
2025-02-20 14:19:12,STORE_026,Marondera_Depot,Family Loaf,4,RT_040,2.24,4
2025-06-08 13:17:28,STORE_048,Kwekwe_Depot,Whole Wheat,62,RT_035,1.54,62
2025-03-23 06:38:56,STORE_062,Gweru_Branch,Whole Wheat,28,RT_040,1.64,28
2025-05-03 00:26:14,STORE_116,Bindura_Depot,Wholegrain Brown,140,RT_014,1.59,140
2025-04-15 08:16:02,STORE_109,Marondera_Depot,High Energy Brown,283,RT_007,1.38,283
2025-02-14 17:20:44,STORE_114,Harare_Southerton,Wholegrain Brown,177,RT_002,1.55,177
2025-07-20 06:42:21,STORE_082,Masvingo_Branch,Soft White,14,RT_006,1.28,14
2025-05-25 11:06:14,STORE_093,Bindura_Depot,Family Loaf,40,RT_029,2.34,40
2025-02-16 15:31:12,STORE_128,Harare_Southerton,SoftWhite,180,RT_025,1.34,180
2025-06-17 03:37:40,STORE_116,Harare_Southerton,Buns 6-Pack,122,RT_037,1.18,122
2025-07-19 16:19:23,STORE_125,Bulawayo_Branch,Whole Wheat,288,RT_040,1.56,288
2025-02-02 11:59:39,STORE_009,Gweru_Branch,High Energy Brown,319,RT_009,1.41,319
2025-02-28 09:48:48,STORE_132,Gweru_Branch,Whole Wheat,302,RT_008,1.38,302
2025-04-11 05:03:22,STORE_094,Marondera_Depot,High Energy White,304,RT_043,1.44,304
2025-01-05 14:17:26,STORE_129,Kwekwe_Depot,Seed Loaf,168,RT_005,1.59,168
2025-03-05 01:12:45,STORE_090,Mutare_Branch,Seed Loaf,80,RT_028,1.47,80
2025-04-15 13:59:09,STORE_135,Masvingo_Branch,Family Loaf,302,RT_020,2.24,302
2025-07-04 11:00:14,STORE_026,Harare_Southerton,High Energy White,308,RT_032,1.31,308
2025-01-10 16:46:43,STORE_084,Harare_Willowvale,Mini Rolls 6-Pack,185,RT_039,1.13,185
2025-04-20 02:33:27,STORE_115,Gweru_Branch,Wholegrain Brown,90,RT_011,1.32,90
2025-06-23 21:17:54,STORE_033,Marondera_Depot,High Energy Brown,63,RT_022,1.43,63
2025-06-06 03:07:31,STORE_115,Kwekwe_Depot,Whole Wheat,250,RT_042,1.4,250
2025-04-16 06:06:04,STORE_087,Mutare_Branch,High Energy Brown,94,RT_047,1.34,94
2025-07-27 11:58:11,STORE_038,Chitungwiza_Depot,Mini Rolls 6-Pack,181,RT_013,0.96,181
2025-06-22 04:50:51,STORE_027,Chitungwiza_Depot,Whole Wheat,20,RT_026,1.41,20
2025-04-16 00:11:24,STORE_047,Gweru_Branch,Soft White,58,RT_036,1.18,58
2025-05-18 02:28:28,STORE_083,Harare_Willowvale,High Energy White,135,RT_019,1.21,135
2025-02-14 13:13:02,STORE_117,Harare_Southerton,Mini Rolls 6-Pack,263,RT_046,1.14,263
2025-06-21 16:31:41,STORE_096,Harare_Willowvale,Wholegrain Brown,85,RT_018,1.48,85
2025-03-22 00:42:30,STORE_031,Kwekwe_Depot,High Energy White,169,RT_014,1.5,169
2025-01-06 16:05:22,STORE_002,Gweru_Branch,Family Loaf,267,RT_022,2.33,267
2025-04-15 12:42:50,STORE_126,Bindura_Depot,Seed Loaf,98,RT_032,1.48,98
2025-02-26 17:09:24,STORE_013,Harare_Willowvale,Family Loaf,256,RT_031,2.15,256
2025-03-27 02:15:32,STORE_057,Bulawayo_Branch,Family Loaf,104,RT_017,2.36,104
2025-04-27 18:44:11,STORE_101,Harare_Willowvale,High Energy Brown,230,RT_018,1.5,230
2025-06-20 14:24:45,STORE_012,Mutare_Branch,Whole Wheat,202,RT_021,1.56,202
2025-01-04 11:52:31,STORE_064,Masvingo_Branch,Whole Wheat,251,RT_047,1.53,251
2025-04-25 00:24:04,STORE_124,Gweru_Branch,High Energy White,61,RT_008,1.47,61
2025-03-19 13:37:08,STORE_020,Chitungwiza_Depot,Whole Wheat,313,RT_038,1.5,313
2025-07-16 20:15:15,STORE_043,Marondera_Depot,Soft White,82,RT_049,1.16,82
2025-04-08 05:32:08,STORE_090,Bulawayo_Branch,Seed Loaf,201,RT_042,1.42,201
2025-06-18 12:37:35,STORE_012,Bindura_Depot,Buns 6-Pack,49,RT_015,1.17,49
2025-04-27 21:47:26,STORE_067,Harare_Willowvale,Buns 6-Pack,271,RT_047,1.18,271
2025-03-13 16:37:04,STORE_016,Marondera_Depot,Mini Rolls 6-Pack,247,RT_002,1.11,247
2025-01-07 10:55:15,STORE_011,Kwekwe_Depot,Mini Rolls 6-Pack,263,RT_035,0.98,263
2025-05-30 10:49:10,STORE_109,Kwekwe_Depot,Wholegrain Brown,23,RT_003,1.44,23
2025-07-09 23:49:36,STORE_041,Harare_Southerton,Whole Wheat,200,RT_005,1.52,200
2025-03-31 12:08:28,STORE_075,Mutare_Branch,Buns 6-Pack,72,RT_020,1.22,72
2025-05-21 02:11:36,STORE_040,Kwekwe_Depot,Family Loaf,145,RT_049,2.18,145
2025-07-27 12:40:40,STORE_062,Gweru_Branch,Whole Wheat,163,RT_027,1.61,163
2025-01-17 18:46:31,STORE_025,Bindura_Depot,Mini Rolls 6-Pack,319,RT_048,1.05,319
2025-07-08 13:05:09,STORE_038,Harare_Willowvale,Family Loaf,152,RT_045,2.22,152
2025-07-06 02:06:25,STORE_073,Bindura_Depot,High Energy Brown,247,RT_005,1.39,247
2025-07-14 15:34:25,STORE_014,Gweru_Branch,Buns 6-Pack,263,RT_042,1.17,263
2025-04-21 07:25:50,STORE_006,Chitungwiza_Depot,Family Loaf,199,RT_020,2.38,199
2025-04-25 21:34:36,STORE_012,Harare_Southerton,High Energy White,129,RT_036,1.34,129
2025-04-23 04:20:01,STORE_127,Kwekwe_Depot,Mini Rolls 6-Pack,106,RT_002,1.04,106
2025-04-20 05:02:34,STORE_088,Mutare_Branch,Soft White,228,RT_042,1.3,228
2025-02-15 10:40:27,STORE_020,Bulawayo_Branch,Mini Rolls 6-Pack,313,RT_034,0.94,313
2025-06-10 07:55:23,STORE_057,Masvingo_Branch,Soft White,295,RT_048,1.21,295
2025-07-19 03:01:00,STORE_112,Bulawayo_Branch,Whole Wheat,262,RT_024,1.36,262
2025-06-09 17:23:12,STORE_017,Chitungwiza_Depot,Family Loaf,179,RT_025,2.28,179
2025-01-30 04:00:22,STORE_133,Mutare_Branch,Wholegrain Brown,99,RT_038,1.47,99
2025-07-27 21:32:07,STORE_071,Chitungwiza_Depot,Buns 6-Pack,289,RT_027,1.04,289
2025-05-04 19:55:25,STORE_118,Harare_Willowvale,Whole Wheat,47,RT_024,1.51,47
2025-02-08 23:40:10,STORE_023,Mutare_Branch,Buns 6-Pack,26,RT_012,1.19,26
2025-01-07 20:54:55,STORE_054,Marondera_Depot,Mini Rolls 6-Pack,172,RT_017,0.93,172
2025-07-15 00:52:12,STORE_015,Kwekwe_Depot,Seed Loaf,91,RT_024,1.67,91
2025-04-13 06:43:30,STORE_032,Chitungwiza_Depot,Buns 6-Pack,72,RT_048,1.25,72
2025-02-20 13:15:57,STORE_023,Bulawayo_Branch,Family Loaf,72,RT_045,2.27,72
2025-07-04 03:53:57,STORE_013,Bulawayo_Branch,Family Loaf,229,RT_010,2.25,229
2025-03-08 13:06:33,STORE_075,Bulawayo_Branch,Soft White,158,RT_024,1.24,158
2025-06-27 15:27:16,STORE_009,Masvingo_Branch,High Energy White,157,RT_011,1.39,157
2025-02-28 13:27:47,STORE_086,Masvingo_Branch,High Energy White,238,RT_029,1.42,238
2025-06-04 15:58:28,STORE_037,Harare_Willowvale,Buns 6-Pack,189,RT_019,1.25,189
2025-01-16 12:57:23,STORE_027,Kwekwe_Depot,High Energy Brown,150,RT_025,1.29,150
2025-04-20 18:30:30,STORE_053,Kwekwe_Depot,High Energy Brown,179,RT_001,1.36,179
2025-07-23 11:40:11,STORE_040,Harare_Southerton,High Energy Brown,10,RT_037,1.48,10
2025-04-08 12:21:28,STORE_006,Chitungwiza_Depot,Buns 6-Pack,209,RT_031,1.05,209
2025-04-14 08:44:25,STORE_006,Harare_Willowvale,Seed Loaf,93,RT_043,1.52,93
2025-02-18 09:11:43,STORE_133,Gweru_Branch,Buns 6-Pack,77,RT_011,1.03,77
2025-07-23 21:13:30,STORE_076,Harare_Willowvale,Buns 6-Pack,121,RT_020,1.06,121
2025-05-03 23:19:17,STORE_078,Bulawayo_Branch,Soft White,289,RT_017,1.28,289
2025-02-05 23:47:48,STORE_012,Kwekwe_Depot,Seed Loaf,242,RT_022,1.43,242
2025-07-19 18:28:06,STORE_087,Masvingo_Branch,Family Loaf,143,RT_047,2.3,143
2025-03-27 12:37:14,STORE_025,Bindura_Depot,Mini Rolls 6-Pack,233,RT_028,1.03,233
2025-06-09 22:31:41,STORE_003,Kwekwe_Depot,High Energy Brown,108,RT_040,1.27,108
2025-01-30 18:58:57,STORE_115,Chitungwiza_Depot,High Energy White,26,RT_005,1.4,26
2025-01-17 04:31:45,STORE_109,Bulawayo_Branch,Buns 6-Pack,218,RT_046,1.29,218
2025-05-26 01:15:12,STORE_136,Chitungwiza_Depot,Family Loaf,257,RT_047,2.4,257
2025-01-31 01:31:20,STORE_098,Kwekwe_Depot,High Energy White,290,RT_025,1.21,290
2025-06-28 09:54:06,STORE_073,Marondera_Depot,Whole Wheat,303,RT_001,1.35,303
2025-03-17 19:08:52,STORE_133,Marondera_Depot,Buns 6-Pack,288,RT_045,1.06,288
2025-06-14 09:00:47,STORE_121,Masvingo_Branch,Seed Loaf,66,RT_042,1.61,66
2025-02-07 01:23:44,STORE_044,Masvingo_Branch,Milk1L,18,RT_030,1.09,18
2025-01-21 06:36:37,STORE_112,Kwekwe_Depot,Seed Loaf,235,RT_022,1.47,235
2025-07-12 06:12:07,STORE_087,Marondera_Depot,High Energy White,143,RT_043,1.28,143
2025-03-07 12:07:39,STORE_123,Marondera_Depot,High Energy White,319,RT_049,1.41,319
2025-01-08 20:11:50,STORE_085,Marondera_Depot,Mini Rolls 6-Pack,201,RT_034,0.91,201
2025-06-07 11:34:57,STORE_112,Marondera_Depot,Seed Loaf,278,RT_044,1.5,278
2025-02-06 09:25:11,STORE_125,Bulawayo_Branch,Seed Loaf,3,RT_030,1.48,3
2025-04-20 22:51:32,STORE_094,Harare_Southerton,Soft White,239,RT_040,1.3,239
2025-06-12 01:12:19,STORE_075,Harare_Willowvale,Wholegrain Brown,139,RT_041,1.41,139
2025-06-03 20:50:35,STORE_104,Harare_Willowvale,Seed Loaf,290,RT_033,1.44,290
2025-03-27 00:43:05,STORE_139,Kwekwe_Depot,Family Loaf,30,RT_021,2.23,30
2025-01-12 14:20:21,STORE_031,Harare_Southerton,SoapBar,255,RT_042,1.44,255
2025-02-23 18:01:21,STORE_093,Marondera_Depot,Seed Loaf,43,RT_004,1.6,43
2025-02-28 06:36:11,STORE_026,Kwekwe_Depot,Wholegrain Brown,97,RT_017,1.53,97
2025-06-10 12:38:46,STORE_124,Masvingo_Branch,Whole Wheat,51,RT_005,1.58,51
2025-02-17 18:07:10,STORE_087,Harare_Willowvale,Mini Rolls 6-Pack,49,RT_020,1.2,49
2025-05-19 07:40:31,STORE_075,Masvingo_Branch,Mini Rolls 6-Pack,50,RT_015,1.05,50
2025-03-23 22:39:41,STORE_112,Chitungwiza_Depot,Wholegrain Brown,240,RT_008,1.51,240
2025-07-14 01:53:44,STORE_007,Chitungwiza_Depot,Whole Wheat,70,RT_043,1.62,70
2025-05-15 05:43:23,STORE_005,Kwekwe_Depot,Soft White,55,RT_027,1.28,55
2025-02-08 05:36:29,STORE_139,Harare_Willowvale,Wholegrain Brown,282,RT_024,1.57,282
2025-01-03 06:26:01,STORE_077,Bulawayo_Branch,Buns 6-Pack,179,RT_038,1.17,179
2025-07-01 22:54:25,STORE_056,Kwekwe_Depot,Mini Rolls 6-Pack,131,RT_044,1.03,131
2025-03-25 01:23:05,STORE_009,Masvingo_Branch,Buns 6-Pack,316,RT_012,1.14,316
2025-06-21 23:01:58,STORE_077,Harare_Willowvale,Whole Wheat,122,RT_002,1.6,122
2025-01-05 15:24:32,STORE_109,Marondera_Depot,Seed Loaf,199,RT_042,1.44,199
2025-06-10 10:58:49,STORE_019,Gweru_Branch,High Energy White,61,RT_006,1.48,61
2025-01-04 11:32:47,STORE_019,Harare_Willowvale,Family Loaf,69,RT_030,2.23,69
2025-04-06 14:14:42,STORE_028,Masvingo_Branch,High Energy White,82,RT_007,1.42,82
2025-07-03 12:35:13,STORE_080,Bindura_Depot,Wholegrain Brown,194,RT_042,1.6,194
2025-03-01 23:29:50,STORE_014,Bulawayo_Branch,Soft White,138,RT_033,1.28,138
2025-04-27 13:04:39,STORE_018,Bulawayo_Branch,Seed Loaf,310,RT_035,1.69,310
2025-06-04 22:20:12,STORE_012,Bulawayo_Branch,Mini Rolls 6-Pack,284,RT_011,0.96,284
2025-02-23 23:10:08,STORE_116,Chitungwiza_Depot,High Energy White,233,RT_030,1.3,233
2025-06-27 15:28:49,STORE_092,Mutare_Branch,Whole Wheat,301,RT_039,1.35,301
2025-03-14 18:54:53,STORE_065,Marondera_Depot,Soft White,263,RT_043,1.27,263
2025-02-24 03:38:34,STORE_121,Masvingo_Branch,Mini Rolls 6-Pack,60,RT_023,1.03,60
2025-02-26 05:18:51,STORE_105,Bindura_Depot,Whole Wheat,59,RT_006,1.4,59
2025-02-25 02:38:35,STORE_087,Kwekwe_Depot,High Energy Brown,168,RT_011,1.29,168
2025-06-27 00:57:54,STORE_032,Marondera_Depot,High Energy White,310,RT_023,1.37,310
2025-05-31 23:48:17,STORE_048,Mutare_Branch,Family Loaf,159,RT_009,2.32,159
2025-01-01 08:01:25,STORE_125,Mutare_Branch,Soft White,295,RT_036,1.39,295
2025-01-17 14:54:12,STORE_079,Bindura_Depot,High Energy Brown,96,RT_037,1.33,96
2025-05-15 12:57:46,STORE_038,Gweru_Branch,Family Loaf,48,RT_038,2.12,48
2025-04-24 00:15:28,STORE_022,Harare_Southerton,Buns 6-Pack,132,RT_036,1.21,132
2025-02-21 07:31:34,STORE_072,Chitungwiza_Depot,Family Loaf,144,RT_005,2.25,144
2025-04-05 16:38:14,STORE_108,Harare_Southerton,High Energy Brown,37,RT_003,1.24,37
2025-04-02 17:34:20,STORE_079,Marondera_Depot,Buns 6-Pack,141,RT_026,1.25,141
2025-02-16 19:02:22,STORE_130,Masvingo_Branch,High Energy Brown,228,RT_038,1.41,228
2025-04-13 04:18:45,STORE_017,Chitungwiza_Depot,High Energy White,67,RT_048,1.45,67
2025-01-24 09:54:22,STORE_093,Marondera_Depot,Family Loaf,126,RT_036,2.12,126
2025-03-06 08:09:16,STORE_072,Masvingo_Branch,Mini Rolls 6-Pack,217,RT_003,0.9,217
2025-03-17 03:23:17,STORE_024,Bulawayo_Branch,Seed Loaf,274,RT_012,1.45,274
2025-03-05 08:17:04,STORE_040,Bulawayo_Branch,Mini Rolls 6-Pack,205,RT_038,1.06,205
2025-07-02 20:43:59,STORE_044,Marondera_Depot,Whole Wheat,171,RT_010,1.52,171
2025-02-02 07:05:58,STORE_134,Bindura_Depot,Buns 6-Pack,258,RT_046,1.21,258
2025-02-01 22:50:20,STORE_110,Marondera_Depot,Family Loaf,82,RT_047,2.38,82
2025-05-29 19:10:18,STORE_036,Mutare_Branch,Soft White,168,RT_029,1.24,168
2025-05-29 18:03:15,STORE_112,Harare_Willowvale,Seed Loaf,309,RT_037,1.64,309
2025-02-26 06:49:04,STORE_085,Kwekwe_Depot,High Energy Brown,60,RT_016,1.36,60
2025-02-28 09:11:56,STORE_007,Harare_Southerton,High Energy Brown,74,RT_035,1.32,74
2025-02-11 00:14:04,STORE_059,Marondera_Depot,Buns 6-Pack,21,RT_011,1.06,21
2025-02-03 18:09:21,STORE_055,Kwekwe_Depot,High Energy White,295,RT_037,1.42,295
2025-07-06 18:01:17,STORE_138,Bindura_Depot,Buns 6-Pack,53,RT_014,1.24,53
2025-05-06 02:15:01,STORE_067,Harare_Willowvale,Family Loaf,276,RT_006,2.26,276
2025-02-13 13:21:42,STORE_007,Marondera_Depot,Soft White,119,RT_045,1.3,119
2025-07-15 21:29:54,STORE_116,Masvingo_Branch,High Energy White,28,RT_010,1.44,28
2025-04-29 14:33:52,STORE_024,Bindura_Depot,High Energy White,88,RT_010,1.32,88
2025-05-15 06:33:52,STORE_131,Masvingo_Branch,High Energy Brown,160,RT_017,1.4,160
2025-03-06 16:00:39,STORE_111,Kwekwe_Depot,Soft White,186,RT_037,1.14,186
2025-06-25 06:52:18,STORE_058,Bindura_Depot,Soft White,98,RT_005,1.15,98
2025-05-05 12:58:21,STORE_009,Bulawayo_Branch,Wholegrain Brown,198,RT_001,1.32,198
2025-04-17 00:00:30,STORE_126,Mutare_Branch,HighEnergyBrown,168,RT_015,1.38,168
2025-04-24 15:29:28,STORE_111,Bulawayo_Branch,Soft Whtie,262,RT_005,1.28,262
2025-02-25 15:36:03,STORE_072,Chitungwiza_Depot,Family Loaf,206,RT_035,2.12,206
2025-05-09 13:09:24,STORE_109,Mutare_Branch,Soft White,180,RT_017,1.13,180
2025-04-07 05:14:24,STORE_129,Harare_Southerton,High Energy White,171,RT_020,1.22,171
2025-06-17 00:23:37,STORE_058,Bindura_Depot,High Energy Brown,251,RT_037,1.31,251
2025-02-23 11:33:12,STORE_077,Mutare_Branch,Seed Loaf,232,RT_049,1.55,232
2025-04-16 23:28:04,STORE_106,Gweru_Branch,High Energy White,107,RT_032,1.38,107
2025-03-02 03:54:14,STORE_006,Harare_Willowvale,High Energy White,247,RT_044,1.32,247
2025-06-29 12:27:15,STORE_075,Bulawayo_Branch,High Energy White,300,RT_046,1.39,300
2025-01-14 10:12:15,STORE_058,Bindura_Depot,Family Loaf,7,RT_042,2.25,7
2025-06-17 13:39:38,STORE_102,Harare_Southerton,High Energy White,236,RT_010,1.4,236
2025-05-23 12:46:24,STORE_127,Kwekwe_Depot,Family Loaf,123,RT_005,2.11,123
2025-05-18 02:19:05,STORE_081,Chitungwiza_Depot,High Energy Brown,155,RT_031,1.28,155
2025-02-20 01:17:40,STORE_109,Kwekwe_Depot,Soft White,211,RT_049,1.16,211
2025-05-03 16:50:17,STORE_003,Harare_Willowvale,High Energy White,290,RT_006,1.46,290
2025-07-24 05:09:40,STORE_120,Harare_Southerton,Buns 6-Pack,262,RT_038,1.23,262
2025-02-22 12:20:29,STORE_083,Bulawayo_Branch,Seed Loaf,188,RT_044,1.69,188
2025-07-02 15:34:43,STORE_134,Mutare_Branch,High Energy Brown,299,RT_024,1.26,299
2025-05-24 10:14:52,STORE_065,Kwekwe_Depot,Mini Rolls 6-Pack,235,RT_025,0.92,235
2025-03-25 18:49:47,STORE_033,Masvingo_Branch,Wholegrain Brown,88,RT_028,1.59,88
2025-05-25 00:17:54,STORE_016,Mutare_Branch,Family Loaf,203,RT_005,2.2,203
2025-02-01 06:07:43,STORE_119,Harare_Southerton,Sugar2kg,273,RT_014,1.01,273
2025-01-04 07:21:51,STORE_139,Kwekwe_Depot,Mini Rolls 6-Pack,85,RT_022,1.15,85
2025-01-03 11:05:36,STORE_026,Harare_Willowvale,Seed Loaf,145,RT_036,1.49,145
2025-07-05 17:23:13,STORE_139,Bulawayo_Branch,Mini Rolls 6-Pack,183,RT_023,1.04,183
2025-05-05 23:20:29,STORE_057,Chitungwiza_Depot,Whole Wheat,239,RT_001,1.64,239
2025-06-18 14:58:37,STORE_018,Chitungwiza_Depot,Seed Loaf,281,RT_008,1.56,281
2025-05-24 15:22:14,STORE_070,Bindura_Depot,Buns 6-Pack,254,RT_040,1.17,254
2025-07-17 06:48:52,STORE_050,Marondera_Depot,Family Loaf,98,RT_014,2.14,98
2025-01-23 08:45:03,STORE_039,Kwekwe_Depot,Wholegrain Brown,91,RT_017,1.41,91
2025-03-11 20:22:23,STORE_077,Bindura_Depot,Seed Loaf,186,RT_007,1.43,186
2025-05-19 18:37:15,STORE_079,Marondera_Depot,High Energy White,25,RT_042,1.23,25
2025-07-30 09:22:03,STORE_112,Bulawayo_Branch,High Energy White,93,RT_021,1.32,93
2025-04-16 18:14:42,STORE_047,Bindura_Depot,Wholegrain Brown,193,RT_049,1.49,193
2025-07-17 11:48:38,STORE_046,Gweru_Branch,High Energy Brown,243,RT_038,,243
2025-01-07 04:30:33,STORE_019,Chitungwiza_Depot,Buns 6-Pack,136,RT_004,1.14,136
2025-01-22 09:14:29,STORE_054,Masvingo_Branch,Mini Rolls 6-Pack,127,RT_008,0.94,127
2025-07-24 10:27:36,STORE_026,Mutare_Branch,Soft White,298,RT_031,1.13,298
2025-07-15 14:26:28,STORE_002,Bindura_Depot,Wholegrain Brown,183,RT_041,1.47,183
2025-02-11 20:20:52,STORE_112,Chitungwiza_Depot,Mini Rolls 6-Pack,97,RT_049,1.1,97
2025-01-13 18:26:23,STORE_113,Kwekwe_Depot,High Energy White,268,RT_040,1.34,268
2025-04-19 11:45:51,STORE_113,Masvingo_Branch,Mini Rolls 6-Pack,50,RT_006,1.12,50
2025-06-10 22:27:31,STORE_014,Bulawayo_Branch,Buns 6-Pack,256,RT_035,1.09,256
2025-07-02 23:24:28,STORE_017,Marondera_Depot,High Energy Brown,82,RT_003,1.41,82
,STORE_085,Kwekwe_Depot,Mini Rolls 6-Pack,210,RT_010,1.01,210
2025-03-18 17:29:43,STORE_080,Masvingo_Branch,High Energy White,260,RT_002,1.22,260
2025-03-12 00:00:00,STORE_138,Harare_Southerton,High Energy Brown,102,RT_039,1.37,102
2025-06-28 18:17:37,STORE_078,Mutare_Branch,Family Loaf,147,RT_033,2.27,147
2025-01-12 01:08:00,STORE_088,Mutare_Branch,Whole Wheat,142,RT_028,1.62,142
2025-05-16 00:05:16,STORE_124,Chitungwiza_Depot,Whole Wheat,145,RT_031,1.64,145
2025-01-08 06:17:55,STORE_130,Bulawayo_Branch,Wholegrain Brown,216,RT_037,1.45,216
2025-07-01 18:35:28,STORE_071,Bulawayo_Branch,Whole Wheat,231,RT_044,1.51,231
2025-05-01 17:13:09,STORE_003,Marondera_Depot,Buns 6-Pack,289,RT_044,1.21,289
2025-06-07 15:11:32,STORE_041,Mutare_Branch,Soft White,200,RT_026,1.2,200
2025-02-01 12:23:44,STORE_102,Bindura_Depot,Soft White,288,RT_048,,288
2025-07-28 21:35:57,STORE_139,Marondera_Depot,Soft White,192,RT_015,1.16,192
2025-04-12 23:19:41,STORE_057,Chitungwiza_Depot,Whole Wheat,67,RT_044,1.63,67
2025-07-14 10:14:29,STORE_058,Bulawayo_Branch,High Energy White,122,RT_045,1.44,122
2025-06-09 02:59:42,STORE_082,Harare_Southerton,Soft White,33,RT_039,1.27,33
2025-05-03 23:51:31,STORE_101,Harare_Southerton,High Energy White,38,RT_023,1.42,38
2025-02-22 21:12:26,STORE_110,Kwekwe_Depot,High Energy Brown,239,RT_048,1.44,239
2025-04-15 05:17:24,STORE_083,Mutare_Branch,Buns 6-Pack,111,RT_046,1.07,111
2025-04-12 23:45:40,STORE_054,Kwekwe_Depot,Whole Wheat,254,RT_042,1.54,254
2025-06-23 17:58:52,STORE_111,Bindura_Depot,High Energy White,48,RT_013,1.22,48
2025-03-18 16:19:29,STORE_131,Harare_Willowvale,Soft White,216,RT_005,1.23,216
2025-01-20 21:04:39,STORE_063,Bulawayo_Branch,Soft White,108,RT_033,1.1,108
2025-01-22 12:33:02,STORE_124,Marondera_Depot,High Energy White,167,RT_010,1.46,167
2025-03-19 09:41:06,STORE_045,Harare_Southerton,Soft White,232,RT_020,1.3,232
2025-05-19 18:03:41,STORE_128,Masvingo_Branch,High Energy White,27,RT_034,1.29,27
2025-02-20 04:09:25,STORE_042,Gweru_Branch,High Energy White,82,RT_036,1.44,82
2025-06-01 00:01:08,STORE_087,Kwekwe_Depot,Wholegrain Brown,299,RT_024,1.55,299
2025-07-07 08:21:02,STORE_096,Harare_Willowvale,Whole Wheat,90,RT_005,1.53,90
2025-07-04 23:47:19,STORE_088,Kwekwe_Depot,Seed Loaf,224,RT_021,1.62,224
2025-02-23 14:57:58,STORE_100,Chitungwiza_Depot,Whole Wheat,86,RT_018,1.45,86
2025-04-11 20:25:42,STORE_061,Harare_Southerton,Family Loaf,35,RT_009,2.3,35
2025-04-14 02:33:05,STORE_080,Bindura_Depot,Mini Rolls 6-Pack,68,RT_045,0.93,68
2025-06-02 07:52:48,STORE_126,Harare_Southerton,Seed Loaf,258,RT_001,1.69,258
2025-06-03 01:29:01,STORE_049,Chitungwiza_Depot,High Energy Brown,210,RT_001,1.35,210
2025-05-16 10:33:00,STORE_005,Harare_Willowvale,Mini Rolls 6-Pack,129,RT_002,1.19,129
2025-01-05 08:39:54,STORE_114,Harare_Willowvale,Wholegrain Brown,4,RT_040,1.33,4
2025-07-28 13:58:25,STORE_079,Harare_Willowvale,High Energy Brown,224,RT_033,1.42,224
2025-01-26 11:51:01,STORE_083,Mutare_Branch,Soft White,126,RT_031,1.33,126
2025-06-30 03:29:31,STORE_137,Marondera_Depot,Buns 6-Pack,133,RT_026,1.11,133
2025-02-09 07:04:09,STORE_064,Marondera_Depot,Soft White,316,RT_047,1.12,316
2025-05-30 01:27:12,STORE_018,Kwekwe_Depot,Family Loaf,168,RT_042,2.34,168
2025-03-03 17:19:22,STORE_138,Chitungwiza_Depot,Buns 6-Pack,196,RT_045,1.08,196
2025-02-08 01:42:43,STORE_129,Harare_Willowvale,High Energy Brown,64,RT_024,1.24,64
2025-04-14 04:02:22,STORE_060,Masvingo_Branch,High Energy Brown,76,RT_022,1.48,76
2025-01-18 09:25:18,STORE_037,Harare_Southerton,Wholegrain Brown,52,RT_001,1.52,52
2025-02-10 13:22:59,STORE_076,Harare_Willowvale,High Energy White,251,RT_003,1.49,251
2025-02-17 19:34:39,STORE_058,Harare_Willowvale,Soft White,129,RT_029,1.32,129
2025-01-19 00:30:09,STORE_042,Bindura_Depot,Family Loaf,164,RT_031,2.28,164
2025-04-04 19:55:54,STORE_066,Chitungwiza_Depot,Family Loaf,19,RT_049,2.13,19
2025-04-03 12:06:28,STORE_055,Mutare_Branch,High Energy Brown,293,RT_011,1.35,293
2025-03-18 11:31:52,STORE_041,Mutare_Branch,Buns 6-Pack,131,RT_034,1.29,131
2025-06-24 10:16:07,STORE_050,Bulawayo_Branch,Whole Wheat,92,RT_029,1.59,92
2025-04-15 00:25:14,STORE_123,Chitungwiza_Depot,Buns 6-Pack,125,RT_004,1.06,125
2025-02-15 00:33:46,STORE_115,Bindura_Depot,Whole Wheat,21,RT_025,1.59,21
2025-04-22 20:26:41,STORE_130,Gweru_Branch,Soft White,86,RT_030,1.15,86
2025-05-03 19:46:06,STORE_041,Bulawayo_Branch,High Energy Brown,98,RT_028,1.38,98
2025-05-04 04:37:56,STORE_077,Mutare_Branch,High Energy Brown,272,RT_004,1.47,272
2025-07-22 12:58:36,STORE_131,Gweru_Branch,Whole Wheat,185,RT_033,1.53,185
2025-04-10 03:31:44,STORE_127,Masvingo_Branch,Wholegrain Brown,224,RT_044,1.49,224
2025-04-11 10:55:22,STORE_115,Marondera_Depot,High Energy White,213,RT_003,1.41,213
2025-05-04 19:10:08,STORE_121,Harare_Southerton,Soft White,191,RT_001,1.33,191
2025-03-07 09:59:04,STORE_130,Harare_Southerton,Whole Wheat,96,RT_025,1.62,96
2025-01-17 14:04:03,STORE_045,Bindura_Depot,Soft White,310,RT_040,1.4,310
2025-04-27 04:30:45,STORE_072,Chitungwiza_Depot,Whole Wheat,233,RT_038,1.54,233
2025-05-27 11:29:00,STORE_137,Chitungwiza_Depot,High Energy Brown,207,RT_036,1.42,207
2025-07-03 14:31:49,STORE_081,Kwekwe_Depot,Mini Rolls 6-Pack,552,RT_012,1.17,552
2025-07-15 14:14:02,STORE_132,Chitungwiza_Depot,High Energy Brown,96,RT_045,1.44,96
2025-01-23 04:55:17,STORE_031,Bulawayo_Branch,Wholegrain Brown,45,RT_008,1.51,45
2025-03-04 16:31:40,STORE_008,Kwekwe_Depot,Family Loaf,180,RT_041,2.14,180
2025-04-30 18:19:38,STORE_111,Kwekwe_Depot,Buns 6-Pack,67,RT_006,1.02,67
2025-02-21 04:13:10,STORE_136,Masvingo_Branch,Buns 6-Pack,221,RT_004,1.11,221
2025-01-17 17:01:57,STORE_069,Mutare_Branch,High Energy Brown,11,RT_009,1.39,11
2025-07-19 22:33:55,STORE_069,Chitungwiza_Depot,Whole Wheat,63,RT_039,1.62,63
2025-07-24 13:52:28,STORE_014,Bindura_Depot,Family Loaf,183,RT_010,2.17,183
2025-05-17 04:56:43,STORE_071,Gweru_Branch,Seed Loaf,108,RT_044,1.42,108
2025-04-16 06:36:09,STORE_138,Gweru_Branch,Buns 6-Pack,71,RT_035,1.12,71
2025-04-25 22:11:04,STORE_096,Gweru_Branch,Soft White,59,RT_044,1.17,59
2025-07-05 19:01:33,STORE_090,Harare_Willowvale,Wholegrain Brown,259,RT_044,1.39,259
2025-07-23 02:34:55,STORE_081,Harare_Southerton,Buns 6-Pack,164,RT_047,1.01,164
2025-03-28 09:38:26,STORE_013,Marondera_Depot,Mini Rolls 6-Pack,16,RT_032,1.15,16
2025-07-05 08:10:46,STORE_104,Harare_Willowvale,Buns 6-Pack,287,RT_018,1.17,287
2025-01-23 23:34:41,STORE_104,Marondera_Depot,Seed Loaf,73,RT_002,1.58,73
2025-07-05 17:51:29,STORE_023,Harare_Southerton,Buns 6-Pack,88,RT_029,1.15,88
2025-05-07 19:21:36,STORE_045,Masvingo_Branch,Whole Wheat,115,RT_043,1.44,115
2025-01-21 08:55:43,STORE_138,Marondera_Depot,Coke500ml,134,RT_049,1.37,134
2025-02-24 15:01:44,STORE_054,Harare_Southerton,High Energy White,201,RT_044,1.47,201
2025-05-10 22:01:45,STORE_058,Mutare_Branch,Soft White,112,RT_029,1.18,112
2025-04-25 18:57:57,STORE_079,Mutare_Branch,Mini Rolls 6-Pack,91,RT_035,0.92,91
2025-05-27 12:30:09,STORE_073,Chitungwiza_Depot,Whole Wheat,149,RT_034,1.38,149
2025-06-21 15:17:25,STORE_048,Chitungwiza_Depot,Seed Loaf,17,RT_017,1.53,17
2025-05-26 01:18:29,STORE_126,Marondera_Depot,Mini Rolls 6-Pack,289,RT_030,1.14,289
2025-04-09 13:11:56,STORE_029,Mutare_Branch,Buns 6-Pack,314,RT_004,1.14,314
2025-04-26 05:27:41,STORE_132,Harare_Willowvale,Mini Rolls 6-Pack,198,RT_011,0.95,198
2025-01-24 09:58:26,STORE_065,Harare_Southerton,Mini Rolls 6-Pack,221,RT_013,,221
2025-07-30 16:09:21,STORE_111,Bindura_Depot,High Energy White,118,RT_037,1.31,118
2025-07-01 08:38:54,STORE_101,Bulawayo_Branch,Whole Wheat,280,RT_044,1.49,280
2025-06-04 22:31:19,STORE_097,Kwekwe_Depot,Buns 6-Pack,121,RT_048,1.01,121
2025-05-25 02:06:04,STORE_099,Kwekwe_Depot,Whole Wheat,234,RT_042,1.57,234
2025-03-25 03:51:55,STORE_085,Bindura_Depot,Seed Loaf,188,RT_032,1.49,188
2025-02-04 06:24:29,STORE_006,Bulawayo_Branch,Buns 6-Pack,157,RT_037,1.18,157
2025-02-15 02:56:46,STORE_037,Mutare_Branch,Wholegrain Brown,272,RT_021,1.56,272
2025-07-27 17:04:46,STORE_121,Marondera_Depot,Family Loaf,152,RT_027,2.18,152
2025-02-03 21:49:55,STORE_037,Harare_Willowvale,Buns 6-Pack,162,RT_006,1.26,162
2025-01-27 13:04:34,STORE_029,Chitungwiza_Depot,Wholegrain Brown,224,RT_008,1.56,224
2025-03-05 12:46:29,STORE_036,Bulawayo_Branch,Soft White,279,RT_038,1.22,279
2025-03-09 10:41:56,STORE_087,Marondera_Depot,Mini Rolls 6-Pack,164,RT_026,1.19,164
2025-05-25 12:13:01,STORE_020,Chitungwiza_Depot,Buns 6-Pack,153,RT_021,1.1,153
2025-02-09 21:27:19,STORE_050,Mutare_Branch,Family Loaf,207,RT_002,2.25,207
2025-01-22 10:37:55,STORE_035,Harare_Willowvale,High Energy Brown,255,RT_015,1.21,255
2025-03-03 07:06:26,STORE_096,Harare_Southerton,High Energy White,26,RT_031,1.48,26
2025-04-25 13:17:22,STORE_057,Harare_Willowvale,Mini Rolls 6-Pack,97,RT_046,1.17,97
2025-06-03 06:44:03,STORE_069,Bindura_Depot,High Energy White,27,RT_010,1.37,27
2025-03-21 19:24:41,STORE_005,Kwekwe_Depot,Buns 6-Pack,22,RT_020,1.29,22
2025-06-05 02:35:15,STORE_077,Kwekwe_Depot,Mini Rolls 6-Pack,247,RT_022,0.94,247
2025-03-30 14:48:15,STORE_062,Bulawayo_Branch,Buns 6-Pack,40,RT_044,1.14,40
2025-02-12 22:39:48,STORE_031,Bindura_Depot,Family Loaf,194,RT_030,2.22,194
2025-07-25 21:44:47,STORE_124,Marondera_Depot,Family Loaf,240,RT_037,2.31,240
2025-06-07 14:59:37,STORE_079,Bulawayo_Branch,Wholegrain Brown,295,RT_022,1.33,295
2025-04-12 16:09:59,STORE_097,Harare_Southerton,High Energy Brown,97,RT_043,1.29,97
2025-02-02 15:05:27,STORE_119,Marondera_Depot,Whole Wheat,188,RT_003,1.41,188
2025-06-14 20:53:40,STORE_067,Chitungwiza_Depot,Family Loaf,167,RT_032,2.12,167
2025-04-11 21:06:18,STORE_099,Gweru_Branch,Mini Rolls 6-Pack,20,RT_043,1.05,20
2025-03-02 03:57:25,STORE_078,Bindura_Depot,Whole Wheat,231,RT_046,1.45,231
2025-06-09 20:25:02,STORE_105,Chitungwiza_Depot,Soft White,81,RT_016,1.1,81
2025-01-16 02:31:08,STORE_120,Chitungwiza_Depot,Soft White,152,RT_049,1.27,152
2025-05-01 12:43:44,STORE_036,Masvingo_Branch,Buns 6-Pack,245,RT_017,1.06,245
2025-05-24 20:23:41,STORE_069,Harare_Willowvale,Seed Loaf,243,RT_013,1.57,243
2025-01-01 06:30:39,STORE_040,Masvingo_Branch,Family Loaf,205,RT_041,2.34,205
2025-01-29 02:45:51,STORE_023,Bindura_Depot,Whole Wheat,211,RT_045,1.55,211
2025-04-27 02:04:00,STORE_048,Marondera_Depot,High Energy White,270,RT_048,1.3,270
2025-05-04 19:38:33,STORE_094,Harare_Willowvale,High Energy Brown,46,RT_018,1.36,46
2025-02-16 21:42:59,STORE_083,Marondera_Depot,Whole Wheat,80,RT_004,1.55,80
2025-04-12 23:06:49,STORE_118,Gweru_Branch,Seed Loaf,295,RT_014,1.53,295
2025-03-04 14:25:53,STORE_023,Gweru_Branch,Soft White,117,RT_022,1.11,117
2025-05-07 16:34:57,STORE_100,Harare_Willowvale,Whole Wheat,95,RT_007,1.42,95
2025-03-17 05:07:30,STORE_007,Bindura_Depot,High Energy White,139,RT_022,1.28,139
2025-06-06 03:18:57,STORE_007,Masvingo_Branch,Whole Wheat,125,RT_038,1.39,125
2025-05-01 01:37:31,STORE_049,Bindura_Depot,High Energy White,77,RT_011,1.44,77
2025-04-01 17:48:50,STORE_139,Mutare_Branch,Wholegrain Brown,268,RT_035,1.58,268
2025-07-01 17:54:12,STORE_123,Mutare_Branch,Wholegrain Brown,6,RT_004,1.35,6
2025-04-14 02:38:40,STORE_055,Masvingo_Branch,Whole Wheat,137,RT_035,1.58,137
2025-05-24 00:05:22,STORE_118,Harare_Willowvale,High Energy White,146,RT_035,1.23,146
2025-05-12 02:52:22,STORE_043,Marondera_Depot,Wholegrain Brown,31,RT_004,1.38,31
2025-07-23 02:21:04,STORE_089,Bindura_Depot,Family Loaf,31,RT_029,2.1,31
2025-06-02 00:51:11,STORE_045,Marondera_Depot,Whole Wheat,262,RT_015,1.48,262
2025-06-06 14:25:48,STORE_072,Chitungwiza_Depot,WholeWheat,234,RT_034,1.36,234
2025-04-01 10:25:16,STORE_111,Kwekwe_Depot,Seed Loaf,63,RT_035,1.68,63
2025-02-18 14:02:19,STORE_092,Mutare_Branch,Mini Rolls 6-Pack,58,RT_022,1.04,58
2025-01-17 09:54:20,STORE_011,Masvingo_Branch,Family Loaf,150,RT_029,2.12,150
2025-01-15 12:05:59,STORE_042,Harare_Southerton,High Energy White,224,RT_014,1.21,224
,STORE_011,Harare_Southerton,Mini Rolls 6-Pack,247,RT_034,0.94,247
2025-02-19 23:43:40,STORE_001,Mutare_Branch,SeedLoaf,13,RT_029,1.51,13
2025-02-02 05:19:53,STORE_098,Harare_Southerton,Buns 6-Pack,58,RT_039,1.15,58
2025-07-11 18:46:25,STORE_067,Masvingo_Branch,Wholegrain Brown,118,RT_029,1.46,118
2025-04-28 03:21:14,STORE_069,Kwekwe_Depot,Whole Wheat,50,RT_027,1.41,50
2025-05-22 05:24:01,STORE_018,Mutare_Branch,High Energy White,218,RT_020,1.24,218
2025-06-20 12:20:08,STORE_115,Harare_Willowvale,Whole Wheat,47,RT_036,1.4,47
2025-06-16 07:55:31,STORE_128,Bulawayo_Branch,Soft White,149,RT_018,1.33,149
2025-05-18 20:18:30,STORE_117,Bindura_Depot,Mini Rolls 6-Pack,12,RT_034,1.16,12
2025-03-12 11:51:53,STORE_066,Harare_Willowvale,Whole Wheat,138,RT_038,1.61,138
2025-01-06 12:24:17,STORE_044,Marondera_Depot,Whole Wheat,246,RT_042,1.46,246
2025-06-01 01:51:44,STORE_067,Harare_Southerton,Whole Wheat,220,RT_024,1.65,220
2025-06-09 02:46:02,STORE_036,Marondera_Depot,Family Loaf,285,RT_046,2.27,285
2025-01-13 21:44:19,STORE_137,Masvingo_Branch,Buns 6-Pack,268,RT_020,1.14,268
2025-03-07 21:51:36,STORE_056,Marondera_Depot,Buns 6-Pack,264,RT_037,1.27,264
2025-04-01 19:33:51,STORE_016,Kwekwe_Depot,Family Loaf,129,RT_042,2.11,129
2025-06-25 00:54:56,STORE_115,Masvingo_Branch,Whole Wheat,45,RT_020,1.36,45
2025-01-31 00:42:25,STORE_049,Gweru_Branch,Seed Loaf,43,RT_044,1.59,43
2025-06-27 18:21:47,STORE_066,Harare_Southerton,Mini Rolls 6-Pack,79,RT_001,1.09,79
2025-02-15 06:55:42,STORE_105,Harare_Southerton,High Energy Brown,310,RT_023,1.36,310
2025-03-14 08:32:45,STORE_067,Chitungwiza_Depot,Soft Whtie,217,RT_032,1.25,217
2025-02-14 21:45:28,STORE_057,Masvingo_Branch,Buns 6-Pack,201,RT_021,1.03,201
2025-04-29 02:30:07,STORE_036,Mutare_Branch,Family Loaf,219,RT_007,2.35,219
2025-04-24 13:06:44,STORE_105,Mutare_Branch,Soft White,70,RT_016,1.25,70
2025-05-05 07:28:23,STORE_012,Gweru_Branch,Mini Rolls 6-Pack,148,RT_031,1.07,148
2025-03-23 08:37:26,STORE_109,Masvingo_Branch,Seed Loaf,23,RT_028,1.62,23
2025-05-19 13:38:47,STORE_023,Kwekwe_Depot,High Energy Brown,6,RT_046,1.31,6
2025-02-02 21:47:16,STORE_083,Marondera_Depot,Wholegrain Brown,86,RT_030,1.47,86
2025-01-14 12:55:15,STORE_116,Marondera_Depot,Whole Wheat,257,RT_016,1.57,257
2025-07-11 05:03:35,STORE_023,Harare_Southerton,Family Loaf,216,RT_035,2.33,216
2025-02-09 22:54:57,STORE_027,Mutare_Branch,High Energy White,291,RT_009,1.36,291
2025-03-11 03:31:40,STORE_049,Harare_Southerton,High Energy White,65,RT_009,1.43,65
2025-05-15 11:23:47,STORE_039,Bindura_Depot,Buns 6-Pack,192,RT_044,1.08,192
2025-07-27 19:34:25,STORE_108,Marondera_Depot,High Energy Brown,57,RT_032,1.49,57
2025-05-12 22:36:12,STORE_017,Bindura_Depot,Mini Rolls 6-Pack,579,RT_022,0.95,579
2025-01-07 10:23:59,STORE_109,Mutare_Branch,Mini Rolls 6-Pack,6,RT_048,1.06,6
2025-05-29 21:09:38,STORE_016,Bindura_Depot,Wholegrain Brown,302,RT_049,1.34,302
2025-07-08 04:13:47,STORE_027,Bindura_Depot,Buns 6-Pack,174,RT_005,1.22,174
2025-07-08 07:42:27,STORE_135,Masvingo_Branch,Buns 6-Pack,220,RT_020,1.2,220
2025-07-24 03:01:55,STORE_109,Bindura_Depot,Soft White,12,RT_010,1.31,12
2025-04-06 18:38:24,STORE_109,Bulawayo_Branch,Whole Wheat,6,RT_001,1.59,6
2025-06-17 01:19:14,STORE_043,Gweru_Branch,Family Loaf,249,RT_035,2.17,249
2025-01-13 23:03:36,STORE_117,Chitungwiza_Depot,High Energy White,124,RT_004,1.26,124
2025-02-19 18:55:54,STORE_028,Gweru_Branch,High Energy Brown,20,RT_018,1.39,20
2025-06-30 23:46:12,STORE_103,Mutare_Branch,Whole Wheat,319,RT_049,1.56,319
2025-01-17 10:37:34,STORE_077,Harare_Willowvale,Wholegrain Brown,162,RT_035,1.48,162
2025-04-17 10:37:50,STORE_035,Harare_Willowvale,Seed Loaf,232,RT_021,1.55,232
2025-05-20 06:37:31,STORE_105,Kwekwe_Depot,Wholegrain Brown,240,RT_010,1.46,240
2025-03-17 19:49:41,STORE_105,Kwekwe_Depot,Wholegrain Brown,121,RT_030,1.34,121
2025-01-31 16:36:28,STORE_085,Gweru_Branch,Soft White,280,RT_010,1.14,280
2025-05-14 03:56:58,STORE_010,Kwekwe_Depot,Wholegrain Brown,172,RT_021,1.53,172
2025-06-23 15:48:44,STORE_087,Mutare_Branch,High Energy White,199,RT_033,1.45,199
2025-04-19 03:43:38,STORE_023,Harare_Southerton,Whole Wheat,155,RT_027,1.4,155
2025-02-18 08:41:05,STORE_129,Kwekwe_Depot,Whole Wheat,314,RT_049,1.38,314
2025-03-12 00:00:00,STORE_078,Bindura_Depot,High Energy Brown,158,RT_023,1.23,158
2025-07-23 00:06:27,STORE_136,Harare_Southerton,Soft White,91,RT_015,1.19,91
2025-07-17 21:34:19,STORE_005,Harare_Southerton,Wholegrain Brown,121,RT_002,1.37,121
2025-04-21 14:52:20,STORE_116,Gweru_Branch,Mini Rolls 6-Pack,41,RT_018,0.97,41
2025-03-18 15:18:24,STORE_025,Harare_Willowvale,Soft White,22,RT_031,1.21,22
2025-06-21 22:19:22,STORE_132,Harare_Willowvale,Wholegrain Brown,107,RT_004,1.41,107
2025-07-15 13:52:26,STORE_038,Bindura_Depot,Buns 6-Pack,300,RT_010,1.13,300
2025-05-25 01:09:34,STORE_041,Marondera_Depot,Family Loaf,171,RT_008,2.19,171
2025-04-11 08:48:54,STORE_047,Gweru_Branch,Whole Wheat,303,RT_035,1.37,303
2025-01-23 04:58:35,STORE_036,Harare_Southerton,Wholegrain Brown,280,RT_003,1.51,280
2025-07-03 11:01:38,STORE_137,Masvingo_Branch,Buns 6-Pack,149,RT_010,1.25,149
2025-02-09 09:06:50,STORE_060,Marondera_Depot,High Energy Brown,24,RT_040,1.36,24
2025-06-22 18:33:25,STORE_012,Gweru_Branch,High Energy White,89,RT_043,1.26,89
2025-07-30 04:55:41,STORE_031,Bulawayo_Branch,Wholegrain Brown,156,RT_016,1.39,156
,STORE_038,Bindura_Depot,Wholegrain Brown,75,RT_042,1.46,75
2025-02-17 01:56:24,STORE_132,Masvingo_Branch,High Energy Brown,55,RT_040,1.35,55
2025-02-12 02:01:59,STORE_117,Harare_Southerton,Buns 6-Pack,209,RT_011,1.02,209
2025-07-13 05:51:39,STORE_019,Bindura_Depot,Soft White,286,RT_028,1.18,286
2025-05-17 08:07:56,STORE_070,Bindura_Depot,Family Loaf,281,RT_024,2.37,281
2025-04-02 13:14:51,STORE_002,Marondera_Depot,Family Loaf,95,RT_022,2.34,95
2025-06-22 10:39:52,STORE_122,Masvingo_Branch,Buns 6-Pack,31,RT_017,1.15,31
2025-03-30 08:00:34,STORE_062,Gweru_Branch,Mini Rolls 6-Pack,116,RT_009,1.14,116
2025-05-26 15:17:18,STORE_064,Harare_Willowvale,Wholegrain Brown,76,RT_024,1.51,76
2025-03-17 08:58:44,STORE_058,Chitungwiza_Depot,Soft White,210,RT_018,1.25,210
2025-07-19 13:21:18,STORE_084,Marondera_Depot,Whole Wheat,166,RT_038,1.59,166
2025-06-22 23:21:17,STORE_035,Bindura_Depot,High Energy White,59,RT_011,1.28,59
2025-03-20 05:53:23,STORE_041,Gweru_Branch,Family Loaf,315,RT_003,2.38,315
2025-04-13 14:56:13,STORE_070,Bindura_Depot,Mini Rolls 6-Pack,157,RT_045,1.14,157
2025-01-29 11:31:26,STORE_055,Gweru_Branch,Wholegrain Brown,210,RT_046,1.41,210
2025-05-01 05:28:13,STORE_087,Mutare_Branch,Soft White,59,RT_010,1.11,59
2025-03-02 14:40:40,STORE_025,Kwekwe_Depot,Wholegrain Brown,274,RT_016,1.49,274
2025-05-01 17:35:57,STORE_133,Bindura_Depot,Whole Wheat,25,RT_016,1.49,25
2025-03-26 07:46:39,STORE_025,Gweru_Branch,Wholegrain Brown,249,RT_016,1.31,249
2025-01-15 22:58:54,STORE_007,Bulawayo_Branch,Whole Wheat,267,RT_026,1.38,267
2025-05-20 09:19:06,STORE_016,Mutare_Branch,High Energy Brown,77,RT_023,1.44,77
2025-07-13 13:09:33,STORE_065,Bindura_Depot,Milk1L,95,RT_045,1.17,95
2025-01-13 07:59:20,STORE_087,Harare_Southerton,Buns 6-Pack,170,RT_025,1.04,170
2025-06-02 01:36:07,STORE_091,Bulawayo_Branch,Soft White,18,RT_015,1.19,18
2025-02-23 12:09:02,STORE_096,Chitungwiza_Depot,Seed Loaf,108,RT_013,1.52,108
2025-01-21 07:01:53,STORE_089,Kwekwe_Depot,High Energy Brown,194,RT_010,1.29,194
2025-06-15 12:03:05,STORE_059,Kwekwe_Depot,Wholegrain Brown,126,RT_040,1.59,126
2025-02-24 05:12:26,STORE_045,Chitungwiza_Depot,Family Loaf,76,RT_037,2.32,76
2025-03-10 00:51:03,STORE_071,Kwekwe_Depot,Seed Loaf,206,RT_024,1.47,206
2025-01-04 10:11:03,STORE_129,Harare_Southerton,Seed Loaf,51,RT_048,1.41,51
2025-01-03 02:25:32,STORE_079,Bulawayo_Branch,Seed Loaf,64,RT_010,1.52,64
2025-04-21 17:49:48,STORE_121,Marondera_Depot,Seed Loaf,205,RT_031,1.54,205
2025-06-26 11:39:10,STORE_084,Harare_Willowvale,High Energy White,212,RT_031,1.32,212
2025-06-30 18:27:41,STORE_062,Masvingo_Branch,Mini Rolls 6-Pack,43,RT_010,1.06,43
2025-05-18 05:53:29,STORE_041,Harare_Willowvale,Whole Wheat,180,RT_012,1.37,180
2025-06-16 19:25:50,STORE_100,Harare_Willowvale,High Energy Brown,135,RT_028,1.24,135
2025-02-09 21:43:42,STORE_131,Masvingo_Branch,Mini Rolls 6-Pack,80,RT_005,0.9,80
2025-01-16 11:36:08,STORE_002,Masvingo_Branch,High Energy White,240,RT_024,1.48,240
2025-07-01 23:52:25,STORE_081,Marondera_Depot,High Energy Brown,243,RT_019,1.28,243
2025-07-13 19:18:45,STORE_030,Marondera_Depot,High Energy White,173,RT_032,1.45,173
2025-05-18 10:20:01,STORE_121,Harare_Southerton,Family Loaf,61,RT_004,2.24,61
2025-06-18 11:49:19,STORE_023,Gweru_Branch,Family Loaf,135,RT_018,2.12,135
2025-06-13 05:25:37,STORE_013,Mutare_Branch,Wholegrain Brown,16,RT_042,1.46,16
2025-02-18 11:14:54,STORE_027,Bulawayo_Branch,Whole Wheat,131,RT_023,1.65,131
2025-07-16 09:30:03,STORE_114,Mutare_Branch,Soft Whtie,63,RT_011,1.33,63
2025-01-26 20:23:34,STORE_093,Marondera_Depot,Buns 6-Pack,236,RT_003,1.08,236
2025-02-08 08:39:04,STORE_054,Bulawayo_Branch,Buns 6-Pack,285,RT_030,1.04,285
2025-01-18 01:37:00,STORE_083,Chitungwiza_Depot,Mini Rolls 6-Pack,298,RT_016,1.06,298
2025-07-05 23:15:59,STORE_033,Marondera_Depot,Buns 6-Pack,163,RT_012,1.06,163
2025-06-29 18:21:05,STORE_048,Mutare_Branch,High Energy White,260,RT_024,1.44,260
2025-05-19 08:46:42,STORE_066,Bindura_Depot,Buns 6-Pack,40,RT_027,1.1,40
2025-03-12 02:46:54,STORE_089,Chitungwiza_Depot,Seed Loaf,175,RT_039,1.52,175
2025-07-17 15:52:59,STORE_017,Kwekwe_Depot,Whole Wheat,38,RT_028,1.52,38
2025-06-08 15:39:15,STORE_018,Kwekwe_Depot,Buns 6-Pack,92,RT_006,1.12,92
2025-06-03 04:54:46,STORE_092,Mutare_Branch,High Energy Brown,247,RT_049,1.3,247
2025-04-05 04:08:57,STORE_121,Chitungwiza_Depot,Whole Wheat,246,RT_038,1.49,246
2025-03-26 16:07:44,STORE_044,Harare_Willowvale,Whole Wheat,283,RT_009,1.62,283
2025-05-24 12:03:06,STORE_097,Bindura_Depot,Wholegrain Brown,15,RT_029,1.43,15
2025-03-22 20:19:55,STORE_114,Marondera_Depot,Family Loaf,314,RT_040,2.24,314
2025-01-25 06:03:03,STORE_096,Harare_Southerton,High Energy White,31,RT_002,1.32,31
2025-01-18 18:30:10,STORE_119,Harare_Southerton,Seed Loaf,156,RT_041,1.62,156
2025-02-21 06:15:35,STORE_076,Bulawayo_Branch,Seed Loaf,166,RT_010,1.7,166
2025-01-22 08:19:08,STORE_118,Bulawayo_Branch,Soft White,62,RT_047,1.27,62
2025-07-12 03:11:07,STORE_016,Harare_Southerton,High Energy Brown,206,RT_049,1.43,206
2025-05-20 10:06:38,STORE_130,Mutare_Branch,Family Loaf,110,RT_032,2.36,110
2025-03-03 10:33:55,STORE_086,Gweru_Branch,High Energy White,289,RT_046,1.41,289
2025-07-17 04:33:02,STORE_118,Harare_Southerton,Wholegrain Brown,47,RT_017,1.33,47
2025-06-12 11:59:54,STORE_066,Kwekwe_Depot,High Energy Brown,301,RT_037,1.45,301
2025-04-13 20:09:26,STORE_094,Kwekwe_Depot,Mini Rolls 6-Pack,292,RT_004,1.13,292
2025-06-15 04:35:46,STORE_095,Gweru_Branch,Seed Loaf,21,RT_041,1.44,21
2025-07-28 23:04:16,STORE_022,Masvingo_Branch,Family Loaf,3,RT_018,2.24,3
2025-02-22 23:58:17,STORE_043,Harare_Southerton,Wholegrain Brown,86,RT_030,1.43,86
2025-01-14 05:17:32,STORE_064,Kwekwe_Depot,High Energy Brown,249,RT_031,1.48,249
2025-03-05 14:59:51,STORE_128,Harare_Willowvale,Soft White,277,RT_048,1.2,277
2025-07-13 16:02:29,STORE_043,Marondera_Depot,Seed Loaf,189,RT_041,1.52,189
2025-01-04 22:06:21,STORE_021,Harare_Willowvale,Family Loaf,125,RT_017,2.24,125
2025-02-04 05:09:16,STORE_030,Bindura_Depot,Buns 6-Pack,179,RT_018,1.13,179
2025-05-17 07:27:57,STORE_111,Bulawayo_Branch,Mini Rolls 6-Pack,318,RT_014,1.14,318
2025-05-31 02:40:33,STORE_036,Kwekwe_Depot,Whole Wheat,133,RT_040,1.56,133
2025-05-18 00:36:23,STORE_063,Chitungwiza_Depot,High Energy Brown,218,RT_016,1.5,218
2025-06-26 17:21:30,STORE_043,Bindura_Depot,Buns 6-Pack,260,RT_045,1.1,260
2025-06-06 02:49:15,STORE_098,Harare_Willowvale,Family Loaf,158,RT_019,2.18,158
2025-03-31 14:02:21,STORE_045,Gweru_Branch,High Energy White,318,RT_031,1.48,318
2025-01-17 10:55:42,STORE_006,Harare_Southerton,High Energy Brown,179,RT_037,1.23,179
2025-02-07 16:33:35,STORE_077,Bulawayo_Branch,Whole Wheat,138,RT_010,1.38,138
2025-03-22 16:33:51,STORE_104,Harare_Willowvale,Buns 6-Pack,222,RT_015,1.09,222
2025-04-10 16:51:35,STORE_026,Harare_Southerton,Mini Rolls 6-Pack,184,RT_027,0.92,184
2025-06-13 15:37:34,STORE_132,Mutare_Branch,Wholegrain Brown,305,RT_027,1.38,305
2025-06-25 06:09:46,STORE_115,Bindura_Depot,High Energy Brown,258,RT_043,1.49,258
2025-05-29 18:41:53,STORE_051,Masvingo_Branch,Mini Rolls 6-Pack,31,RT_048,1.08,31
2025-03-20 11:37:56,STORE_109,Harare_Southerton,High Energy White,98,RT_046,1.29,98
2025-07-13 08:44:25,STORE_118,Marondera_Depot,High Energy White,297,RT_001,1.27,297
2025-04-02 10:16:45,STORE_061,Kwekwe_Depot,Soft White,200,RT_023,1.37,200
2025-07-15 08:38:30,STORE_110,Marondera_Depot,Family Loaf,105,RT_009,2.27,105
2025-01-12 12:09:59,STORE_035,Mutare_Branch,Seed Loaf,60,RT_023,1.53,60
2025-02-04 11:44:05,STORE_077,Bulawayo_Branch,Seed Loaf,103,RT_028,1.43,103
2025-04-16 12:54:14,STORE_115,Gweru_Branch,High Energy Brown,106,RT_022,1.41,106
2025-05-24 16:19:13,STORE_117,Mutare_Branch,Whole Wheat,75,RT_017,1.37,75
2025-06-06 13:53:54,STORE_090,Masvingo_Branch,High Energy White,215,RT_014,1.47,215
2025-04-16 10:25:00,STORE_022,Harare_Southerton,Seed Loaf,134,RT_011,1.48,134
2025-03-01 10:03:03,STORE_103,Gweru_Branch,Wholegrain Brown,161,RT_012,1.42,161
2025-07-15 10:02:44,STORE_094,Gweru_Branch,Family Loaf,119,RT_029,2.1,119
2025-02-28 03:19:58,STORE_091,Harare_Willowvale,High Energy White,144,RT_037,1.37,144
2025-04-14 21:21:01,STORE_045,Harare_Southerton,Soft White,34,RT_002,1.29,34
2025-06-20 03:38:26,STORE_053,Bulawayo_Branch,Soft White,175,RT_031,1.14,175
2025-02-21 18:37:27,STORE_127,Masvingo_Branch,High Energy Brown,120,RT_033,1.21,120
2025-05-06 13:37:49,STORE_044,Gweru_Branch,Buns 6-Pack,216,RT_003,1.02,216
2025-07-09 23:39:36,STORE_100,Bindura_Depot,Soft White,202,RT_009,1.18,202
2025-05-16 18:04:56,STORE_138,Mutare_Branch,High Energy White,202,RT_046,1.42,202
2025-05-07 20:10:14,STORE_037,Masvingo_Branch,High Energy Brown,274,RT_018,1.38,274
2025-06-26 08:35:07,STORE_094,Marondera_Depot,High Energy White,93,RT_025,1.28,93
2025-04-24 23:51:09,STORE_037,Bulawayo_Branch,High Energy White,27,RT_033,1.26,27
2025-07-10 06:03:33,STORE_110,Chitungwiza_Depot,Seed Loaf,134,RT_017,1.51,134
2025-05-02 09:20:17,STORE_134,Masvingo_Branch,Mini Rolls 6-Pack,219,RT_028,0.97,219
2025-04-19 21:04:22,STORE_104,Harare_Southerton,High Energy White,291,RT_046,1.32,291
2025-02-02 14:10:39,STORE_099,Kwekwe_Depot,Buns 6-Pack,37,RT_048,1.07,37
2025-07-17 05:15:46,STORE_082,Mutare_Branch,Family Loaf,35,RT_021,2.33,35
2025-06-15 22:32:30,STORE_055,Kwekwe_Depot,Mini Rolls 6-Pack,227,RT_013,1.17,227
2025-01-28 01:56:07,STORE_088,Kwekwe_Depot,Wholegrain Brown,43,RT_036,1.55,43
2025-02-17 02:34:41,STORE_126,Harare_Willowvale,Whole Wheat,34,RT_044,1.58,34
2025-05-27 22:51:28,STORE_081,Masvingo_Branch,Family Loaf,313,RT_024,2.19,313
2025-04-01 10:52:37,STORE_116,Masvingo_Branch,Whole Wheat,312,RT_027,1.62,312
2025-07-08 19:01:09,STORE_103,Harare_Southerton,Soft White,120,RT_004,1.33,120
2025-03-07 10:37:17,STORE_092,Marondera_Depot,Buns 6-Pack,98,RT_023,1.14,98
2025-02-06 09:06:37,STORE_023,Masvingo_Branch,Buns 6-Pack,11,RT_010,1.11,11
2025-03-15 20:45:06,STORE_126,Masvingo_Branch,Family Loaf,162,RT_040,2.22,162
2025-05-15 06:17:24,STORE_044,Mutare_Branch,High Energy Brown,232,RT_040,1.49,232
2025-05-09 10:34:50,STORE_001,Harare_Southerton,Buns 6-Pack,181,RT_046,1.22,181
2025-06-22 06:33:19,STORE_004,Kwekwe_Depot,Buns 6-Pack,208,RT_016,1.02,208
2025-05-01 19:32:24,STORE_116,Marondera_Depot,Seed Loaf,94,RT_002,1.65,94
2025-02-21 11:39:48,STORE_027,Harare_Southerton,Wholegrain Brown,219,RT_006,1.48,219
2025-05-24 10:43:22,STORE_087,Bindura_Depot,Mini Rolls 6-Pack,191,RT_047,0.96,191
2025-03-24 06:25:36,STORE_087,Bulawayo_Branch,Seed Loaf,34,RT_047,1.6,34
2025-06-18 16:41:15,STORE_097,Mutare_Branch,Whole Wheat,247,RT_023,1.45,247
2025-02-27 02:56:11,STORE_039,Gweru_Branch,High Energy White,261,RT_020,1.28,261
2025-07-22 05:05:36,STORE_130,Gweru_Branch,High Energy White,181,RT_021,1.31,181
2025-01-07 18:05:10,STORE_107,Kwekwe_Depot,High Energy White,197,RT_007,1.28,197
2025-05-26 12:11:41,STORE_080,Kwekwe_Depot,Family Loaf,112,RT_033,2.39,112
2025-01-06 07:26:59,STORE_119,Chitungwiza_Depot,High Energy Brown,146,RT_049,1.38,146
2025-04-07 14:38:51,STORE_015,Mutare_Branch,Buns 6-Pack,91,RT_012,1.26,91
2025-07-19 21:37:05,STORE_082,Mutare_Branch,Mini Rolls 6-Pack,288,RT_023,1.02,288
2025-01-08 08:47:11,STORE_062,Bulawayo_Branch,Family Loaf,53,RT_001,2.36,53
2025-06-07 01:50:27,STORE_106,Mutare_Branch,Milk1L,201,RT_020,1.07,201
2025-12-05 00:00:00,STORE_041,Marondera_Depot,High Energy Brown,108,RT_044,1.34,108
2025-04-02 02:44:37,STORE_055,,High Energy White,161,RT_048,1.31,161
2025-02-09 21:57:58,STORE_059,Marondera_Depot,High Energy White,173,RT_027,1.47,173
2025-01-04 03:42:24,STORE_052,Bulawayo_Branch,Seed Loaf,311,,1.43,311
2025-02-05 08:09:40,STORE_096,Bulawayo_Branch,Seed Loaf,194,RT_037,1.41,194
2025-03-29 09:33:29,STORE_093,Harare_Southerton,Seed Loaf,269,RT_035,1.43,269
2025-03-14 04:28:13,STORE_039,Gweru_Branch,Seed Loaf,24,RT_037,1.49,24
2025-04-14 00:51:20,STORE_053,Bindura_Depot,High Energy Brown,136,RT_046,1.26,136
2025-05-02 22:53:24,STORE_019,Chitungwiza_Depot,High Energy Brown,271,RT_011,1.49,271
2025-03-21 22:53:28,STORE_071,Harare_Southerton,Buns 6-Pack,101,RT_048,1.18,101
2025-03-02 22:38:01,STORE_109,Mutare_Branch,Wholegrain Brown,228,RT_019,1.53,228
2025-05-24 16:36:00,STORE_006,Bindura_Depot,Soft White,304,RT_007,1.21,304
2025-01-07 22:45:38,STORE_054,Chitungwiza_Depot,Whole Wheat,195,RT_002,1.38,195
2025-02-03 22:41:18,STORE_070,Masvingo_Branch,Whole Wheat,80,RT_007,1.48,80
2025-05-12 23:12:25,STORE_085,Gweru_Branch,Whole Wheat,77,RT_026,1.46,77
2025-07-24 07:40:54,STORE_133,Harare_Southerton,High Energy Brown,312,RT_016,1.39,312
2025-03-11 16:11:17,STORE_090,Marondera_Depot,High Energy White,129,RT_043,1.27,129
2025-04-22 07:02:34,STORE_136,Gweru_Branch,Buns 6-Pack,291,RT_009,1.21,291
2025-01-18 17:12:12,STORE_035,Mutare_Branch,Soft White,194,RT_018,1.39,194
2025-07-05 19:01:05,STORE_078,Harare_Willowvale,Seed Loaf,202,RT_007,1.59,202
2025-01-14 06:43:27,STORE_038,Marondera_Depot,High Energy White,135,RT_038,1.36,135
2025-01-30 17:55:15,STORE_096,Chitungwiza_Depot,Milk1L,233,RT_033,1.6,233
2025-06-03 12:06:26,STORE_021,Mutare_Branch,Soft White,34,RT_023,1.38,34
2025-04-29 17:21:08,STORE_077,Masvingo_Branch,High Energy White,250,RT_013,1.49,250
2025-05-04 14:49:15,STORE_117,Mutare_Branch,Family Loaf,75,RT_037,2.18,75
2025-07-22 16:31:18,STORE_025,Marondera_Depot,Wholegrain Brown,200,RT_024,1.44,200
2025-05-26 05:28:02,STORE_068,Masvingo_Branch,Buns 6-Pack,87,RT_044,1.21,87
2025-06-06 05:25:27,STORE_139,Chitungwiza_Depot,Family Loaf,125,RT_046,2.35,125
2025-04-24 14:51:42,STORE_069,Bulawayo_Branch,Mini Rolls 6-Pack,103,RT_046,1.15,103
2025-07-29 04:30:45,STORE_095,Bindura_Depot,Soft White,288,RT_019,1.34,288
2025-06-02 15:51:42,STORE_082,Kwekwe_Depot,High Energy White,72,RT_039,1.37,72
2025-07-25 18:48:11,STORE_034,Harare_Southerton,Family Loaf,62,RT_012,2.14,62
2025-07-27 13:53:29,STORE_064,Harare_Willowvale,Milk1L,190,RT_013,2.25,190
2025-05-25 23:23:20,STORE_063,Marondera_Depot,High Energy White,166,RT_003,1.23,166
2025-07-10 13:13:54,STORE_096,Harare_Willowvale,Family Loaf,203,RT_021,2.36,203
2025-06-29 08:22:17,STORE_109,Chitungwiza_Depot,High Energy White,147,RT_010,1.45,147
2025-06-05 12:40:56,STORE_098,Marondera_Depot,Wholegrain Brown,204,RT_041,1.33,204
2025-06-18 03:47:01,STORE_072,Marondera_Depot,Mini Rolls 6-Pack,226,RT_016,0.93,226
2025-04-13 20:42:04,STORE_137,Masvingo_Branch,Whole Wheat,193,RT_009,1.53,193
2025-02-04 01:04:09,STORE_116,Masvingo_Branch,High Energy Brown,152,RT_038,1.36,152
2025-04-07 16:01:50,STORE_079,Kwekwe_Depot,Whole Wheat,26,RT_048,1.56,26
2025-07-04 18:15:17,STORE_112,Marondera_Depot,Whole Wheat,271,RT_017,1.47,271
2025-07-15 17:50:40,STORE_039,Bindura_Depot,Family Loaf,166,RT_019,2.32,166
2025-02-27 17:08:38,STORE_114,Kwekwe_Depot,High Energy Brown,162,RT_041,1.48,162
2025-07-27 03:38:14,STORE_048,Mutare_Branch,Buns 6-Pack,246,RT_029,1.25,246
2025-02-13 17:48:57,STORE_074,Mutare_Branch,Coke500ml,189,RT_029,1.6,189
2025-03-27 04:15:15,STORE_010,Mutare_Branch,Soft White,120,RT_015,1.39,120
2025-01-09 22:04:52,STORE_093,Gweru_Branch,Buns 6-Pack,76,RT_022,1.08,76
2025-05-02 22:31:57,STORE_137,Gweru_Branch,Whole Wheat,29,RT_041,1.45,29
2025-04-03 18:34:08,STORE_093,Mutare_Branch,Seed Loaf,288,RT_017,1.68,288
2025-04-20 11:38:41,STORE_120,Marondera_Depot,Soft White,310,RT_049,1.22,310
2025-05-11 20:16:45,STORE_106,Bulawayo_Branch,Mini Rolls 6-Pack,103,RT_024,0.93,103
2025-05-31 15:45:28,STORE_056,Gweru_Branch,High Energy Brown,5,RT_024,1.44,5
2025-01-28 15:05:17,STORE_094,Kwekwe_Depot,Buns 6-Pack,130,RT_001,1.04,130
2025-04-23 16:06:56,STORE_060,Masvingo_Branch,Whole Wheat,5,RT_026,1.52,5
2025-06-16 13:02:29,STORE_068,Bindura_Depot,Whole Wheat,191,RT_027,1.43,191
2025-04-28 11:10:35,STORE_089,Bulawayo_Branch,Mini Rolls 6-Pack,184,RT_047,0.92,184
2025-05-18 20:24:22,STORE_077,Masvingo_Branch,Soft White,267,RT_017,1.22,267
2025-03-26 09:16:25,STORE_133,Gweru_Branch,Soft White,210,RT_017,1.31,210
2025-06-22 10:53:47,STORE_019,Bindura_Depot,Wholegrain Brown,278,RT_016,1.43,278
2025-01-12 10:25:38,STORE_005,Kwekwe_Depot,Mini Rolls 6-Pack,559,RT_002,,559
2025-03-04 08:24:19,STORE_081,Bulawayo_Branch,Whole Wheat,19,RT_040,1.38,19
2025-06-26 07:38:22,STORE_127,Chitungwiza_Depot,Seed Loaf,88,RT_048,1.64,88
2025-05-30 21:05:07,STORE_009,Harare_Southerton,Wholegrain Brown,80,RT_032,1.51,80
2025-05-02 21:55:59,STORE_012,Gweru_Branch,Seed Loaf,268,RT_042,1.47,268
2025-06-30 22:50:02,STORE_025,Kwekwe_Depot,Mini Rolls 6-Pack,286,RT_049,0.96,286
2025-06-19 07:54:24,STORE_039,Gweru_Branch,High Energy Brown,210,RT_024,1.41,210
2025-02-08 08:41:37,STORE_118,Chitungwiza_Depot,Wholegrain Brown,24,RT_013,1.36,24
2025-06-29 05:38:39,STORE_116,Gweru_Branch,Mini Rolls 6-Pack,174,RT_042,1.2,174
2025-07-10 07:34:22,STORE_123,Kwekwe_Depot,Family Loaf,197,RT_048,2.12,197
2025-05-16 05:28:25,STORE_008,Bindura_Depot,Soft White,134,RT_007,1.29,134
2025-01-14 21:15:28,STORE_046,Marondera_Depot,Family Loaf,242,RT_016,2.24,242
2025-07-29 17:03:50,STORE_001,Harare_Southerton,Soft White,87,RT_043,1.26,87
2025-03-10 14:50:43,STORE_094,Kwekwe_Depot,Wholegrain Brown,131,RT_020,1.51,131
2025-03-21 11:33:38,STORE_053,Marondera_Depot,Buns 6-Pack,137,RT_037,1.2,137
2025-05-25 23:21:23,STORE_017,Masvingo_Branch,Soft White,30,RT_011,1.25,30
2025-07-21 12:16:45,STORE_139,Marondera_Depot,High Energy Brown,300,RT_021,1.25,300
2025-03-13 22:17:04,STORE_094,Mutare_Branch,High Energy Brown,289,RT_037,1.5,289
2025-04-29 00:54:43,STORE_048,Harare_Willowvale,High Energy White,202,RT_036,1.42,202
2025-07-01 19:24:36,STORE_083,Masvingo_Branch,Whole Wheat,70,RT_009,1.36,70
2025-03-23 13:21:32,STORE_077,Kwekwe_Depot,Wholegrain Brown,220,RT_048,1.57,220
2025-04-07 16:18:55,STORE_029,Masvingo_Branch,Buns 6-Pack,314,RT_041,1.05,314
2025-05-07 09:56:21,STORE_006,Bulawayo_Branch,High Energy Brown,312,RT_041,1.39,312
2025-04-24 05:44:53,STORE_008,Marondera_Depot,Seed Loaf,111,RT_010,1.49,111
2025-07-03 18:29:38,STORE_092,Bindura_Depot,High Energy Brown,83,RT_046,1.47,83
2025-04-27 18:40:17,STORE_027,Chitungwiza_Depot,Buns 6-Pack,154,RT_017,1.12,154
2025-05-29 22:03:39,STORE_126,Harare_Willowvale,Mini Rolls 6-Pack,314,RT_049,0.91,314
2025-03-08 01:33:39,STORE_033,Harare_Willowvale,Wholegrain Brown,219,RT_043,1.52,219
2025-02-13 03:41:29,STORE_089,Kwekwe_Depot,Wholegrain Brown,54,RT_025,1.53,54
2025-02-26 06:51:39,STORE_099,Kwekwe_Depot,Soft White,74,RT_024,1.35,74
2025-03-01 09:06:58,STORE_039,Kwekwe_Depot,High Energy White,168,RT_019,1.27,168
2025-03-29 08:08:48,STORE_056,Harare_Willowvale,Family Loaf,66,,2.23,66
2025-05-28 03:32:05,STORE_091,Bindura_Depot,Family Loaf,171,RT_025,2.39,171
2025-05-27 15:24:50,STORE_072,Harare_Willowvale,Soft White,236,RT_005,1.23,236
2025-01-17 13:01:30,STORE_128,Marondera_Depot,Wholegrain Brown,211,RT_029,1.59,211
2025-04-11 17:53:54,STORE_085,Chitungwiza_Depot,Seed Loaf,302,RT_046,1.48,302
2025-01-19 21:05:07,STORE_007,Chitungwiza_Depot,Wholegrain Brown,284,RT_026,1.58,284
2025-04-05 01:29:51,STORE_037,Masvingo_Branch,Wholegrain Brown,278,RT_002,1.53,278
2025-01-22 17:10:13,STORE_042,Kwekwe_Depot,High Energy Wite,257,RT_034,1.34,257
2025-03-22 19:30:52,STORE_113,Kwekwe_Depot,Family Loaf,205,RT_048,2.3,205
2025-06-11 10:52:31,STORE_083,Marondera_Depot,Family Loaf,287,RT_008,2.27,287
2025-04-01 22:46:37,STORE_114,Chitungwiza_Depot,High Energy White,286,RT_017,1.3,286
2025-01-25 09:19:14,STORE_117,Harare_Southerton,Wholegrain Brown,22,RT_043,1.53,22
2025-02-19 05:49:27,STORE_055,Harare_Southerton,Whole Wheat,141,RT_007,1.52,141
2025-04-18 07:18:45,STORE_121,Marondera_Depot,Soft White,224,RT_009,1.21,224
2025-07-06 01:59:39,STORE_041,Masvingo_Branch,High Energy Brown,133,RT_034,1.2,133
2025-06-18 12:36:27,STORE_113,Gweru_Branch,Wholegrain Brown,277,RT_007,1.56,277
2025-06-06 14:14:12,STORE_003,Gweru_Branch,Seed Loaf,261,RT_019,1.62,261
2025-06-06 13:49:01,STORE_043,Masvingo_Branch,Soft White,118,RT_043,1.29,118
2025-07-16 09:18:37,STORE_120,Bulawayo_Branch,High Energy White,139,RT_030,1.4,139
2025-05-28 11:06:31,STORE_040,Bindura_Depot,Wholegrain Brown,82,RT_031,1.55,82
2025-06-26 22:07:28,STORE_114,Harare_Southerton,Wholegrain Brown,72,RT_045,1.48,72
2025-01-15 21:10:44,STORE_031,Masvingo_Branch,Buns 6-Pack,156,RT_012,1.0,156
2025-04-29 15:26:53,STORE_129,Mutare_Branch,High Energy White,124,RT_048,1.29,124
2025-02-28 19:41:10,STORE_060,Mutare_Branch,Wholegrain Brown,136,RT_010,,136
2025-07-25 15:21:11,STORE_075,Harare_Southerton,Family Loaf,140,RT_023,2.39,140
2025-04-01 18:58:06,STORE_137,Harare_Willowvale,Wholegrain Brown,280,RT_035,1.39,280
2025-02-23 19:44:51,STORE_042,Gweru_Branch,Seed Loaf,215,RT_008,1.66,215
2025-04-15 08:04:13,STORE_036,Gweru_Branch,Whole Wheat,143,RT_035,1.37,143
2025-01-15 03:44:05,STORE_040,Kwekwe_Depot,Whole Wheat,10,RT_016,1.47,10
2025-05-19 09:34:41,STORE_085,Chitungwiza_Depot,High Energy Brown,74,RT_036,1.5,74
2025-03-06 16:11:14,STORE_045,Mutare_Branch,Family Loaf,294,RT_005,2.36,294
2025-03-10 04:29:53,STORE_055,Kwekwe_Depot,Wholegrain Brown,162,RT_034,1.42,162
2025-04-15 23:55:06,STORE_044,Harare_Willowvale,Soft White,285,RT_007,1.35,285
2025-05-16 08:24:08,STORE_016,Harare_Willowvale,Family Loaf,157,RT_033,2.1,157
2025-04-05 05:55:58,STORE_103,Bulawayo_Branch,Wholegrain Brown,225,RT_034,1.34,225
2025-06-19 19:11:36,STORE_098,Gweru_Branch,High Energy Brown,211,RT_046,1.48,211
2025-01-30 17:21:43,STORE_014,Harare_Southerton,Family Loaf,16,RT_039,2.24,16
2025-07-11 20:42:53,STORE_069,Harare_Southerton,Whole Wheat,299,RT_001,1.52,299
2025-03-06 08:10:11,STORE_120,Bindura_Depot,Wholegrain Brown,52,RT_019,1.56,52
2025-06-14 18:15:45,STORE_137,Bulawayo_Branch,Seed Loaf,19,RT_006,1.49,19
2025-02-04 16:02:33,STORE_068,Marondera_Depot,High Energy White,31,RT_007,1.24,31
2025-04-03 14:56:59,STORE_019,Marondera_Depot,High Energy Brown,23,RT_046,1.46,23
2025-06-26 11:56:58,STORE_108,Harare_Southerton,High Energy White,129,RT_001,1.34,129
2025-02-18 06:18:15,STORE_058,Harare_Willowvale,Wholegrain Brown,289,RT_008,,289
2025-07-06 07:56:14,STORE_082,Masvingo_Branch,Seed Loaf,67,RT_020,1.46,67
2025-01-26 06:05:06,STORE_015,Chitungwiza_Depot,Soft White,148,RT_044,1.21,148
2025-06-13 23:56:37,STORE_087,Bindura_Depot,Seed Loaf,272,RT_013,1.69,272
2025-02-21 17:29:13,STORE_031,Harare_Southerton,Buns 6-Pack,242,RT_023,1.25,242
2025-02-08 23:45:37,STORE_102,Masvingo_Branch,Family Loaf,281,RT_031,2.34,281
2025-07-21 04:31:58,STORE_100,Harare_Willowvale,High Energy Brown,153,RT_008,1.34,153
2025-02-22 05:22:01,STORE_042,Kwekwe_Depot,Family Loaf,103,RT_036,2.16,103
2025-03-20 13:52:57,STORE_044,Chitungwiza_Depot,Wholegrain Brown,304,RT_005,1.56,304
2025-07-05 15:40:16,STORE_095,Harare_Willowvale,Buns 6-Pack,93,RT_042,1.22,93
2025-07-27 14:51:24,STORE_138,Bulawayo_Branch,Soft White,4,RT_008,1.21,4
2025-02-18 12:44:20,STORE_063,Chitungwiza_Depot,Family Loaf,251,RT_045,2.23,251
2025-04-26 10:07:08,STORE_005,Bulawayo_Branch,Soft White,293,RT_010,1.16,293
2025-07-04 10:01:21,STORE_070,Harare_Southerton,Buns 6-Pack,105,RT_012,1.16,105
2025-02-04 14:08:26,STORE_007,Gweru_Branch,Wholegrain Brown,4,RT_044,1.59,4
2025-05-22 20:44:02,STORE_067,Harare_Southerton,High Energy White,189,RT_030,1.47,189
2025-02-02 02:32:19,STORE_070,Kwekwe_Depot,Soft White,309,RT_001,1.23,309
2025-06-01 23:43:24,STORE_105,Harare_Willowvale,Whole Wheat,221,RT_040,1.36,221
2025-02-20 17:47:57,STORE_030,Harare_Southerton,Seed Loaf,88,RT_009,1.62,88
2025-04-30 05:33:18,STORE_014,Harare_Southerton,Whole Wheat,213,RT_002,1.6,213
2025-01-01 16:07:11,STORE_039,Bindura_Depot,Whole Wheat,20,RT_030,1.57,20
2025-02-17 11:03:32,STORE_129,Gweru_Branch,Mini Rolls 6-Pack,166,RT_033,1.09,166
2025-05-31 01:41:04,STORE_077,Marondera_Depot,Soft White,42,RT_019,1.18,42
2025-03-21 06:27:09,STORE_060,Kwekwe_Depot,Whole Wheat,13,RT_011,1.55,13
2025-01-19 04:42:18,STORE_083,Kwekwe_Depot,High Energy Brown,60,RT_032,1.27,60
2025-05-30 01:40:06,STORE_129,Kwekwe_Depot,Family Loaf,315,RT_002,2.38,315
2025-02-02 04:40:52,STORE_009,Masvingo_Branch,Family Loaf,285,RT_047,2.18,285
2025-02-13 05:39:28,STORE_017,Gweru_Branch,Buns 6-Pack,304,RT_032,1.26,304
2025-05-22 18:19:12,STORE_093,Kwekwe_Depot,Seed Loaf,293,RT_029,1.68,293
2025-07-17 15:00:00,STORE_108,Chitungwiza_Depot,Mini Rolls 6-Pack,132,RT_042,1.06,132
2025-04-20 17:13:42,STORE_130,Harare_Southerton,High Energy Brown,117,RT_007,1.38,117
2025-03-16 09:34:59,STORE_120,Gweru_Branch,Wholegrain Brown,302,RT_022,1.57,302
2025-04-16 02:29:21,STORE_095,Harare_Southerton,Seed Loaf,220,RT_020,1.49,220
2025-01-04 21:44:22,STORE_050,Bindura_Depot,High Energy Brown,108,RT_036,1.22,108
2025-04-07 21:54:56,STORE_110,Masvingo_Branch,Buns 6-Pack,259,RT_007,1.21,259
2025-07-22 08:15:55,STORE_037,Marondera_Depot,High Energy Brown,245,RT_043,1.22,245
2025-07-01 23:42:03,STORE_110,Bulawayo_Branch,High Energy White,124,RT_027,1.28,124
2025-02-18 10:52:01,STORE_049,Mutare_Branch,Seed Loaf,260,RT_024,1.61,260
2025-02-10 19:29:45,STORE_018,Kwekwe_Depot,High Energy Brown,159,RT_038,1.37,159
2025-06-08 19:36:34,STORE_077,Chitungwiza_Depot,Wholegrain Brown,31,RT_013,1.51,31
2025-02-13 15:59:23,STORE_056,Chitungwiza_Depot,Whole Wheat,181,RT_019,1.51,181
2025-03-07 05:03:42,STORE_110,Marondera_Depot,High Energy Brown,251,RT_021,1.35,251
2025-06-10 17:04:21,STORE_091,Bindura_Depot,High Energy White,296,RT_048,1.44,296
2025-02-13 08:34:10,STORE_094,,Mini Rolls 6-Pack,241,RT_024,0.99,241
2025-06-14 21:16:13,STORE_077,Bulawayo_Branch,Whole Wheat,236,RT_036,1.51,236
2025-01-23 09:31:30,STORE_037,Masvingo_Branch,High Energy Brwn,316,RT_015,1.27,316
2025-02-18 06:22:43,STORE_087,Marondera_Depot,Soft White,226,RT_006,1.26,226
2025-03-20 07:29:34,STORE_054,Kwekwe_Depot,Family Loaf,167,RT_029,2.4,167
2025-05-16 23:32:48,STORE_072,Kwekwe_Depot,Soft White,280,RT_031,1.39,280
2025-06-24 17:19:39,STORE_134,Harare_Southerton,Seed Loaf,134,RT_048,1.42,134
2025-07-27 08:32:51,STORE_098,Marondera_Depot,Seed Loaf,186,RT_032,1.62,186
2025-07-18 12:54:06,STORE_069,Mutare_Branch,High Energy Brown,290,RT_010,1.36,290
2025-04-06 07:24:39,STORE_139,Harare_Willowvale,Whole Wheat,215,RT_041,1.47,215
2025-03-20 16:22:41,STORE_042,Marondera_Depot,High Energy White,174,RT_012,1.35,174
2025-06-15 13:49:03,STORE_029,Bindura_Depot,Soft White,319,RT_024,1.11,319
2025-07-07 20:30:49,STORE_100,Mutare_Branch,Seed Loaf,116,RT_017,1.42,116
2025-01-22 13:13:35,STORE_071,Mutare_Branch,Mini Rolls 6-Pack,17,RT_012,0.93,17
2025-04-22 20:17:44,STORE_106,Harare_Southerton,Wholegrain Brown,145,RT_006,1.44,145
2025-07-26 06:51:07,STORE_077,Masvingo_Branch,High Energy White,287,RT_025,1.22,287
2025-02-12 06:16:27,STORE_010,Harare_Southerton,Seed Loaf,170,RT_028,1.52,170
2025-06-25 15:34:37,STORE_124,Kwekwe_Depot,High Energy White,265,RT_010,1.24,265
2025-05-17 17:16:42,STORE_136,Chitungwiza_Depot,Family Loaf,155,RT_022,2.3,155
2025-04-19 13:46:54,STORE_016,Harare_Southerton,Mini Rolls 6-Pack,190,RT_032,1.06,190
2025-05-22 09:13:22,STORE_068,Kwekwe_Depot,Buns 6-Pack,316,RT_034,1.1,316
2025-06-12 18:17:40,STORE_037,Harare_Southerton,Wholegrain Brown,296,RT_045,1.33,296
2025-02-13 16:52:24,STORE_035,Harare_Willowvale,Mini Rolls 6-Pack,241,RT_035,0.99,241
2025-01-17 13:57:52,STORE_065,Gweru_Branch,High Energy Brown,67,RT_042,1.23,67
2025-04-17 02:25:21,STORE_116,Harare_Willowvale,High Energy Brown,289,RT_043,1.23,289
2025-01-23 01:47:53,STORE_066,Marondera_Depot,Seed Loaf,116,RT_038,1.59,116
2025-07-17 23:40:37,STORE_048,Bindura_Depot,Family Loaf,124,RT_043,2.26,124
2025-04-29 16:01:21,STORE_073,Marondera_Depot,High Energy Brown,116,RT_046,1.24,116
2025-03-20 13:34:02,STORE_056,Bindura_Depot,Whole Wheat,252,RT_029,1.53,252
2025-07-12 15:53:34,STORE_077,Chitungwiza_Depot,High Energy Brown,155,RT_036,1.28,155
2025-03-04 23:23:59,STORE_039,Gweru_Branch,Mini Rolls 6-Pack,85,RT_027,0.93,85
2025-06-22 11:02:06,STORE_076,Kwekwe_Depot,Family Loaf,246,RT_031,2.36,246
2025-01-31 05:57:36,STORE_118,Harare_Willowvale,Family Loaf,65,RT_037,2.19,65
2025-01-17 09:34:02,STORE_115,Masvingo_Branch,Whole Wheat,282,RT_042,1.58,282
2025-07-22 17:46:30,STORE_052,Mutare_Branch,Wholegrain Brown,272,RT_044,1.46,272
2025-02-05 20:34:16,STORE_139,Gweru_Branch,High Energy White,244,RT_018,1.33,244
2025-05-30 01:22:17,STORE_045,Kwekwe_Depot,Seed Loaf,251,RT_032,1.64,251
2025-01-17 20:34:58,STORE_041,Marondera_Depot,Soft White,32,RT_030,1.23,32
2025-07-14 19:03:46,STORE_010,Masvingo_Branch,Wholegrain Brown,144,RT_024,1.4,144
2025-02-25 07:54:10,STORE_023,Bulawayo_Branch,Family Loaf,107,RT_024,2.37,107
2025-01-23 12:18:32,STORE_007,Chitungwiza_Depot,Soft White,158,RT_008,1.34,158
2025-07-04 14:23:42,STORE_028,Bulawayo_Branch,Soft White,222,RT_023,1.29,222
2025-04-20 12:26:47,STORE_056,Chitungwiza_Depot,High Energy White,58,RT_014,1.37,58
2025-02-08 02:26:27,STORE_013,Mutare_Branch,Soft White,53,RT_006,1.29,53
2025-06-01 15:17:26,STORE_106,Kwekwe_Depot,Whole Wheat,270,RT_015,1.39,270
2025-06-23 03:44:42,STORE_086,Chitungwiza_Depot,Seed Lof,110,RT_040,1.68,110
2025-06-18 17:32:43,STORE_029,Masvingo_Branch,Mini Rolls 6-Pack,50,RT_032,1.14,50
2025-02-20 23:38:33,STORE_109,Marondera_Depot,Wholegrain Brown,133,RT_017,1.57,133
2025-02-17 00:47:07,STORE_117,Harare_Southerton,Soft White,45,RT_006,1.2,45
2025-04-25 16:41:49,STORE_074,Chitungwiza_Depot,Mini Rolls 6-Pack,164,RT_033,1.03,164
2025-02-11 08:34:18,STORE_034,Bulawayo_Branch,Seed Loaf,188,RT_026,1.66,188
2025-03-31 19:18:00,STORE_117,Masvingo_Branch,Soft White,113,RT_033,1.29,113
2025-06-05 03:16:00,STORE_099,Marondera_Depot,Buns 6-Pack,109,RT_022,1.08,109
2025-07-08 05:07:28,STORE_080,Marondera_Depot,High Energy Brown,111,RT_010,1.48,111
2025-02-27 22:22:12,STORE_002,Bulawayo_Branch,WholgrainBrown,27,RT_017,1.53,27
2025-06-13 19:08:18,STORE_044,Gweru_Branch,Soft White,200,RT_044,1.23,200
2025-05-23 12:13:49,STORE_017,Bindura_Depot,High Energy Brown,167,RT_028,1.39,167
2025-05-30 01:37:00,STORE_118,Harare_Southerton,Family Loaf,54,RT_036,2.3,54
2025-01-17 04:58:03,STORE_024,Harare_Willowvale,Whole Wheat,109,RT_028,1.55,109
2025-01-23 16:36:24,STORE_082,Harare_Southerton,Soft White,7,RT_007,1.33,7
2025-05-28 13:22:44,STORE_071,Masvingo_Branch,Family Loaf,18,RT_038,2.27,18
2025-01-27 21:08:43,STORE_080,Masvingo_Branch,Seed Loaf,160,RT_021,1.44,160
2025-03-24 04:28:03,STORE_098,Kwekwe_Depot,Mini Rolls 6-Pack,36,RT_035,0.97,36
2025-03-02 16:54:59,STORE_123,Chitungwiza_Depot,Family Loaf,160,RT_019,2.13,160
2025-03-14 20:43:45,STORE_050,Kwekwe_Depot,Wholegrain Brown,259,RT_046,1.55,259
2025-06-11 20:27:48,STORE_070,Chitungwiza_Depot,Family Loaf,136,RT_033,2.35,136
2025-01-04 10:55:10,STORE_069,Kwekwe_Depot,Soft White,237,RT_032,1.14,237
2025-01-25 09:00:40,STORE_139,Chitungwiza_Depot,Soft White,291,RT_009,1.36,291
2025-07-06 17:57:16,STORE_031,Marondera_Depot,Whole Wheat,164,RT_046,1.58,164
2025-05-03 13:06:39,STORE_103,Kwekwe_Depot,Mini Rolls 6-Pack,227,RT_043,0.93,227
2025-05-01 07:32:06,STORE_128,Kwekwe_Depot,Wholegrain Brown,39,RT_003,1.42,39
2025-06-09 02:45:50,STORE_109,Mutare_Branch,High Energy Brown,231,RT_013,1.37,231
2025-06-05 21:21:39,STORE_129,Chitungwiza_Depot,Soft White,12,RT_032,1.34,12
2025-03-30 08:04:45,STORE_088,Gweru_Branch,Mini Rolls 6-Pack,93,RT_034,1.01,93
2025-07-04 12:13:37,STORE_008,Chitungwiza_Depot,Soft White,215,RT_015,1.11,215
2025-03-21 05:43:12,STORE_068,Mutare_Branch,Family Loaf,270,RT_048,2.36,270
2025-05-02 10:19:53,STORE_046,Bulawayo_Branch,Soft White,305,RT_049,1.28,305
2025-01-19 04:02:00,STORE_108,Mutare_Branch,Soft White,298,RT_024,1.29,298
2025-05-03 15:28:56,STORE_110,Harare_Willowvale,Mini Rolls 6-Pack,250,RT_034,1.05,250
2025-01-12 09:04:21,STORE_077,Marondera_Depot,Soft White,246,RT_047,1.25,246
2025-07-19 17:24:59,STORE_089,Bulawayo_Branch,High Energy White,9,RT_049,1.47,9
2025-04-21 02:13:17,STORE_073,Bulawayo_Branch,Mini Rolls 6-Pack,165,RT_043,1.03,165
2025-01-28 02:52:25,STORE_004,Harare_Southerton,Wholegrain Brown,220,RT_035,1.43,220
2025-07-18 14:53:45,STORE_136,Chitungwiza_Depot,Soft White,173,RT_044,1.3,173
2025-06-05 17:50:44,STORE_019,Chitungwiza_Depot,Seed Loaf,36,RT_039,1.56,36
2025-12-05 00:00:00,STORE_090,Bindura_Depot,Buns 6-Pack,210,RT_004,1.05,210
2025-01-20 10:55:13,STORE_029,Bulawayo_Branch,Whole Wheat,144,RT_043,1.4,144
2025-03-28 20:14:36,STORE_136,Mutare_Branch,Soft White,90,RT_021,,90
2025-04-12 21:20:08,STORE_112,Harare_Southerton,Wholegrain Brown,120,RT_013,1.49,120
2025-05-06 13:25:38,STORE_112,Marondera_Depot,Seed Loaf,85,RT_010,1.7,85
2025-03-14 00:15:14,STORE_061,Masvingo_Branch,Soft White,98,RT_027,1.37,98
2025-03-29 16:15:27,STORE_067,Bindura_Depot,Whole Wheat,113,RT_035,1.46,113
2025-01-17 12:42:07,STORE_123,Bindura_Depot,Seed Loaf,37,RT_017,1.44,37
2025-04-19 15:49:22,STORE_021,Mutare_Branch,Mini Rolls 6-Pack,129,RT_015,1.05,129
2025-05-04 00:09:23,STORE_055,Marondera_Depot,Seed Loaf,5,RT_027,1.63,5
2025-04-29 23:32:57,STORE_083,Marondera_Depot,Mini Rolls 6-Pack,208,RT_040,1.17,208
2025-01-05 14:33:28,STORE_083,Harare_Willowvale,Family Loaf,43,RT_036,2.32,43
2025-01-17 20:17:45,STORE_009,Gweru_Branch,Buns 6-Pack,150,RT_021,1.18,150
2025-06-08 02:06:30,STORE_134,Marondera_Depot,Mini Rolls 6-Pack,54,RT_045,1.19,54
2025-02-23 23:09:03,STORE_019,Kwekwe_Depot,Soft White,269,RT_037,1.21,269
2025-01-14 10:54:56,STORE_070,Masvingo_Branch,Family Loaf,50,RT_003,2.32,50
2025-04-27 00:49:56,STORE_113,Masvingo_Branch,Family Loaf,114,RT_005,2.24,114
2025-07-22 02:04:21,STORE_016,Mutare_Branch,High Energy White,164,RT_042,1.46,164
2025-07-04 11:15:26,STORE_027,Gweru_Branch,Seed Loaf,173,RT_002,1.57,173
2025-05-09 16:51:51,STORE_081,Harare_Willowvale,Buns 6-Pack,139,RT_028,1.01,139
2025-07-30 12:37:06,STORE_139,Gweru_Branch,Soft White,117,RT_045,1.19,117
2025-06-13 15:35:08,STORE_075,Gweru_Branch,Seed Loaf,32,RT_039,1.57,32
2025-01-09 07:42:34,STORE_137,Kwekwe_Depot,SoftWhite,18,RT_001,1.34,18
2025-02-11 23:07:34,STORE_042,Marondera_Depot,Buns 6-Pack,38,RT_015,1.1,38
2025-05-11 14:57:58,STORE_040,Chitungwiza_Depot,Mini Rolls 6-Pack,230,RT_003,0.99,230
2025-02-09 05:14:05,STORE_004,Kwekwe_Depot,Wholegrain Brown,146,RT_013,1.35,146
2025-07-03 22:49:14,STORE_138,Bindura_Depot,Family Loaf,124,RT_010,2.19,124
2025-07-05 13:20:31,STORE_117,Marondera_Depot,Soft White,196,RT_035,1.23,196
2025-04-19 06:12:06,STORE_079,Masvingo_Branch,Buns 6-Pack,71,RT_043,1.2,71
2025-07-05 14:51:18,STORE_078,Harare_Willowvale,Buns 6-Pack,133,RT_028,1.1,133
2025-02-03 04:19:17,STORE_045,Chitungwiza_Depot,Soft White,8,RT_034,1.25,8
2025-05-26 14:50:22,STORE_012,Harare_Southerton,Soft White,267,RT_039,1.15,267
2025-02-27 21:40:28,STORE_130,Chitungwiza_Depot,High Energy White,79,RT_047,1.41,79
2025-04-14 10:56:46,STORE_091,Marondera_Depot,High Energy Brown,12,RT_009,1.39,12
2025-01-14 16:24:39,STORE_101,Marondera_Depot,High Energy White,142,RT_027,1.23,142
2025-01-10 17:46:58,STORE_048,Chitungwiza_Depot,High Energy Brown,82,RT_028,1.33,82
2025-07-26 04:25:56,STORE_119,Harare_Southerton,Buns 6-Pack,187,RT_031,1.1,187
2025-06-14 12:02:52,STORE_081,Mutare_Branch,High Energy Brown,283,RT_047,1.49,283
2025-07-08 00:39:09,STORE_034,Bulawayo_Branch,High Energy Brown,256,RT_049,1.24,256
2025-05-29 08:02:51,STORE_111,Gweru_Branch,High Energy White,23,RT_023,1.29,23
2025-02-19 15:33:59,STORE_098,Mutare_Branch,Mini Rolls 6-Pack,26,RT_025,1.03,26
2025-04-05 02:56:02,STORE_068,Bulawayo_Branch,Seed Loaf,318,RT_025,1.52,318
2025-06-01 22:34:20,STORE_015,Kwekwe_Depot,Whole Wheat,51,RT_001,1.59,51
2025-06-30 17:25:08,STORE_088,Kwekwe_Depot,Family Loaf,172,RT_037,2.1,172
2025-02-10 10:43:05,STORE_084,Gweru_Branch,High Energy White,208,RT_047,1.43,208
2025-03-25 15:00:06,STORE_081,Kwekwe_Depot,Buns 6-Pack,271,RT_033,1.17,271
2025-03-05 12:53:32,STORE_122,Gweru_Branch,Family Loaf,132,RT_042,2.4,132
2025-05-13 03:15:37,STORE_003,Kwekwe_Depot,Mini Rolls 6-Pack,214,RT_018,1.09,214
2025-07-09 09:41:23,STORE_002,Chitungwiza_Depot,Whole Wheat,72,RT_009,1.36,72
2025-06-07 11:23:24,STORE_079,Masvingo_Branch,Seed Loaf,273,RT_006,1.4,273
2025-02-06 18:45:02,STORE_064,Mutare_Branch,Seed Loaf,156,RT_047,1.68,156
2025-02-10 23:50:15,STORE_107,Kwekwe_Depot,Wholegrain Brown,114,RT_019,1.58,114
2025-06-24 15:55:51,STORE_115,Harare_Willowvale,Mini Rolls 6-Pack,161,RT_001,0.96,161
2025-05-18 01:56:07,STORE_014,Harare_Willowvale,Wholegrain Brown,21,RT_020,1.48,21
2025-01-27 16:44:08,STORE_030,Marondera_Depot,Seed Loaf,11,RT_007,1.43,11
2025-06-12 07:51:33,STORE_087,Bindura_Depot,High Energy White,92,RT_040,1.24,92
2025-03-16 00:41:59,STORE_095,Masvingo_Branch,Soft White,301,RT_039,1.28,301
2025-01-23 12:12:21,STORE_114,Chitungwiza_Depot,High Energy White,233,RT_011,1.49,233
2025-03-22 20:32:25,STORE_030,Marondera_Depot,Family Loaf,121,RT_048,2.4,121
2025-05-24 04:36:38,STORE_121,Bindura_Depot,Family Loaf,527,RT_042,2.35,527
2025-02-03 03:29:53,STORE_034,Kwekwe_Depot,Mini Rolls 6-Pack,150,RT_026,1.07,150
2025-06-26 02:34:57,STORE_139,Marondera_Depot,Family Loaf,42,RT_018,2.2,42
2025-04-17 15:43:23,STORE_015,Gweru_Branch,Seed Loaf,125,RT_012,1.5,125
2025-02-16 16:44:09,STORE_123,Bulawayo_Branch,High Energy Brown,259,RT_023,1.28,259
2025-07-09 10:36:00,STORE_093,Chitungwiza_Depot,Soft White,20,RT_035,1.38,20
2025-04-04 14:04:58,STORE_091,Marondera_Depot,High Energy White,88,RT_035,1.38,88
2025-03-29 05:25:24,STORE_080,Chitungwiza_Depot,Seed Loaf,198,RT_034,1.44,198
2025-03-31 14:37:17,STORE_070,Gweru_Branch,Family Loaf,45,RT_006,2.36,45
2025-06-29 15:36:12,STORE_044,Masvingo_Branch,High Energy White,203,RT_003,1.36,203
2025-04-26 20:13:07,STORE_040,Marondera_Depot,Wholegrain Brown,206,RT_045,1.46,206
2025-04-02 20:45:15,STORE_094,Harare_Southerton,Soft White,239,RT_002,1.11,239
2025-02-05 22:45:58,STORE_007,Masvingo_Branch,Mini Rolls 6-Pack,74,RT_043,1.19,74
2025-04-26 23:11:20,STORE_103,Harare_Southerton,Buns 6-Pack,142,RT_045,1.13,142
2025-07-04 01:24:37,STORE_122,Gweru_Branch,High Energy White,64,RT_034,1.41,64
2025-03-09 08:15:28,STORE_051,Bindura_Depot,Soft White,85,RT_012,1.22,85
2025-05-14 05:10:00,STORE_056,Masvingo_Branch,Soft White,291,RT_002,1.19,291
2025-04-27 14:35:01,STORE_102,Harare_Willowvale,Whole Wheat,243,RT_026,1.47,243
2025-01-11 01:39:13,STORE_040,Harare_Southerton,High Energy White,227,RT_033,1.27,227
2025-03-06 01:24:53,STORE_029,Mutare_Branch,Soft White,209,RT_017,1.24,209
2025-02-04 03:55:20,STORE_003,Masvingo_Branch,High Energy Brown,104,RT_032,1.5,104
2025-06-02 15:07:57,STORE_040,Chitungwiza_Depot,Seed Loaf,234,RT_041,1.47,234
2025-05-04 23:56:45,STORE_078,Masvingo_Branch,High Energy White,319,RT_038,1.29,319
2025-04-09 05:13:34,STORE_084,Bulawayo_Branch,Seed Loaf,52,RT_001,1.54,52
2025-02-07 16:59:43,STORE_026,Marondera_Depot,High Energy Brown,209,RT_014,1.22,209
2025-07-11 10:51:11,STORE_118,Masvingo_Branch,Soft White,300,RT_044,1.37,300
2025-02-08 13:15:22,STORE_057,Mutare_Branch,Wholegrain Brown,178,RT_030,1.35,178
2025-04-04 11:50:13,STORE_125,Bindura_Depot,Soft White,260,RT_024,1.2,260
2025-03-30 22:55:27,STORE_077,Bulawayo_Branch,Buns 6-Pack,250,RT_031,1.04,250
2025-05-11 16:14:52,STORE_065,Bulawayo_Branch,Family Loaf,75,RT_010,2.34,75
2025-04-07 04:15:40,STORE_001,Chitungwiza_Depot,Family Loaf,200,RT_042,2.31,200
2025-01-16 09:37:37,STORE_104,Marondera_Depot,Buns 6-Pack,202,RT_001,1.18,202
2025-01-10 06:10:00,STORE_069,Mutare_Branch,High Energy Brown,269,RT_038,1.36,269
2025-04-09 19:10:39,STORE_132,Chitungwiza_Depot,Buns 6-Pack,295,RT_002,1.18,295
2025-03-11 10:04:05,STORE_024,Marondera_Depot,High Energy Brown,58,RT_036,1.47,58
2025-03-07 07:44:06,STORE_078,Harare_Southerton,Whole Wheat,284,RT_030,1.55,284
2025-06-16 15:47:36,STORE_099,Marondera_Depot,High Energy Brown,126,RT_041,1.42,126
2025-03-24 00:18:24,STORE_114,Chitungwiza_Depot,High Energy White,112,RT_012,1.4,112
2025-02-03 06:09:42,STORE_087,Bulawayo_Branch,High Energy Brown,155,RT_033,1.49,155
2025-05-28 04:07:09,STORE_080,Bulawayo_Branch,Whole Wheat,265,RT_039,1.54,265
2025-05-31 08:05:57,STORE_068,Bulawayo_Branch,Wholegrain Brown,208,RT_016,1.42,208
2025-04-08 10:07:13,STORE_003,Harare_Southerton,Family Loaf,22,RT_022,2.25,22
2025-04-09 22:19:56,STORE_066,Kwekwe_Depot,Whole Wheat,313,RT_011,1.52,313
2025-01-29 08:07:46,STORE_053,Masvingo_Branch,High Energy White,298,RT_006,1.24,298
2025-01-06 03:03:51,STORE_017,Mutare_Branch,Family Loaf,20,RT_019,2.3,20
2025-07-28 06:19:09,STORE_117,Bulawayo_Branch,Seed Loaf,176,RT_020,1.67,176
2025-01-23 22:37:23,STORE_138,Masvingo_Branch,High Energy White,17,RT_047,1.49,17
2025-06-26 07:26:02,STORE_017,Masvingo_Branch,Buns 6-Pack,105,RT_039,1.26,105
2025-03-27 09:22:55,STORE_007,Kwekwe_Depot,Seed Loaf,36,RT_028,1.55,36
2025-04-27 15:05:32,STORE_076,Harare_Southerton,Mini Rolls 6-Pack,300,RT_005,1.0,300
2025-05-29 00:29:40,STORE_045,Gweru_Branch,High Energy Brown,251,RT_001,1.39,251
2025-07-15 15:23:38,STORE_031,Marondera_Depot,Mini Rolls 6-Pack,133,RT_040,1.06,133
2025-03-15 08:05:56,STORE_112,Kwekwe_Depot,Mini Rolls 6-Pack,45,RT_015,0.96,45
2025-05-10 13:29:41,STORE_055,Chitungwiza_Depot,High Energy Brown,99,RT_015,1.35,99
2025-01-01 13:57:52,STORE_096,Harare_Willowvale,Soft White,107,RT_012,1.34,107
2025-06-04 18:12:52,STORE_039,Bulawayo_Branch,Family Loaf,161,RT_014,2.31,161
2025-04-06 16:16:42,STORE_016,Kwekwe_Depot,Wholegrain Brown,115,RT_040,1.41,115
2025-04-09 23:02:42,STORE_013,Bulawayo_Branch,Family Loaf,55,RT_012,2.3,55
2025-06-12 08:24:04,STORE_087,Chitungwiza_Depot,Wholegrain Brown,213,RT_029,1.51,213
2025-05-18 22:44:21,STORE_036,Masvingo_Branch,Seed Loaf,288,RT_028,1.65,288
2025-06-19 06:53:25,STORE_111,Mutare_Branch,Mini Rolls 6-Pack,92,RT_035,1.16,92
2025-07-05 09:06:32,STORE_015,Gweru_Branch,High Energy White,110,RT_031,1.34,110
2025-05-31 04:02:29,STORE_044,Marondera_Depot,Whole Wheat,259,,1.62,259
2025-01-23 00:38:44,STORE_026,Mutare_Branch,Whole Wheat,292,RT_009,1.35,292
2025-03-13 09:29:23,STORE_110,Mutare_Branch,Seed Loaf,188,RT_047,1.61,188
2025-03-07 09:16:36,STORE_127,Harare_Willowvale,High Energy White,46,RT_014,1.35,46
2025-03-31 17:25:42,STORE_135,Marondera_Depot,Soft White,6,RT_033,1.31,6
2025-06-03 07:20:26,STORE_052,Chitungwiza_Depot,High Energy White,19,RT_047,1.38,19
2025-02-26 04:52:00,STORE_037,Gweru_Branch,Buns 6-Pack,218,RT_005,1.02,218
2025-02-16 05:09:02,STORE_082,Mutare_Branch,High Energy White,284,RT_018,1.3,284
2025-01-30 18:01:06,STORE_080,Gweru_Branch,Soft White,155,RT_049,1.34,155
2025-03-28 05:55:47,STORE_139,Gweru_Branch,Wholegrain Brown,253,RT_023,1.3,253
2025-01-21 13:25:05,STORE_053,Harare_Southerton,Whole Wheat,147,RT_033,1.37,147
2025-03-10 09:02:06,STORE_126,Harare_Southerton,High Energy White,235,RT_008,1.43,235
2025-07-13 19:57:56,STORE_020,Marondera_Depot,Whole Wheat,65,RT_010,1.38,65
2025-03-22 14:39:05,STORE_053,Chitungwiza_Depot,High Energy White,26,RT_004,1.46,26
2025-01-31 03:25:25,STORE_103,Kwekwe_Depot,High Energy Brown,178,RT_038,1.41,178
2025-07-20 18:29:40,STORE_011,Marondera_Depot,High Energy Brown,283,RT_030,1.42,283
2025-05-06 10:40:06,STORE_013,Masvingo_Branch,Whole Wheat,255,RT_006,1.49,255
2025-03-02 09:06:53,STORE_013,Mutare_Branch,Wholegrain Brown,292,RT_005,1.53,292
2025-03-14 12:38:03,STORE_023,Mutare_Branch,Buns 6-Pack,259,RT_043,1.25,259
2025-01-09 11:57:55,STORE_082,Harare_Southerton,Soft White,73,RT_024,1.15,73
2025-07-18 06:36:47,STORE_020,Kwekwe_Depot,Wholegrain Brown,195,RT_029,1.42,195
2025-01-06 14:31:13,STORE_102,Kwekwe_Depot,Seed Loaf,104,RT_016,1.49,104
2025-02-20 20:44:03,STORE_050,Chitungwiza_Depot,Wholegrain Brown,7,RT_043,1.33,7
2025-05-23 07:54:41,STORE_001,Marondera_Depot,Whole Wheat,138,RT_034,1.65,138
2025-06-19 03:13:22,STORE_106,Masvingo_Branch,Buns 6-Pack,63,RT_022,1.22,63
2025-02-11 15:54:56,STORE_019,Masvingo_Branch,Buns 6-Pack,283,RT_032,1.17,283
2025-02-06 02:08:33,STORE_003,Gweru_Branch,Family Loaf,17,RT_003,2.34,17
2025-02-13 10:05:31,STORE_107,Kwekwe_Depot,Wholegrain Brown,137,RT_023,1.39,137
2025-04-10 14:50:09,STORE_134,Chitungwiza_Depot,Soft White,289,RT_033,1.31,289
2025-04-24 10:57:10,STORE_105,Masvingo_Branch,High Energy Brown,299,RT_045,1.39,299
2025-03-12 00:00:00,STORE_016,Bulawayo_Branch,Buns 6-Pack,83,RT_030,1.12,83
2025-02-25 15:32:51,STORE_071,Gweru_Branch,Mini Rolls 6-Pack,207,RT_041,1.14,207
2025-04-24 09:56:23,STORE_045,Marondera_Depot,Buns 6-Pack,241,RT_005,1.11,241
2025-06-08 19:53:36,STORE_110,Masvingo_Branch,Sugar2kg,213,RT_025,1.31,213
2025-07-12 15:17:59,STORE_135,Bulawayo_Branch,Seed Loaf,50,RT_045,1.69,50
2025-02-04 06:27:21,STORE_105,Bindura_Depot,Mini Rolls 6-Pack,126,RT_036,1.07,126
2025-07-08 08:23:26,STORE_022,Bulawayo_Branch,High Energy White,89,RT_030,1.49,89
2025-05-07 17:30:45,STORE_056,Mutare_Branch,Seed Loaf,314,RT_002,1.49,314
2025-03-01 14:43:26,STORE_058,Kwekwe_Depot,Family Loaf,92,RT_041,2.19,92
2025-06-10 00:33:17,STORE_120,Bulawayo_Branch,Mini Rolls 6-Pack,229,RT_033,1.13,229
2025-07-03 10:21:55,STORE_139,Bulawayo_Branch,Seed Lof,83,RT_021,1.5,83
2025-01-10 13:05:26,STORE_073,Marondera_Depot,Seed Loaf,16,RT_009,1.49,16
2025-07-25 11:09:15,STORE_085,Mutare_Branch,Whole Wheat,73,RT_033,1.53,73
2025-03-05 09:54:38,STORE_060,Mutare_Branch,Family Loaf,93,RT_003,2.36,93
2025-01-14 12:13:28,STORE_028,Chitungwiza_Depot,Buns 6-Pack,298,RT_014,1.23,298
2025-05-10 01:49:13,STORE_068,Gweru_Branch,Wholegrain Brown,234,RT_041,1.47,234
2025-03-20 09:54:30,STORE_078,Marondera_Depot,High Energy Brown,73,RT_021,1.21,73
2025-06-07 13:10:05,STORE_001,Bulawayo_Branch,Mini Rolls 6-Pack,154,RT_018,1.1,154
2025-06-17 17:58:49,STORE_097,Kwekwe_Depot,Soft White,89,RT_013,1.11,89
2025-07-27 21:39:36,STORE_106,Harare_Southerton,Buns 6-Pack,43,RT_025,1.1,43
2025-03-17 08:00:56,STORE_091,Masvingo_Branch,Family Loaf,143,RT_021,2.19,143
2025-04-04 18:47:53,STORE_128,Masvingo_Branch,Buns 6-Pack,144,RT_017,1.05,144
2025-05-25 03:19:40,STORE_005,Kwekwe_Depot,High Energy Brown,166,RT_047,1.44,166
2025-03-26 13:20:26,STORE_133,Chitungwiza_Depot,High Energy White,243,RT_027,1.38,243
2025-07-24 13:52:16,STORE_080,Marondera_Depot,Family Loaf,234,RT_047,2.3,234
2025-05-04 05:48:05,STORE_002,Chitungwiza_Depot,Buns 6-Pack,32,RT_037,1.23,32
2025-06-07 06:19:47,STORE_118,Gweru_Branch,High Energy White,265,RT_007,1.46,265
2025-03-20 00:45:35,STORE_073,Mutare_Branch,Family Loaf,227,RT_012,2.36,227
2025-01-09 16:53:13,STORE_071,Kwekwe_Depot,High Energy White,124,RT_033,1.33,124
2025-05-26 03:29:31,STORE_071,Harare_Willowvale,Buns 6-Pack,222,RT_040,1.03,222
2025-03-04 14:22:00,STORE_020,Kwekwe_Depot,Whole Wheat,291,RT_013,1.65,291
2025-01-21 19:15:55,STORE_137,Kwekwe_Depot,Soft White,200,RT_035,1.29,200
2025-03-28 07:23:05,STORE_135,Bindura_Depot,High Energy Brown,202,RT_016,1.43,202
2025-05-20 17:02:46,STORE_089,Bulawayo_Branch,Family Loaf,269,RT_029,2.2,269
2025-05-16 02:03:59,STORE_011,Kwekwe_Depot,High Energy White,27,RT_039,1.25,27
2025-03-25 20:32:16,STORE_128,Kwekwe_Depot,High Energy Brown,291,RT_035,1.38,291
2025-07-16 22:13:35,STORE_139,Masvingo_Branch,Seed Loaf,233,RT_022,1.51,233
2025-04-01 16:19:27,STORE_103,Kwekwe_Depot,Family Loaf,180,RT_042,,180
2025-05-29 15:24:19,STORE_035,Harare_Willowvale,Buns 6-Pack,187,RT_024,1.04,187
2025-04-06 21:11:08,STORE_030,Marondera_Depot,Wholegrain Brown,287,RT_010,1.36,287
2025-03-17 16:17:35,STORE_084,Masvingo_Branch,Mini Rolls 6-Pack,77,RT_016,1.11,77
2025-02-21 01:17:34,STORE_128,Bulawayo_Branch,High Energy Brown,202,RT_019,1.37,202
2025-02-09 06:47:00,STORE_051,Chitungwiza_Depot,Soft White,10,RT_025,1.25,10
2025-04-12 15:50:06,STORE_076,Gweru_Branch,Wholegrain Brown,179,RT_041,1.56,179
2025-06-15 10:23:56,STORE_037,Chitungwiza_Depot,Family Loaf,219,RT_007,2.23,219
2025-03-09 15:44:07,STORE_015,Masvingo_Branch,Buns 6-Pack,210,RT_028,1.2,210
2025-07-09 11:16:33,STORE_137,Marondera_Depot,Whole Wheat,257,RT_047,1.59,257
2025-01-27 13:53:17,STORE_088,Chitungwiza_Depot,Wholegrain Brown,312,RT_028,1.42,312
2025-05-15 01:45:43,STORE_058,Harare_Willowvale,Mini Rolls 6-Pack,11,RT_048,1.11,11
2025-07-02 23:52:24,STORE_132,Masvingo_Branch,High Energy Brown,60,RT_028,1.33,60
2025-03-07 22:56:58,STORE_037,Marondera_Depot,Wholegrain Brown,123,RT_011,1.58,123
2025-01-16 15:44:55,STORE_025,Marondera_Depot,Wholegrain Brown,114,RT_048,1.52,114
2025-05-08 15:45:13,STORE_054,Bulawayo_Branch,Seed Loaf,196,RT_049,1.56,196
2025-06-01 12:49:34,STORE_073,Harare_Southerton,High Energy Brown,302,RT_049,1.31,302
2025-07-18 15:51:25,STORE_139,Marondera_Depot,Wholegrain Brown,22,RT_017,1.59,22
2025-01-14 13:29:18,STORE_035,Kwekwe_Depot,Mini Rolls 6-Pack,253,RT_010,1.18,253
2025-05-13 19:36:58,STORE_053,Harare_Southerton,High Energy White,117,RT_013,1.34,117
2025-01-03 14:24:55,STORE_128,Masvingo_Branch,Soft White,241,RT_015,1.13,241
2025-01-13 17:26:17,STORE_132,Harare_Southerton,Mini Rolls 6-Pack,171,RT_013,0.95,171
2025-03-04 17:15:52,STORE_071,Bulawayo_Branch,Whole Wheat,274,RT_046,1.41,274
2025-06-21 17:32:48,STORE_032,Bulawayo_Branch,Seed Loaf,43,RT_019,1.53,43
2025-06-16 09:39:40,STORE_130,Bindura_Depot,Wholegrain Brown,156,RT_005,1.48,156
2025-05-28 10:21:35,STORE_011,Harare_Willowvale,Seed Loaf,126,RT_038,1.6,126
2025-04-26 16:02:06,STORE_023,Marondera_Depot,Soft White,125,RT_008,1.25,125
2025-05-28 09:50:41,STORE_134,Gweru_Branch,Wholegrain Brown,101,RT_048,1.51,101
2025-06-29 14:04:12,STORE_114,Chitungwiza_Depot,Whole Wheat,280,RT_014,1.39,280
2025-05-14 05:38:23,STORE_121,Gweru_Branch,Wholegrain Brown,40,RT_004,1.45,40
2025-05-25 23:13:06,STORE_003,Bindura_Depot,Seed Loaf,23,RT_039,1.53,23
2025-02-12 10:58:00,STORE_055,Harare_Willowvale,Wholegrain Brown,243,RT_002,1.38,243
2025-04-04 04:39:24,STORE_047,Harare_Southerton,Wholegrain Brown,49,RT_035,1.49,49
2025-01-17 04:41:38,STORE_027,Bindura_Depot,Whole Wheat,82,RT_014,1.45,82
2025-06-30 17:29:12,STORE_038,Masvingo_Branch,Buns 6-Pack,171,RT_032,1.07,171
2025-07-04 18:52:07,STORE_094,Harare_Southerton,Buns 6-Pack,124,RT_031,1.06,124
2025-03-06 02:35:17,STORE_133,Marondera_Depot,Soft White,279,RT_043,1.3,279
2025-01-22 22:13:40,STORE_066,Chitungwiza_Depot,Wholegrain Brown,50,RT_046,1.43,50
2025-05-01 14:11:37,STORE_118,Kwekwe_Depot,Family Loaf,34,RT_043,2.26,34
2025-06-14 01:57:16,STORE_092,Chitungwiza_Depot,Soft White,239,RT_032,1.38,239
2025-05-11 07:31:17,STORE_012,Bindura_Depot,Soft White,78,RT_001,1.29,78
2025-04-13 00:53:15,STORE_076,Marondera_Depot,Seed Loaf,240,RT_032,1.43,240
2025-06-04 20:34:19,STORE_053,Chitungwiza_Depot,Wholegrain Brown,20,RT_047,1.46,20
2025-01-14 21:25:46,STORE_042,Masvingo_Branch,Seed Loaf,74,RT_021,1.64,74
2025-06-16 09:49:06,STORE_138,Marondera_Depot,High Energy White,154,RT_036,1.43,154
2025-07-04 19:34:23,STORE_129,Gweru_Branch,High Energy Brown,122,RT_003,1.36,122
2025-01-09 02:35:27,STORE_091,Chitungwiza_Depot,Family Loaf,96,RT_028,2.22,96
2025-05-01 12:03:12,STORE_037,Harare_Willowvale,Whole Wheat,39,RT_031,1.64,39
2025-04-21 11:44:23,STORE_136,Mutare_Branch,Mini Rolls 6-Pack,77,RT_009,1.02,77
2025-06-21 07:08:19,STORE_086,Marondera_Depot,High Energy White,7,RT_043,1.5,7
2025-05-15 10:24:26,STORE_124,Harare_Southerton,Seed Loaf,240,RT_028,1.53,240
2025-04-21 12:42:45,STORE_008,Kwekwe_Depot,Wholegrain Brown,211,RT_040,1.4,211
2025-06-09 09:50:42,STORE_063,Mutare_Branch,Whole Wheat,205,RT_045,1.56,205
2025-04-03 07:06:50,STORE_085,Mutare_Branch,Soft White,14,RT_040,1.11,14
2025-03-12 22:49:18,STORE_056,Bindura_Depot,High Energy White,237,RT_018,1.29,237
2025-05-26 10:21:20,STORE_124,Harare_Southerton,Seed Loaf,21,RT_028,1.49,21
2025-03-15 14:10:34,STORE_116,Bindura_Depot,Buns 6-Pack,144,RT_008,1.01,144
2025-07-19 00:40:34,STORE_079,Chitungwiza_Depot,Buns 6-Pack,139,RT_021,1.04,139
2025-04-29 06:34:56,STORE_094,Masvingo_Branch,Buns 6-Pack,198,RT_022,1.15,198
2025-04-30 07:58:00,STORE_061,Harare_Willowvale,Mini Rolls 6-Pack,30,RT_003,,30
2025-03-20 07:01:22,STORE_111,Marondera_Depot,Wholegrain Brown,82,RT_007,1.52,82
2025-01-20 18:08:50,STORE_127,Marondera_Depot,Whole Wheat,128,RT_001,1.41,128
2025-05-18 12:11:47,STORE_084,Chitungwiza_Depot,High Energy White,249,RT_015,1.37,249
2025-07-14 15:39:27,STORE_050,Kwekwe_Depot,High Energy Brown,198,RT_015,,198
2025-05-31 05:04:52,STORE_119,Gweru_Branch,Buns 6-Pack,57,RT_042,1.2,57
2025-01-31 09:43:34,STORE_004,Bindura_Depot,Mini Rolls 6-Pack,207,RT_033,1.1,207
2025-02-03 04:19:52,STORE_009,Kwekwe_Depot,Buns 6-Pack,7,RT_035,1.07,7
2025-04-05 09:11:18,STORE_090,Bindura_Depot,Buns 6-Pack,165,RT_009,1.04,165
2025-06-20 21:24:25,STORE_010,Mutare_Branch,Wholegrain Brown,299,RT_029,1.56,299
2025-03-26 07:51:20,STORE_139,Marondera_Depot,Whole Wheat,290,RT_002,1.55,290
2025-07-04 04:58:29,STORE_104,Mutare_Branch,Family Loaf,41,RT_048,2.13,41
2025-04-19 19:54:47,STORE_012,Marondera_Depot,Wholegrain Brown,17,RT_013,1.4,17
2025-02-15 12:23:33,STORE_007,Kwekwe_Depot,High Energy White,245,RT_027,1.48,245
2025-02-09 12:14:14,STORE_112,Masvingo_Branch,High Energy White,104,RT_042,1.48,104
2025-05-09 16:57:33,STORE_100,Harare_Southerton,High Energy Brown,70,RT_015,1.39,70
2025-04-05 19:57:01,STORE_030,Harare_Willowvale,Buns 6-Pack,207,RT_016,1.21,207
2025-03-06 17:50:13,STORE_017,Bulawayo_Branch,Seed Loaf,103,RT_035,1.69,103
2025-03-20 17:13:16,STORE_083,Harare_Southerton,Seed Loaf,317,RT_008,1.62,317
2025-03-12 08:10:49,STORE_011,Mutare_Branch,High Energy Brown,271,RT_002,1.4,271
2025-07-22 10:02:12,STORE_029,Harare_Southerton,Whole Wheat,304,RT_022,1.63,304
2025-06-07 04:55:13,STORE_018,Harare_Willowvale,Soft White,269,RT_045,1.34,269
2025-02-08 21:36:06,STORE_113,Marondera_Depot,Wholegrain Brown,154,RT_011,1.53,154
2025-02-14 10:39:33,STORE_098,Harare_Southerton,Seed Loaf,28,,1.55,28
2025-03-06 05:50:16,STORE_005,Chitungwiza_Depot,Whole Wheat,302,RT_009,1.5,302
2025-03-25 03:47:52,STORE_040,Marondera_Depot,Seed Loaf,89,RT_044,1.45,89
2025-06-03 05:08:43,STORE_139,Harare_Southerton,Soft White,130,RT_005,1.15,130
2025-01-10 01:53:22,STORE_046,Bulawayo_Branch,Buns 6-Pack,293,RT_042,1.03,293
2025-06-07 07:46:21,STORE_080,Gweru_Branch,Seed Loaf,140,RT_023,1.6,140
2025-05-25 16:01:38,STORE_009,Masvingo_Branch,Whole Wheat,168,RT_036,1.4,168
2025-01-03 13:30:21,STORE_033,Kwekwe_Depot,High Energy White,17,RT_008,1.36,17
2025-04-23 22:42:39,STORE_034,Mutare_Branch,High Energy White,226,RT_029,1.31,226
2025-06-19 20:16:58,STORE_046,Gweru_Branch,Whole Wheat,87,RT_008,1.37,87
2025-03-04 15:07:43,STORE_058,Bulawayo_Branch,Family Loaf,164,RT_042,2.21,164
2025-03-17 06:48:34,STORE_039,Masvingo_Branch,Whole grain Brown,299,RT_036,1.54,299
2025-03-15 19:46:24,STORE_053,Masvingo_Branch,High Energy White,118,RT_002,1.45,118
2025-02-22 12:52:50,STORE_077,Marondera_Depot,Soft White,177,RT_024,1.27,177
2025-02-26 19:37:27,STORE_112,Bulawayo_Branch,Family Loaf,245,RT_042,2.22,245
2025-07-02 02:19:21,STORE_011,Mutare_Branch,Wholegrain Brown,138,RT_009,1.56,138
2025-02-06 19:07:29,STORE_016,Kwekwe_Depot,Family Loaf,204,RT_006,2.23,204
2025-04-05 19:13:18,STORE_035,Harare_Southerton,Mini Rolls 6-Pack,167,RT_012,1.11,167
2025-07-14 09:44:53,STORE_021,Bulawayo_Branch,Seed Loaf,314,RT_020,1.5,314
2025-01-31 03:50:22,STORE_006,Gweru_Branch,Wholegrain Brown,154,RT_039,1.58,154
2025-05-04 04:29:04,STORE_042,Bindura_Depot,Soft White,104,RT_004,1.39,104
2025-01-20 12:22:30,STORE_070,Kwekwe_Depot,Seed Loaf,32,RT_041,1.57,32
2025-07-01 17:15:26,STORE_056,Bindura_Depot,Whole grain Brown,9,RT_028,1.39,9
2025-03-03 20:34:51,STORE_040,Masvingo_Branch,Mini Rolls 6-Pack,301,RT_015,1.01,301
2025-06-02 09:12:35,STORE_132,Chitungwiza_Depot,Soft White,230,RT_020,1.14,230
2025-07-23 20:22:54,STORE_119,Gweru_Branch,Soft White,27,RT_029,1.28,27
2025-02-28 01:12:31,STORE_009,Kwekwe_Depot,High Energy White,99,RT_025,1.23,99
2025-07-03 13:51:10,STORE_023,Harare_Southerton,Buns 6-Pack,163,RT_049,1.03,163
2025-05-29 10:18:14,STORE_110,Bulawayo_Branch,Wholegrain Brown,195,RT_031,1.52,195
2025-05-10 20:24:02,STORE_030,Bulawayo_Branch,Seed Loaf,272,RT_019,1.64,272
2025-03-29 16:28:46,STORE_009,Bindura_Depot,Buns 6-Pack,273,RT_014,1.18,273
2025-03-26 22:50:38,STORE_103,Harare_Willowvale,Wholegrain Brown,156,RT_008,1.46,156
2025-05-25 10:13:03,STORE_022,Harare_Willowvale,Wholegrain Brown,8,RT_047,1.42,8
2025-01-25 11:25:32,STORE_022,Harare_Willowvale,Soft White,263,RT_034,1.15,263
2025-07-29 13:59:04,STORE_014,Harare_Willowvale,High Energy Brown,4,RT_037,1.38,4
2025-03-29 03:25:31,STORE_037,Gweru_Branch,High Energy Brown,137,RT_032,1.48,137
2025-07-26 08:40:41,STORE_139,Harare_Willowvale,Buns 6-Pack,223,RT_025,1.22,223
2025-05-29 14:15:35,STORE_048,Marondera_Depot,Wholegrain Brown,71,RT_021,1.58,71
2025-06-12 12:12:59,STORE_019,Kwekwe_Depot,Mini Rolls 6-Pack,13,RT_042,1.16,13
2025-06-30 13:36:51,STORE_005,Harare_Southerton,High Energy White,317,RT_047,1.34,317
2025-06-27 08:24:36,STORE_116,Bindura_Depot,Family Loaf,33,RT_029,2.18,33
2025-05-22 14:48:03,STORE_005,Bulawayo_Branch,Milk1L,172,RT_046,1.37,172
2025-07-14 09:40:08,STORE_074,Marondera_Depot,Buns 6-Pack,294,RT_026,1.0,294
2025-03-12 23:43:21,STORE_102,Mutare_Branch,High Energy Brown,243,RT_049,1.21,243
2025-01-25 00:10:42,STORE_022,Bindura_Depot,Buns 6-Pack,316,RT_038,1.25,316
2025-02-06 06:53:30,STORE_035,Mutare_Branch,High Energy White,303,RT_038,1.46,303
2025-07-21 20:38:14,STORE_098,Bindura_Depot,High Energy White,107,RT_033,1.5,107
2025-06-09 17:35:09,STORE_055,Bindura_Depot,High Energy Brown,297,RT_042,1.24,297
2025-02-16 00:40:08,STORE_078,Marondera_Depot,Buns 6-Pack,67,RT_019,1.27,67
2025-01-27 20:52:34,STORE_016,Harare_Willowvale,Family Loaf,88,RT_021,2.24,88
2025-05-29 08:38:51,STORE_081,Harare_Willowvale,Wholegrain Brown,206,RT_031,1.36,206
2025-04-27 18:11:52,STORE_046,Mutare_Branch,High Energy Brown,300,RT_044,1.42,300
2025-05-21 12:14:27,STORE_064,Marondera_Depot,Seed Loaf,94,RT_001,1.51,94
2025-04-28 21:12:31,STORE_136,Gweru_Branch,Family Loaf,146,RT_042,2.11,146
2025-02-02 18:15:27,STORE_060,Bulawayo_Branch,Family Loaf,22,RT_048,2.38,22
2025-01-29 11:58:02,STORE_082,Bulawayo_Branch,High Energy Brown,248,RT_021,1.47,248
2025-05-31 15:10:46,STORE_111,Masvingo_Branch,Whole Wheat,276,RT_002,1.63,276
2025-03-13 18:12:31,STORE_046,Harare_Willowvale,Mini Rolls 6-Pack,43,RT_031,1.14,43
2025-06-23 17:43:11,STORE_064,Bindura_Depot,Family Loaf,228,RT_012,2.16,228
2025-01-03 02:01:56,STORE_115,Harare_Southerton,High Energy Brown,183,RT_018,1.3,183
2025-01-30 10:30:40,STORE_105,Harare_Willowvale,Seed Loaf,133,RT_020,1.68,133
2025-06-30 21:11:48,STORE_088,Mutare_Branch,Soft White,180,RT_028,1.35,180
2025-07-17 18:33:11,STORE_095,Chitungwiza_Depot,Whole Wheat,219,RT_022,1.57,219
2025-04-12 04:53:59,STORE_111,Gweru_Branch,Buns 6-Pack,48,RT_026,1.07,48
2025-05-05 19:33:34,STORE_032,Harare_Southerton,Buns 6-Pack,76,RT_001,1.2,76
2025-01-02 14:38:38,STORE_064,Harare_Willowvale,Mini Rolls 6-Pack,10,RT_043,1.1,10
2025-02-14 19:16:58,STORE_044,Gweru_Branch,WholgrainBrown,30,RT_009,1.39,30
2025-02-07 08:59:58,STORE_074,Mutare_Branch,Wholegrain Brown,290,RT_027,1.53,290
2025-03-04 03:57:25,STORE_064,Harare_Willowvale,Whole Wheat,233,RT_041,1.41,233
2025-06-15 12:39:36,STORE_016,Bulawayo_Branch,Mini Rolls 6-Pack,192,RT_019,1.17,192
2025-01-27 20:12:04,STORE_064,Marondera_Depot,Seed Loaf,118,RT_021,1.67,118
2025-07-11 18:19:26,STORE_012,Kwekwe_Depot,High Energy Brown,107,RT_046,1.45,107
2025-02-17 05:06:02,STORE_046,Mutare_Branch,Whole Wheat,194,RT_041,1.58,194
2025-07-07 03:01:10,STORE_076,Bindura_Depot,Wholegrain Brown,86,RT_001,1.57,86
2025-01-21 10:59:48,STORE_077,Bindura_Depot,Seed Loaf,14,RT_047,1.51,14
2025-07-20 04:21:46,STORE_108,Chitungwiza_Depot,Mini Rolls 6-Pack,12,RT_008,0.94,12
2025-03-22 08:24:23,STORE_010,Gweru_Branch,High Energy White,150,RT_049,1.5,150
2025-07-04 00:47:56,STORE_035,Gweru_Branch,Mini Rolls 6-Pack,98,RT_024,0.92,98
2025-02-25 14:23:49,STORE_050,Bulawayo_Branch,Buns 6-Pack,128,RT_046,1.24,128
2025-01-20 02:15:29,STORE_131,Harare_Willowvale,Whole Wheat,268,RT_048,1.5,268
2025-01-29 00:43:11,STORE_040,Mutare_Branch,Mini Rolls 6-Pack,163,RT_039,1.03,163
2025-02-06 10:19:33,STORE_135,Masvingo_Branch,Wholegrain Brown,88,RT_027,1.47,88
2025-04-19 05:31:00,STORE_022,Mutare_Branch,High Energy White,88,RT_017,1.4,88
2025-02-07 23:30:01,STORE_070,Bindura_Depot,High Energy White,195,RT_032,1.4,195
2025-06-01 20:54:58,STORE_139,Gweru_Branch,High Energy White,28,RT_019,1.2,28
2025-02-20 17:53:52,STORE_070,Bulawayo_Branch,High Energy White,45,RT_013,1.45,45
2025-05-23 00:33:52,STORE_128,Bindura_Depot,High Energy White,169,RT_015,1.4,169
2025-07-22 02:42:34,STORE_109,Chitungwiza_Depot,Seed Loaf,245,RT_003,1.65,245
2025-01-04 03:59:51,STORE_030,Masvingo_Branch,Soft White,137,RT_024,1.16,137
2025-03-02 09:41:47,STORE_006,Mutare_Branch,Buns 6-Pack,232,RT_029,1.23,232
2025-02-22 02:24:21,STORE_137,Harare_Willowvale,Wholegrain Brown,12,RT_025,1.58,12
2025-03-31 10:13:29,STORE_047,Bindura_Depot,Soft White,281,RT_024,1.26,281
2025-06-12 19:53:39,STORE_137,Marondera_Depot,Seed Loaf,302,RT_017,1.64,302
2025-06-09 11:18:44,STORE_056,Harare_Willowvale,Mini Rolls 6-Pack,201,RT_048,0.91,201
2025-06-23 23:45:54,STORE_039,Chitungwiza_Depot,Whole Wheat,89,RT_046,1.64,89
2025-07-08 07:44:23,STORE_081,Gweru_Branch,High Energy Brown,20,RT_011,1.48,20
2025-06-29 16:53:18,STORE_076,Mutare_Branch,Buns 6-Pack,199,RT_014,1.2,199
2025-02-05 12:48:52,STORE_037,Chitungwiza_Depot,Wholegrain Brown,116,RT_018,1.47,116
2025-02-13 11:11:30,STORE_059,Bindura_Depot,Whole Wheat,114,RT_048,1.46,114
2025-07-20 16:52:02,STORE_021,Harare_Southerton,Seed Loaf,182,RT_007,1.47,182
2025-07-13 02:32:55,STORE_019,Kwekwe_Depot,Mini Rolls 6-Pack,118,RT_041,1.17,118
2025-02-10 04:28:28,STORE_104,Marondera_Depot,High Energy White,153,RT_039,1.39,153
2025-07-23 20:19:41,STORE_099,Marondera_Depot,Seed Loaf,128,RT_022,1.48,128
2025-06-24 00:52:30,STORE_116,Bulawayo_Branch,High Energy Brown,184,RT_029,1.3,184
2025-01-03 16:55:25,STORE_087,Gweru_Branch,Soft White,253,RT_023,1.25,253
2025-03-11 02:15:09,STORE_016,Chitungwiza_Depot,High Energy Brown,238,RT_048,1.23,238
2025-01-14 10:24:35,STORE_088,Gweru_Branch,Seed Loaf,19,RT_044,1.51,19
2025-02-03 07:46:30,STORE_078,Marondera_Depot,Soft White,72,RT_024,1.15,72
2025-06-06 06:25:50,STORE_040,Mutare_Branch,Buns 6-Pack,137,RT_031,1.03,137
2025-06-06 16:01:06,STORE_125,Harare_Southerton,SeedLoaf,82,RT_026,1.41,82
2025-02-20 11:58:09,STORE_128,Chitungwiza_Depot,High Energy White,157,RT_040,1.28,157
2025-02-01 21:56:38,STORE_116,Gweru_Branch,High Energy White,93,RT_012,1.27,93
2025-03-03 09:22:00,STORE_111,Bulawayo_Branch,Family Loaf,204,RT_039,2.17,204
2025-02-13 18:36:04,STORE_034,Harare_Willowvale,Buns 6-Pack,35,RT_037,1.26,35
2025-06-02 06:53:07,STORE_016,Bulawayo_Branch,Seed Loaf,184,RT_015,1.49,184
2025-04-30 16:55:31,STORE_009,Marondera_Depot,Whole Wheat,264,RT_001,,264
2025-03-26 13:10:23,STORE_017,Harare_Willowvale,High Energy White,310,RT_015,1.42,310
2025-01-06 03:34:06,STORE_135,Gweru_Branch,Whole Wheat,302,RT_020,1.63,302
2025-07-15 08:55:19,STORE_060,Masvingo_Branch,High Energy Brown,280,RT_021,1.42,280
2025-07-25 15:19:00,STORE_130,Harare_Southerton,Seed Loaf,217,RT_025,1.54,217
2025-01-11 03:42:30,STORE_094,Gweru_Branch,Mini Rolls 6-Pack,14,RT_008,1.13,14
2025-04-24 20:11:55,STORE_030,Masvingo_Branch,Seed Loaf,250,RT_036,1.6,250
2025-01-21 11:40:20,STORE_094,Bulawayo_Branch,Wholegrain Brown,185,RT_049,1.48,185
2025-01-29 15:10:36,STORE_045,Marondera_Depot,Wholegrain Brown,54,RT_025,1.41,54
2025-02-19 09:16:28,STORE_041,Mutare_Branch,High Energy Brown,105,RT_002,1.43,105
2025-06-11 16:45:40,STORE_038,Harare_Southerton,High Energy Brown,180,RT_032,1.41,180
2025-04-24 05:19:17,STORE_003,Marondera_Depot,Soft White,194,RT_004,1.4,194
2025-04-06 03:40:52,STORE_134,Kwekwe_Depot,Family Loaf,87,RT_004,2.14,87
2025-07-12 16:58:46,STORE_005,Harare_Willowvale,Wholegrain Brown,303,RT_029,1.43,303
2025-02-28 12:22:49,STORE_036,Mutare_Branch,Soft White,18,RT_009,1.24,18
2025-06-09 18:42:09,STORE_042,Bindura_Depot,Soft White,32,RT_014,1.38,32
2025-05-09 01:53:02,STORE_027,Kwekwe_Depot,Buns 6-Pack,24,RT_010,1.05,24
2025-07-17 11:03:28,STORE_003,Bindura_Depot,Soft White,75,RT_049,1.12,75
2025-03-02 14:05:48,STORE_078,Bulawayo_Branch,Seed Loaf,210,RT_040,1.51,210
2025-03-07 08:34:55,STORE_022,Marondera_Depot,Whole Wheat,149,RT_006,1.36,149
2025-01-11 13:01:53,STORE_031,Gweru_Branch,Family Loaf,99,RT_030,2.33,99
2025-03-12 04:08:23,STORE_135,Kwekwe_Depot,High Energy Brown,124,RT_040,1.36,124
2025-01-25 06:41:51,STORE_121,Bulawayo_Branch,Seed Loaf,45,RT_041,1.59,45
2025-05-28 04:47:42,STORE_019,Kwekwe_Depot,High Energy White,31,RT_039,1.32,31
2025-07-19 04:35:27,STORE_029,Harare_Willowvale,Wholegrain Brown,227,RT_019,1.38,227
2025-05-03 21:13:38,STORE_067,Bulawayo_Branch,Wholegrain Brown,281,RT_003,1.57,281
2025-07-03 04:33:30,STORE_100,Harare_Southerton,High Energy White,29,RT_035,1.31,29
2025-04-10 02:46:01,STORE_044,Chitungwiza_Depot,Whole Wheat,265,RT_043,1.37,265
2025-02-24 02:39:55,STORE_031,Gweru_Branch,Family Loaf,215,RT_047,2.37,215
2025-04-23 20:10:36,STORE_078,Gweru_Branch,Family Loaf,23,RT_046,2.36,23
2025-06-18 15:00:26,STORE_035,Mutare_Branch,Family Loaf,175,RT_017,2.3,175
2025-07-04 21:27:42,STORE_083,Mutare_Branch,Wholegrain Brown,113,RT_019,1.49,113
2025-04-02 11:34:29,STORE_118,Bindura_Depot,Soft White,38,RT_043,1.28,38
2025-07-23 15:10:25,STORE_101,Harare_Willowvale,Whole Wheat,156,RT_004,1.41,156
2025-01-05 20:41:31,STORE_053,Masvingo_Branch,Buns 6-Pack,195,RT_010,1.05,195
2025-06-25 07:54:03,STORE_064,Harare_Southerton,Mini Rolls 6-Pack,8,RT_007,1.16,8
2025-07-25 13:04:11,STORE_126,Bulawayo_Branch,Mini Rolls 6-Pack,143,RT_016,0.93,143
2025-04-18 05:17:35,STORE_057,Bulawayo_Branch,High Energy Brown,458,RT_005,1.43,458
2025-05-11 06:39:08,STORE_013,Gweru_Branch,Mini Rolls 6-Pack,8,RT_014,1.04,8
2025-07-22 21:38:59,STORE_009,Masvingo_Branch,High Energy White,231,RT_024,1.32,231
2025-04-24 13:57:08,STORE_117,Mutare_Branch,High Energy White,270,RT_008,1.42,270
2025-03-25 02:12:36,STORE_056,Chitungwiza_Depot,Buns 6-Pack,97,RT_011,1.02,97
2025-07-11 18:01:36,STORE_049,Gweru_Branch,Buns 6-Pack,42,RT_028,1.11,42
2025-04-15 13:36:52,STORE_025,Gweru_Branch,High Energy Brown,78,RT_026,1.41,78
2025-06-03 23:59:20,STORE_020,Harare_Willowvale,High Energy Brown,132,RT_015,1.23,132
2025-05-10 19:13:35,STORE_026,Harare_Southerton,Mini Rolls 6-Pack,132,RT_032,1.01,132
2025-06-19 02:58:03,STORE_127,Kwekwe_Depot,Family Loaf,249,RT_029,2.17,249
2025-07-10 14:39:50,STORE_095,Masvingo_Branch,Whole Wheat,81,RT_004,1.63,81
2025-03-15 03:50:01,STORE_135,Harare_Southerton,Whole Wheat,301,RT_041,1.37,301
2025-04-26 04:22:47,STORE_005,Masvingo_Branch,Family Loaf,275,RT_043,2.39,275
2025-02-15 13:16:46,STORE_023,Harare_Southerton,High Energy Brown,308,RT_034,1.4,308
2025-06-24 09:30:04,STORE_093,Harare_Southerton,High Energy Brown,63,RT_006,1.29,63
2025-05-03 04:14:29,STORE_111,Kwekwe_Depot,High Energy White,101,RT_048,1.3,101
2025-01-29 13:08:27,STORE_063,Bindura_Depot,Mini Rolls 6-Pack,159,RT_027,0.93,159
2025-02-28 20:04:56,STORE_088,Harare_Southerton,Family Loaf,126,RT_038,2.18,126
2025-03-21 15:53:19,STORE_022,Gweru_Branch,Family Loaf,216,RT_016,2.36,216
2025-05-12 06:38:46,STORE_047,Mutare_Branch,Wholegrain Brown,194,RT_045,1.37,194
2025-03-05 05:26:50,STORE_034,Marondera_Depot,Family Loaf,169,RT_010,2.21,169
2025-06-19 01:19:41,STORE_029,Harare_Southerton,High Energy White,297,RT_033,1.27,297
2025-06-15 01:01:31,STORE_117,Bulawayo_Branch,Mini Rolls 6-Pack,256,RT_043,1.18,256
2025-04-04 15:25:36,STORE_035,Masvingo_Branch,Seed Loaf,125,RT_035,1.43,125
2025-05-24 23:23:35,STORE_127,Mutare_Branch,Family Loaf,129,RT_012,2.36,129
2025-04-10 07:48:02,STORE_085,Harare_Southerton,High Energy White,94,RT_017,1.27,94
2025-02-28 09:30:16,STORE_132,Marondera_Depot,High Energy White,11,RT_045,1.46,11
2025-04-23 09:40:46,STORE_106,Bindura_Depot,Family Loaf,135,RT_045,2.31,135
2025-07-06 19:42:19,STORE_039,Harare_Southerton,High Energy White,117,RT_037,1.38,117
2025-01-25 06:20:19,STORE_137,Mutare_Branch,Buns 6-Pack,127,RT_032,1.3,127
2025-04-27 08:25:00,STORE_128,Chitungwiza_Depot,Mini Rolls 6-Pack,25,RT_045,0.99,25
2025-01-27 04:46:07,STORE_043,Marondera_Depot,Buns 6-Pack,285,RT_026,1.03,285
2025-07-30 00:07:19,STORE_096,Bindura_Depot,Buns 6-Pack,280,RT_035,1.09,280
2025-03-26 22:24:58,STORE_051,Bindura_Depot,Family Loaf,83,RT_014,2.12,83
2025-02-19 19:27:57,STORE_096,Harare_Willowvale,Mini Rolls 6-Pack,316,RT_017,1.18,316
2025-06-08 19:10:42,STORE_044,Masvingo_Branch,Family Loaf,254,RT_029,2.26,254
2025-02-01 08:57:06,STORE_018,Bindura_Depot,Family Loaf,273,RT_038,2.18,273
2025-02-10 08:21:22,STORE_118,Harare_Willowvale,Wholegrain Brown,22,RT_002,1.3,22
2025-07-05 17:49:40,STORE_056,Chitungwiza_Depot,Buns 6-Pack,69,RT_018,1.2,69
2025-01-23 13:38:22,STORE_052,Harare_Willowvale,Wholegrain Brown,290,RT_044,1.54,290
2025-01-10 07:01:54,STORE_121,Masvingo_Branch,Seed Loaf,262,RT_015,1.43,262
2025-03-09 07:26:06,STORE_077,Masvingo_Branch,Seed Loaf,22,RT_032,1.49,22
2025-02-09 16:26:51,STORE_074,Masvingo_Branch,Mini Rolls 6-Pack,73,RT_020,0.95,73
2025-07-12 06:48:31,STORE_102,Chitungwiza_Depot,Whole Wheat,248,RT_030,1.46,248
2025-02-15 08:22:19,STORE_107,Bindura_Depot,Family Loaf,40,RT_049,2.2,40
2025-06-12 21:20:01,STORE_021,Kwekwe_Depot,Mini Rolls 6-Pack,318,RT_002,1.16,318
2025-06-11 10:11:22,STORE_126,Masvingo_Branch,High Energy White,36,RT_025,1.29,36
2025-03-18 05:24:54,STORE_022,Chitungwiza_Depot,High Energy White,278,RT_042,1.2,278
2025-05-11 05:45:48,STORE_116,Masvingo_Branch,Wholegrain Brown,222,RT_021,1.45,222
2025-01-29 11:08:08,STORE_129,Harare_Willowvale,Mini Rolls 6-Pack,39,RT_049,0.91,39
2025-06-23 02:39:59,STORE_129,Kwekwe_Depot,High Energy Brown,185,RT_043,1.4,185
2025-04-18 21:37:36,STORE_007,Harare_Willowvale,High Energy White,309,RT_025,1.3,309
2025-02-23 20:15:24,STORE_003,Kwekwe_Depot,High Energy Brown,304,RT_020,1.39,304
2025-06-24 10:43:02,STORE_086,Chitungwiza_Depot,High Energy Brown,116,RT_006,1.39,116
2025-01-09 07:24:44,STORE_027,Mutare_Branch,High Energy White,264,RT_030,1.47,264
2025-04-26 12:22:08,STORE_098,Kwekwe_Depot,Soft White,144,RT_024,1.25,144
2025-06-27 10:11:42,STORE_006,Harare_Southerton,Buns 6-Pack,20,RT_011,1.02,20
2025-01-30 16:24:20,STORE_008,Harare_Willowvale,Buns 6-Pack,88,RT_004,1.22,88
2025-03-22 01:54:49,STORE_054,Mutare_Branch,High Energy White,61,RT_046,1.26,61
2025-01-02 08:47:13,STORE_010,Harare_Willowvale,Seed Loaf,202,RT_029,1.49,202
2025-02-02 08:50:47,STORE_111,Gweru_Branch,High Energy Brown,91,RT_036,1.41,91
2025-05-19 18:54:52,STORE_039,Gweru_Branch,Buns 6-Pack,197,RT_048,,197
2025-04-16 03:36:10,STORE_077,Bindura_Depot,Seed Loaf,6,RT_049,1.54,6
2025-03-30 12:13:33,STORE_018,Kwekwe_Depot,Seed Loaf,129,RT_033,1.56,129
2025-06-01 12:18:32,STORE_037,Marondera_Depot,High Energy Brown,198,RT_039,1.47,198
2025-05-30 15:57:17,STORE_094,Gweru_Branch,High Energy Brown,97,RT_031,1.22,97
2025-05-08 19:56:30,STORE_103,Gweru_Branch,Mini Rolls 6-Pack,217,RT_048,0.92,217
2025-07-14 06:55:06,STORE_062,Masvingo_Branch,Buns 6-Pack,66,RT_006,1.01,66
2025-07-23 12:23:00,STORE_036,Masvingo_Branch,Soft White,76,RT_001,1.28,76
2025-02-08 19:22:01,STORE_014,Bulawayo_Branch,Seed Loaf,192,RT_038,1.45,192
2025-06-21 04:23:14,STORE_059,Chitungwiza_Depot,Buns 6-Pack,175,RT_021,1.23,175
2025-04-24 18:15:59,STORE_003,Bindura_Depot,High Energy White,218,RT_040,1.3,218
2025-02-13 05:14:33,STORE_104,Gweru_Branch,Seed Loaf,293,RT_001,1.48,293
2025-05-09 11:51:08,STORE_073,Chitungwiza_Depot,Seed Loaf,260,RT_006,1.4,260
2025-01-30 10:17:17,STORE_009,Gweru_Branch,Wholegrain Brown,70,RT_026,1.32,70
2025-02-01 12:04:24,STORE_068,Marondera_Depot,Mini Rolls 6-Pack,144,RT_048,1.1,144
2025-02-02 20:02:14,STORE_133,Kwekwe_Depot,Family Loaf,60,RT_049,2.27,60
2025-04-09 22:28:00,STORE_086,Masvingo_Branch,High Energy White,5,RT_009,1.28,5
2025-07-10 04:19:13,STORE_057,Gweru_Branch,Seed Loaf,306,,1.57,306
2025-04-18 02:53:00,STORE_110,Mutare_Branch,Soft White,19,RT_037,1.17,19
2025-06-12 14:16:43,STORE_074,Harare_Willowvale,High Energy White,62,RT_017,1.31,62
2025-03-29 21:40:25,STORE_043,Harare_Southerton,Whole Wheat,54,RT_005,1.61,54
2025-05-18 03:13:52,STORE_094,,Mini Rolls 6-Pack,239,RT_037,1.12,239
2025-01-03 00:33:31,STORE_017,Mutare_Branch,Whole Wheat,44,RT_026,1.41,44
2025-06-02 14:16:55,STORE_115,Mutare_Branch,High Energy Brown,48,RT_014,1.27,48
2025-02-17 13:32:25,STORE_063,Bulawayo_Branch,Soft White,227,RT_019,1.16,227
2025-01-07 06:25:29,STORE_043,Kwekwe_Depot,Wholegrain Brown,21,RT_048,1.42,21
2025-01-17 23:08:09,STORE_122,Mutare_Branch,Wholegrain Brown,245,RT_011,1.41,245
2025-02-14 16:42:54,STORE_004,Chitungwiza_Depot,Soft White,21,RT_049,1.19,21
2025-07-06 09:59:47,STORE_132,Chitungwiza_Depot,Soft White,149,RT_016,1.29,149
2025-06-30 12:03:40,STORE_053,Mutare_Branch,Mini Rolls 6-Pack,154,RT_002,1.18,154
2025-02-03 19:03:18,STORE_005,Harare_Southerton,Soft White,242,RT_047,1.16,242
2025-03-12 22:30:26,STORE_022,Kwekwe_Depot,Family Loaf,125,RT_004,2.28,125
2025-03-20 21:37:44,STORE_092,Mutare_Branch,Buns 6-Pack,292,RT_007,1.2,292
2025-02-13 13:50:56,STORE_009,Bindura_Depot,Seed Loaf,4,RT_044,1.49,4
2025-01-05 08:13:53,STORE_036,Mutare_Branch,Mini Rolls 6-Pack,39,RT_032,1.05,39
2025-01-25 13:54:59,STORE_122,Mutare_Branch,High Energy White,36,RT_015,1.26,36
2025-01-28 01:06:38,STORE_131,Bindura_Depot,Whole Wheat,76,RT_049,1.37,76
2025-06-24 10:23:13,STORE_089,Masvingo_Branch,High Energy Brown,57,RT_021,1.48,57
2025-05-17 05:39:40,STORE_073,Gweru_Branch,Mini Rolls 6-Pack,167,RT_011,,167
2025-07-07 20:26:18,STORE_031,Marondera_Depot,Mini Rolls 6-Pack,20,RT_031,1.11,20
2025-07-03 15:38:46,STORE_059,Gweru_Branch,Soft White,312,RT_019,1.19,312
2025-03-12 14:20:28,STORE_021,Kwekwe_Depot,Wholegrain Brown,267,RT_040,1.49,267
2025-02-10 20:30:01,STORE_057,Bulawayo_Branch,Buns 6-Pack,135,RT_029,1.01,135
2025-04-20 17:48:56,STORE_070,Mutare_Branch,Mini Rolls 6-Pack,45,RT_031,0.91,45
2025-05-17 16:29:15,STORE_071,Chitungwiza_Depot,Wholegrain Brown,255,RT_010,1.51,255
2025-01-03 21:03:15,STORE_052,Harare_Southerton,Seed Loaf,53,RT_008,1.53,53
2025-05-27 13:42:03,STORE_016,Bindura_Depot,High Energy White,40,RT_013,1.44,40
2025-02-17 21:22:16,STORE_104,Gweru_Branch,High Energy White,259,RT_011,1.33,259
2025-07-16 15:35:15,STORE_083,Bindura_Depot,Mini Rolls 6-Pack,175,RT_022,0.9,175
2025-03-30 15:47:44,STORE_135,Gweru_Branch,Whole Wheat,162,RT_004,1.36,162
2025-06-05 06:31:00,STORE_118,Bulawayo_Branch,Whole Wheat,261,RT_015,1.44,261
2025-07-06 09:44:26,STORE_075,Bulawayo_Branch,Seed Loaf,17,RT_032,1.56,17
2025-05-15 03:56:26,STORE_005,Gweru_Branch,Wholegrain Brown,138,RT_019,1.45,138
2025-01-23 16:40:26,STORE_025,Marondera_Depot,Seed Loaf,260,RT_042,1.54,260
2025-07-27 23:42:25,STORE_106,Harare_Willowvale,Soft White,27,RT_011,1.13,27
2025-01-18 19:40:00,STORE_025,Bindura_Depot,Wholegrain Brown,287,RT_017,1.44,287
2025-06-09 13:50:52,STORE_092,Harare_Southerton,Seed Loaf,187,RT_021,1.5,187
2025-03-29 15:25:07,STORE_047,Gweru_Branch,Wholegrain Brown,80,RT_001,1.43,80
2025-01-29 14:57:35,STORE_093,Gweru_Branch,High Energy Brown,58,RT_047,1.31,58
2025-07-29 13:15:58,STORE_052,Gweru_Branch,Family Loaf,317,RT_036,2.36,317
2025-01-28 17:44:00,STORE_119,Harare_Willowvale,Seed Loaf,205,RT_012,1.54,205
2025-03-26 15:44:17,STORE_001,Harare_Willowvale,Seed Loaf,161,RT_022,1.67,161
2025-04-23 23:39:36,STORE_070,Kwekwe_Depot,Soft White,277,RT_042,1.25,277
2025-02-25 09:33:51,STORE_122,Marondera_Depot,Buns 6-Pack,273,RT_002,1.15,273
2025-07-26 23:54:02,STORE_078,Marondera_Depot,Family Loaf,124,RT_048,2.27,124
2025-02-28 04:40:35,STORE_053,Kwekwe_Depot,High Energy White,205,RT_038,1.37,205
2025-07-14 09:08:33,STORE_036,Gweru_Branch,Buns 6-Pack,182,RT_006,1.02,182
2025-04-08 17:22:33,STORE_057,Harare_Willowvale,High Energy White,40,RT_004,1.45,40
2025-05-12 00:58:56,STORE_104,Gweru_Branch,Seed Loaf,260,RT_021,1.59,260
2025-04-13 11:12:23,STORE_040,Bindura_Depot,Whole Wheat,26,RT_020,1.38,26
2025-01-08 01:46:44,STORE_027,Mutare_Branch,High Energy Brown,74,RT_013,1.37,74
2025-07-08 11:03:53,STORE_047,Harare_Southerton,High Energy Brown,91,RT_042,1.39,91
2025-04-22 01:50:10,STORE_021,Harare_Southerton,High Energy Brown,172,RT_039,1.22,172
2025-01-21 05:33:34,STORE_061,Mutare_Branch,High Energy White,228,RT_019,1.49,228
2025-01-12 02:50:55,STORE_039,Marondera_Depot,Wholegrain Brown,223,RT_025,1.34,223
2025-01-28 14:56:08,STORE_102,Harare_Southerton,High Energy White,197,RT_031,1.46,197
2025-05-07 23:41:40,STORE_022,Gweru_Branch,High Energy Brown,85,RT_001,1.45,85
2025-07-11 13:43:23,STORE_004,Masvingo_Branch,Wholegrain Brown,187,RT_039,1.3,187
2025-06-12 01:08:38,STORE_048,Marondera_Depot,Buns 6-Pack,290,RT_044,1.17,290
2025-07-08 21:30:56,STORE_133,Kwekwe_Depot,Soft White,192,RT_012,1.15,192
2025-07-07 08:41:31,STORE_080,Masvingo_Branch,Seed Loaf,282,RT_032,1.58,282
2025-04-22 01:39:54,STORE_024,Chitungwiza_Depot,Whole Wheat,199,RT_045,1.61,199
2025-05-20 09:14:18,STORE_082,Harare_Willowvale,Wholegrain Brown,39,RT_049,1.59,39
2025-01-01 21:28:52,STORE_118,Harare_Southerton,Whole Wheat,209,RT_032,1.37,209
2025-06-10 14:02:19,STORE_115,Harare_Southerton,Wholegrain Brown,6,RT_003,1.5,6
2025-05-27 14:01:00,STORE_135,Harare_Southerton,Wholegrain Brown,224,RT_027,1.45,224
2025-05-16 10:33:00,STORE_005,Harare_Willowvale,Mini Rolls 6-Pack,129,RT_002,1.19,129
2025-04-11 15:37:21,STORE_096,Harare_Southerton,Mini Rolls 6-Pack,242,RT_033,1.02,242
2025-03-06 06:20:51,STORE_062,Bindura_Depot,Mini Rolls 6-Pack,60,RT_010,0.93,60
2025-05-27 18:49:16,STORE_139,Gweru_Branch,Family Loaf,123,RT_038,2.15,123
2025-01-31 19:08:11,STORE_138,Masvingo_Branch,Family Loaf,32,RT_002,2.14,32
2025-04-01 11:28:24,STORE_106,Mutare_Branch,Mini Rolls 6-Pack,30,RT_019,0.91,30
2025-03-17 09:40:49,STORE_050,Harare_Willowvale,Buns 6-Pack,129,RT_005,1.29,129
2025-05-06 17:06:54,STORE_104,Bindura_Depot,Family Loaf,302,RT_041,2.29,302
2025-03-21 21:14:26,STORE_010,Marondera_Depot,Mini Rolls 6-Pack,158,RT_036,1.1,158
2025-04-11 18:37:30,STORE_055,Harare_Southerton,Whole Wheat,130,RT_022,1.53,130
2025-03-06 04:03:43,STORE_107,Kwekwe_Depot,Seed Loaf,189,RT_024,1.69,189
2025-05-30 09:30:24,STORE_070,Bindura_Depot,Whole Wheat,135,RT_009,1.58,135
2025-01-22 01:56:07,STORE_138,Harare_Willowvale,Whole Wheat,18,RT_031,1.45,18
2025-04-21 07:16:58,STORE_055,Harare_Southerton,High Energy Brown,118,RT_015,1.39,118
2025-03-08 07:46:25,STORE_073,Chitungwiza_Depot,Mini Rolls 6-Pack,186,RT_015,0.9,186
2025-05-13 04:39:22,STORE_128,Harare_Southerton,Wholegrain Brown,23,RT_016,1.37,23
2025-05-01 11:55:15,STORE_085,Harare_Southerton,Soft White,139,RT_010,1.29,139
2025-03-03 07:23:10,STORE_133,Mutare_Branch,WholeWheat,227,RT_034,1.43,227
2025-04-05 22:58:18,STORE_018,Gweru_Branch,Soft White,216,RT_024,1.28,216
2025-05-11 08:57:44,STORE_091,Mutare_Branch,Soft White,193,RT_035,1.34,193
2025-01-05 01:28:32,STORE_050,Bindura_Depot,Soft White,227,RT_016,1.3,227
2025-02-09 12:43:18,STORE_014,Bindura_Depot,Wholegrain Brown,172,RT_010,1.59,172
2025-07-07 05:39:32,STORE_003,Bindura_Depot,Whole Wheat,77,RT_002,1.44,77
2025-04-28 02:21:13,STORE_107,Marondera_Depot,Seed Loaf,213,RT_012,1.52,213
2025-03-23 01:27:01,STORE_133,Bulawayo_Branch,Whole Wheat,315,RT_043,1.51,315
2025-07-15 16:39:51,STORE_100,Harare_Southerton,Mini Rolls 6-Pack,220,RT_006,1.14,220
2025-07-19 13:14:47,STORE_068,Mutare_Branch,Mini Rolls 6-Pack,191,RT_033,1.15,191
2025-07-10 03:44:00,STORE_001,Bulawayo_Branch,Wholegrain Brown,12,RT_035,1.46,12
2025-01-04 15:07:58,STORE_074,Marondera_Depot,Soft White,306,RT_039,1.34,306
2025-02-23 02:55:16,STORE_004,Chitungwiza_Depot,Seed Loaf,184,RT_013,1.44,184
2025-02-02 14:37:02,STORE_005,Harare_Southerton,Wholegrain Brown,118,RT_034,1.46,118
2025-02-02 19:01:44,STORE_031,Gweru_Branch,High Energy White,238,RT_045,1.22,238
2025-04-11 12:02:56,STORE_034,Mutare_Branch,Wholegrain Brown,42,RT_032,1.46,42
2025-04-29 19:48:15,STORE_092,Harare_Southerton,Soft White,57,RT_016,1.29,57
2025-02-23 05:48:28,STORE_108,Gweru_Branch,Whole Wheat,140,RT_038,1.37,140
2025-01-09 00:28:44,STORE_047,Bindura_Depot,Seed Loaf,271,RT_011,1.64,271
2025-04-14 23:21:18,STORE_066,Marondera_Depot,Family Loaf,124,RT_033,2.22,124
2025-03-02 13:33:49,STORE_050,Harare_Southerton,High Energy White,242,RT_010,1.28,242
2025-01-17 15:13:08,STORE_094,Bindura_Depot,Buns 6-Pack,158,RT_026,1.29,158
2025-03-21 14:15:13,STORE_069,Harare_Southerton,Mini Rolls 6-Pack,369,RT_037,1.09,369
2025-04-15 17:51:07,STORE_078,Masvingo_Branch,Wholegrain Brown,16,RT_045,1.35,16
2025-05-09 00:31:00,STORE_014,Kwekwe_Depot,High Energy White,220,RT_027,1.34,220
2025-01-30 11:53:41,STORE_137,Bulawayo_Branch,Seed Loaf,216,RT_038,1.66,216
2025-03-09 22:09:50,STORE_005,Chitungwiza_Depot,Buns 6-Pack,97,RT_004,1.24,97
2025-05-28 21:58:11,STORE_052,Chitungwiza_Depot,Buns 6-Pack,127,RT_044,1.12,127
2025-01-02 01:36:33,STORE_125,Bindura_Depot,Mini Rolls 6-Pack,305,RT_043,1.13,305
2025-04-15 06:03:49,STORE_053,Chitungwiza_Depot,Buns 6-Pack,259,RT_041,1.17,259
2025-01-12 00:59:19,STORE_050,Harare_Willowvale,Seed Loaf,50,RT_032,1.66,50
2025-07-17 02:11:48,STORE_049,Bindura_Depot,Wholegrain Brown,218,RT_003,1.46,218
2025-05-01 12:25:39,STORE_064,Mutare_Branch,Coke500ml,91,RT_005,1.12,91
2025-04-23 10:24:50,STORE_032,Gweru_Branch,Buns 6-Pack,203,RT_040,1.18,203
2025-06-20 15:15:58,STORE_133,Gweru_Branch,High Energy Brown,13,RT_014,1.28,13
2025-05-28 09:30:29,STORE_003,Marondera_Depot,Whole Wheat,114,RT_033,1.65,114
2025-05-25 05:20:58,STORE_016,Harare_Southerton,High Energy Brown,26,RT_020,1.47,26
2025-04-10 04:39:57,STORE_104,Kwekwe_Depot,Whole Wheat,4,RT_018,1.38,4
2025-04-24 05:39:05,STORE_105,Masvingo_Branch,Seed Loaf,209,RT_047,1.68,209
2025-07-15 19:06:21,STORE_095,Marondera_Depot,Seed Loaf,220,RT_030,1.52,220
2025-03-14 02:09:16,STORE_131,Bulawayo_Branch,Soft White,73,RT_026,1.31,73
2025-07-11 23:06:08,STORE_030,Chitungwiza_Depot,Seed Loaf,28,RT_016,1.57,28
2025-01-21 09:46:30,STORE_082,Kwekwe_Depot,Whole Wheat,307,RT_044,1.38,307
2025-03-27 07:24:43,STORE_132,Harare_Southerton,Buns 6-Pack,165,RT_009,1.21,165
2025-02-19 19:30:29,STORE_004,Marondera_Depot,Whole Wheat,230,RT_023,1.5,230
2025-02-08 16:57:30,STORE_049,Harare_Southerton,Whole Wheat,58,RT_016,1.37,58
2025-06-29 20:25:52,STORE_048,Mutare_Branch,Seed Loaf,288,RT_038,1.65,288
2025-02-28 05:57:41,STORE_098,Harare_Southerton,Seed Loaf,88,RT_005,1.55,88
2025-02-18 11:27:12,STORE_066,Kwekwe_Depot,High Energy White,136,RT_017,1.49,136
2025-01-13 03:22:46,STORE_038,Harare_Willowvale,Wholegrain Brown,242,RT_026,1.47,242
2025-03-18 20:06:24,STORE_012,Bindura_Depot,Whole Wheat,39,RT_019,1.49,39
2025-06-16 09:15:53,STORE_122,Bindura_Depot,Seed Loaf,144,RT_015,1.51,144
2025-01-27 00:43:08,STORE_125,Kwekwe_Depot,Buns 6-Pack,111,RT_001,1.06,111
2025-02-06 09:33:07,STORE_092,Bindura_Depot,Family Loaf,149,RT_037,2.33,149
2025-05-15 06:05:20,STORE_036,Harare_Southerton,High Energy Brown,260,RT_008,1.37,260
2025-07-20 18:45:19,STORE_109,Marondera_Depot,Seed Loaf,173,RT_020,1.45,173
2025-01-13 16:19:49,STORE_101,Bindura_Depot,High Energy Brown,42,RT_033,1.38,42
2025-05-19 16:45:17,STORE_022,Chitungwiza_Depot,Mini Rolls 6-Pack,292,RT_048,0.98,292
2025-06-09 07:25:59,STORE_049,Harare_Willowvale,High Energy White,86,RT_001,1.42,86
2025-01-07 08:53:48,STORE_093,Harare_Southerton,High Energy White,148,RT_005,1.48,148
2025-01-26 02:07:06,STORE_028,Harare_Southerton,Wholegrain Brown,256,RT_012,1.59,256
2025-06-02 17:45:06,STORE_058,Marondera_Depot,Mini Rolls 6-Pack,51,RT_019,1.0,51
2025-07-22 13:24:34,STORE_119,Kwekwe_Depot,Family Loaf,71,RT_039,2.16,71
2025-04-21 09:38:55,STORE_037,Kwekwe_Depot,High Energy Brown,42,RT_010,1.26,42
2025-01-10 20:26:01,STORE_041,Mutare_Branch,Soft White,109,RT_002,1.19,109
2025-03-25 21:38:47,STORE_027,Marondera_Depot,Soft White,219,RT_023,1.38,219
2025-02-21 08:15:34,STORE_055,Harare_Southerton,Family Loaf,177,RT_010,2.15,177
2025-02-17 01:52:00,STORE_094,Harare_Southerton,Seed Loaf,210,RT_006,1.48,210
2025-05-19 16:19:13,STORE_049,Masvingo_Branch,Mini Rolls 6-Pack,261,RT_040,0.94,261
2025-05-16 00:33:47,STORE_094,Kwekwe_Depot,High Energy Brown,187,RT_034,1.4,187
2025-02-23 22:21:50,STORE_002,Harare_Southerton,High Energy White,25,RT_005,1.32,25
2025-04-24 04:25:38,STORE_126,Harare_Willowvale,Mini Rolls 6-Pack,315,RT_036,1.03,315
2025-07-19 12:56:57,STORE_138,Kwekwe_Depot,Seed Loaf,63,RT_001,1.54,63
2025-05-12 20:01:26,STORE_104,Marondera_Depot,High Energy White,156,RT_025,1.38,156
2025-03-27 21:43:55,STORE_052,Kwekwe_Depot,Mini Rolls 6-Pack,291,RT_003,1.06,291
2025-05-17 12:52:56,STORE_078,Mutare_Branch,Buns 6-Pack,192,RT_035,1.19,192
2025-06-20 23:46:04,STORE_130,Bulawayo_Branch,Soft White,145,RT_011,1.32,145
2025-04-27 00:26:55,STORE_050,Gweru_Branch,Whole Wheat,78,RT_048,1.4,78
2025-02-16 02:24:23,STORE_038,Harare_Southerton,Buns 6-Pack,93,RT_025,1.02,93
2025-07-20 14:02:56,STORE_060,Bindura_Depot,Soft White,61,RT_020,1.32,61
2025-02-05 05:53:56,STORE_061,Harare_Southerton,High Energy White,125,RT_011,1.23,125
2025-05-26 11:45:25,STORE_131,Masvingo_Branch,High Energy White,112,RT_044,1.31,112
2025-01-08 07:43:41,STORE_055,Chitungwiza_Depot,Buns 6-Pack,284,RT_049,1.04,284
2025-07-24 02:53:47,STORE_030,Bindura_Depot,Soft White,151,RT_013,1.3,151
2025-03-11 23:06:46,STORE_121,Mutare_Branch,High Energy Brown,17,RT_032,1.41,17
2025-02-09 22:42:25,STORE_121,Masvingo_Branch,Whole Wheat,214,RT_013,1.4,214
2025-01-21 17:52:43,STORE_129,Mutare_Branch,Family Loaf,286,RT_023,2.27,286
2025-07-30 04:53:54,STORE_020,Masvingo_Branch,Family Loaf,75,RT_049,2.26,75
2025-03-11 07:53:46,STORE_117,Harare_Willowvale,Mini Rolls 6-Pack,304,RT_004,1.16,304
2025-04-04 07:23:12,STORE_138,Bindura_Depot,Wholegrain Brown,279,RT_019,1.4,279
2025-04-15 05:14:31,STORE_055,Harare_Willowvale,Seed Loaf,133,RT_006,1.58,133
2025-02-27 19:11:39,STORE_094,Bindura_Depot,Wholegrain Brown,221,RT_004,1.59,221
2025-06-07 21:35:11,STORE_075,Mutare_Branch,Wholegrain Brown,253,RT_016,1.31,253
2025-06-12 10:03:27,STORE_034,Bindura_Depot,Seed Loaf,91,RT_003,1.48,91
2025-05-19 07:24:30,STORE_048,Masvingo_Branch,Buns 6-Pack,68,RT_019,1.05,68
2025-02-05 07:01:56,STORE_066,Mutare_Branch,High Energy White,194,RT_039,1.29,194
2025-03-16 09:42:20,STORE_062,Gweru_Branch,Family Loaf,126,RT_005,2.2,126
2025-07-26 20:22:22,STORE_008,Harare_Willowvale,Seed Loaf,254,RT_030,1.46,254
2025-02-03 09:08:32,STORE_007,Gweru_Branch,Family Loaf,222,RT_018,2.23,222
2025-07-17 14:31:22,STORE_131,Chitungwiza_Depot,Soft White,169,RT_024,1.22,169
2025-04-25 10:14:18,STORE_039,Bulawayo_Branch,Whole Wheat,263,RT_015,1.64,263
2025-01-18 10:01:35,STORE_083,Masvingo_Branch,High Energy Brown,207,RT_008,1.22,207
2025-01-16 07:40:59,STORE_064,Gweru_Branch,Mini Rolls 6-Pack,156,RT_029,,156
2025-05-13 08:43:10,STORE_057,Marondera_Depot,Soft White,107,RT_005,1.12,107
2025-05-20 22:43:24,STORE_051,Harare_Southerton,Buns 6-Pack,192,RT_024,1.25,192
2025-04-17 18:04:42,STORE_135,Bulawayo_Branch,Seed Loaf,119,RT_039,1.7,119
2025-03-22 18:58:50,STORE_022,Kwekwe_Depot,Mini Rolls 6-Pack,38,RT_037,1.17,38
2025-04-07 21:20:23,STORE_078,Gweru_Branch,High Energy Brown,68,RT_041,1.47,68
2025-07-21 13:48:58,STORE_015,Gweru_Branch,Family Loaf,289,RT_011,2.21,289
2025-03-16 12:28:25,STORE_103,Harare_Southerton,Family Loaf,4,RT_033,2.19,4
2025-03-07 10:21:18,STORE_103,Marondera_Depot,Whole Wheat,58,RT_002,1.44,58
2025-06-13 01:15:05,STORE_027,Harare_Willowvale,Wholegrain Brown,250,RT_031,1.58,250
2025-01-21 20:42:52,STORE_095,Bindura_Depot,Family Loaf,40,RT_046,2.18,40
2025-06-09 16:12:05,STORE_117,Chitungwiza_Depot,Buns 6-Pack,117,RT_001,1.17,117
2025-07-04 20:47:45,STORE_123,Bindura_Depot,High Energy White,215,RT_044,1.24,215
2025-03-15 03:10:53,STORE_034,Bulawayo_Branch,Mini Rolls 6-Pack,57,RT_012,1.18,57
2025-05-18 10:48:52,STORE_116,Gweru_Branch,Mini Rolls 6-Pack,122,RT_036,1.13,122
2025-02-17 06:09:00,STORE_094,Bulawayo_Branch,Family Loaf,249,RT_030,2.28,249
2025-02-04 22:46:19,STORE_079,Bulawayo_Branch,Whole Wheat,220,RT_004,1.61,220
2025-06-03 17:56:01,STORE_116,Kwekwe_Depot,Seed Loaf,70,RT_029,1.67,70
2025-05-25 01:58:47,STORE_107,Mutare_Branch,Buns 6-Pack,150,RT_026,1.28,150
2025-02-08 03:29:44,STORE_134,Harare_Southerton,Wholegrain Brown,207,RT_013,1.51,207
2025-04-13 18:25:00,STORE_010,Bindura_Depot,Soft White,240,RT_003,1.18,240
2025-07-01 07:17:02,STORE_095,Kwekwe_Depot,Wholegrain Brown,138,RT_030,1.4,138
2025-04-23 08:59:35,STORE_070,Marondera_Depot,Buns 6-Pack,285,,1.25,285
2025-04-21 23:50:01,STORE_085,Gweru_Branch,Family Loaf,40,RT_031,2.18,40
2025-07-29 09:29:08,STORE_114,Marondera_Depot,Seed Loaf,207,RT_020,1.61,207
2025-02-03 14:55:41,STORE_012,Marondera_Depot,Buns 6-Pack,206,RT_048,1.16,206
2025-03-06 05:00:31,STORE_006,Marondera_Depot,High Energy White,117,RT_025,1.37,117
2025-03-15 00:05:17,STORE_022,Kwekwe_Depot,Whole Wheat,248,RT_001,1.38,248
2025-06-04 07:07:13,STORE_002,Harare_Southerton,Mini Rolls 6-Pack,3,RT_009,0.96,3
2025-01-25 01:07:25,STORE_071,Marondera_Depot,Mini Rolls 6-Pack,207,RT_049,1.12,207
2025-07-10 11:32:33,STORE_107,Marondera_Depot,Mini Rolls 6-Pack,98,RT_046,1.13,98
2025-01-14 15:39:28,STORE_139,Chitungwiza_Depot,Buns 6-Pack,9,RT_045,1.08,9
,STORE_016,Masvingo_Branch,Wholegrain Brown,92,RT_018,1.54,92
2025-02-03 12:02:38,STORE_005,Bulawayo_Branch,Mini Rolls 6-Pack,147,RT_038,1.03,147
2025-04-01 08:46:44,STORE_090,Harare_Southerton,Whole Wheat,280,RT_032,1.54,280
2025-07-16 05:23:51,STORE_125,Mutare_Branch,High Energy White,27,RT_016,1.3,27
2025-07-12 08:32:56,STORE_010,Masvingo_Branch,Wholegrain Brown,19,RT_047,1.45,19
2025-07-26 20:06:21,STORE_111,Chitungwiza_Depot,Whole Wheat,271,RT_009,1.57,271
2025-04-16 06:23:40,STORE_137,Chitungwiza_Depot,High Energy Brown,182,RT_042,1.37,182
2025-03-27 02:16:47,STORE_069,Bindura_Depot,Seed Loaf,104,RT_011,1.51,104
2025-07-07 23:17:55,STORE_139,Harare_Willowvale,High Energy White,136,RT_021,1.24,136
2025-02-10 04:22:30,STORE_101,Bulawayo_Branch,Whole Wheat,213,RT_021,1.42,213
2025-02-13 20:19:00,STORE_125,Chitungwiza_Depot,High Energy Brown,277,RT_019,1.43,277
2025-07-04 19:30:44,STORE_075,Masvingo_Branch,Mini Rolls 6-Pack,264,RT_026,1.12,264
2025-03-16 00:42:33,STORE_063,Harare_Willowvale,Seed Loaf,289,RT_013,1.68,289
2025-06-12 17:34:13,STORE_130,Harare_Southerton,High Energy Brown,105,RT_005,1.25,105
2025-03-06 12:14:54,STORE_044,Bindura_Depot,High Energy Brown,282,RT_044,1.35,282
2025-04-01 21:06:56,STORE_015,Marondera_Depot,Whole Wheat,116,RT_034,1.5,116
2025-01-30 23:44:50,STORE_058,Harare_Southerton,Wholegrain Brown,308,RT_021,1.44,308
2025-02-01 11:44:48,STORE_104,Chitungwiza_Depot,Buns 6-Pack,188,RT_025,1.15,188
2025-04-30 22:42:48,STORE_064,Gweru_Branch,Family Loaf,233,RT_006,2.31,233
2025-01-02 21:55:01,STORE_079,Harare_Willowvale,Family Loaf,193,RT_026,2.19,193
2025-01-31 17:41:27,STORE_070,Marondera_Depot,High Energy White,239,RT_012,1.4,239
2025-02-28 22:49:48,STORE_067,Mutare_Branch,Whole Wheat,122,RT_013,1.62,122
2025-06-25 17:28:41,STORE_017,Bulawayo_Branch,High Energy White,122,RT_022,1.26,122
2025-05-06 11:48:22,STORE_119,Mutare_Branch,Wholegrain Brown,129,RT_022,1.47,129
2025-03-07 18:02:15,STORE_037,Chitungwiza_Depot,Buns 6-Pack,218,RT_007,1.09,218
2025-01-10 23:54:23,STORE_046,Gweru_Branch,Soft White,39,RT_018,1.29,39
2025-07-24 18:17:24,STORE_007,Marondera_Depot,Buns 6-Pack,168,RT_013,1.19,168
2025-01-25 14:25:42,STORE_104,Harare_Willowvale,Seed Loaf,262,RT_006,1.6,262
2025-06-03 06:20:15,STORE_068,Bindura_Depot,Wholegrain Brown,36,RT_044,1.54,36
2025-07-30 22:14:22,STORE_108,Harare_Willowvale,Whole Wheat,48,RT_022,1.57,48
2025-06-24 04:28:57,STORE_110,Mutare_Branch,High Energy Brown,49,,1.38,49
2025-03-29 07:04:02,STORE_101,Bindura_Depot,Buns 6-Pack,3,RT_046,1.1,3
2025-07-30 10:26:11,STORE_135,Bulawayo_Branch,High Energy Brown,73,RT_025,1.45,73
2025-03-27 23:39:34,STORE_118,Chitungwiza_Depot,Mini Rolls 6-Pack,37,RT_048,1.19,37
2025-01-18 10:43:14,STORE_021,Bindura_Depot,Family Loaf,136,RT_012,2.17,136
2025-06-29 00:07:21,STORE_073,Harare_Southerton,Family Loaf,131,RT_017,2.35,131
2025-03-16 02:47:59,STORE_024,Bindura_Depot,Buns 6-Pack,224,RT_032,1.19,224
2025-03-08 03:12:29,STORE_054,Masvingo_Branch,Wholegrain Brown,260,RT_038,1.31,260
2025-01-05 10:41:23,STORE_060,Masvingo_Branch,High Energy Brwn,281,RT_014,1.22,281
2025-05-30 06:19:28,STORE_052,Masvingo_Branch,Soft White,114,RT_002,1.16,114
2025-03-19 04:27:25,STORE_104,Gweru_Branch,Whole Wheat,172,RT_038,1.36,172
2025-01-04 01:33:46,STORE_016,Masvingo_Branch,Whole Wheat,135,RT_033,1.49,135
2025-06-16 21:15:34,STORE_109,Marondera_Depot,Mini Rolls 6-Pack,191,RT_022,1.16,191
2025-05-13 05:47:13,STORE_069,Mutare_Branch,Soft White,247,RT_042,1.2,247
2025-02-09 13:25:32,STORE_038,Harare_Southerton,Sugar2kg,232,RT_043,1.48,232
2025-03-24 09:29:46,STORE_017,Masvingo_Branch,Buns 6-Pack,196,RT_027,1.25,196
2025-02-06 06:03:16,STORE_010,Bulawayo_Branch,Buns 6-Pack,277,RT_002,1.18,277
2025-04-01 11:53:55,STORE_092,Harare_Willowvale,Soft White,149,RT_030,1.33,149
2025-01-16 22:26:47,STORE_038,Kwekwe_Depot,Mini Rolls 6-Pack,106,RT_031,1.14,106
2025-02-07 09:26:26,STORE_068,Bindura_Depot,Soft White,96,RT_025,1.19,96
2025-02-02 13:44:28,STORE_113,Marondera_Depot,Wholegrain Brown,174,RT_039,1.5,174
2025-06-26 08:12:33,STORE_075,Chitungwiza_Depot,High Energy Brown,98,RT_025,1.41,98
2025-06-01 16:45:58,STORE_003,Harare_Willowvale,Mini Rolls 6-Pack,313,RT_017,1.04,313
2025-04-09 09:58:55,STORE_087,Bindura_Depot,High Energy Brown,41,RT_022,1.25,41
2025-04-27 13:27:33,STORE_076,Harare_Southerton,Whole Wheat,182,RT_024,1.63,182
2025-06-26 14:32:12,STORE_081,Marondera_Depot,High Energy White,131,RT_045,1.26,131
2025-02-03 15:27:48,STORE_022,Marondera_Depot,Seed Loaf,299,RT_009,1.54,299
2025-01-31 12:23:14,STORE_128,Marondera_Depot,Seed Loaf,292,RT_047,1.67,292
2025-05-07 13:58:33,STORE_052,Harare_Southerton,Mini Rolls 6-Pack,107,RT_020,0.92,107
2025-07-27 00:01:33,STORE_040,Mutare_Branch,Family Loaf,92,RT_002,2.1,92
2025-01-27 16:56:36,STORE_020,Gweru_Branch,Soft White,70,RT_001,1.15,70
2025-07-22 01:24:43,STORE_063,Bindura_Depot,High Energy White,64,RT_018,1.41,64
2025-07-16 01:54:29,STORE_125,Harare_Southerton,Whole Wheat,140,RT_014,1.47,140
2025-01-23 08:18:39,STORE_070,Marondera_Depot,High Energy White,60,RT_045,1.35,60
2025-01-10 01:55:14,STORE_074,Harare_Willowvale,Mini Rolls 6-Pack,189,RT_009,1.17,189
2025-05-24 08:03:37,STORE_004,Masvingo_Branch,Buns 6-Pack,8,RT_002,1.02,8
2025-02-01 06:30:22,STORE_004,Harare_Southerton,High Energy White,39,RT_009,1.23,39
2025-05-17 05:05:53,STORE_067,Bindura_Depot,Milk1L,282,RT_016,1.15,282
2025-02-18 01:07:15,STORE_043,Mutare_Branch,High Energy Brown,45,RT_045,1.29,45
2025-06-11 14:01:36,STORE_061,Gweru_Branch,Wholegrain Brown,161,RT_034,1.45,161
2025-01-18 22:44:02,STORE_094,Marondera_Depot,High Energy White,115,RT_048,1.36,115
2025-06-28 13:27:06,STORE_073,Masvingo_Branch,Wholegrain Brown,34,RT_048,1.42,34
2025-04-09 21:24:51,STORE_062,Harare_Southerton,High Energy Brown,21,RT_032,1.21,21
2025-04-30 06:59:03,STORE_130,Mutare_Branch,High Energy Brown,197,RT_042,1.41,197
2025-07-15 18:55:41,STORE_128,Bulawayo_Branch,High Energy White,196,RT_005,1.22,196
2025-04-09 12:46:39,STORE_097,Marondera_Depot,High Energy White,148,RT_019,1.33,148
2025-04-09 19:26:27,STORE_137,Bulawayo_Branch,Mini Rolls 6-Pack,264,RT_006,1.08,264
2025-05-20 10:45:39,STORE_102,Kwekwe_Depot,Wholegrain Brown,129,RT_044,1.57,129
2025-03-29 15:18:49,STORE_119,Marondera_Depot,Family Loaf,284,RT_034,2.26,284
2025-05-18 06:59:56,STORE_033,Mutare_Branch,Mini Rolls 6-Pack,232,RT_048,1.16,232
2025-03-12 00:00:00,STORE_066,Masvingo_Branch,Seed Loaf,170,RT_001,1.43,170
2025-02-09 06:36:56,STORE_059,Harare_Southerton,Whole Wheat,135,RT_047,,135
2025-01-26 06:22:06,STORE_018,Bindura_Depot,Mini Rolls 6-Pack,279,RT_017,0.99,279
2025-06-29 03:41:47,STORE_112,Mutare_Branch,Soft White,220,RT_005,1.13,220
2025-03-05 19:43:34,STORE_134,Bindura_Depot,Buns 6-Pack,148,RT_018,1.2,148
2025-02-18 20:20:59,STORE_069,Kwekwe_Depot,Family Loaf,227,RT_013,2.12,227
2025-06-01 19:35:15,STORE_092,Kwekwe_Depot,Family Loaf,305,RT_026,2.25,305
2025-06-25 01:48:22,STORE_082,Harare_Willowvale,Mini Rolls 6-Pack,76,RT_004,0.98,76
2025-04-08 11:48:29,STORE_088,Harare_Willowvale,Seed Loaf,74,RT_020,1.49,74
2025-03-17 17:15:55,STORE_064,Marondera_Depot,Buns 6-Pack,33,RT_001,1.22,33
2025-05-18 07:34:00,STORE_025,Bindura_Depot,Mini Rolls 6-Pack,106,RT_027,0.91,106
2025-01-30 16:53:56,STORE_133,Masvingo_Branch,Whole Wheat,155,RT_030,1.53,155
2025-01-25 22:33:48,STORE_029,Marondera_Depot,Family Loaf,27,RT_002,2.21,27
2025-06-15 03:33:08,STORE_041,Bindura_Depot,Buns 6-Pack,144,RT_017,1.23,144
2025-01-18 07:33:50,STORE_036,Harare_Southerton,Mini Rolls 6-Pack,216,RT_045,1.17,216
2025-06-11 17:03:35,STORE_072,Mutare_Branch,Seed Loaf,144,RT_015,1.7,144
2025-07-04 13:40:56,STORE_121,Gweru_Branch,High Energy White,277,RT_035,1.48,277
2025-07-08 00:08:06,STORE_134,Masvingo_Branch,High Energy Brown,247,RT_020,1.22,247
2025-07-09 16:13:39,STORE_035,Harare_Willowvale,Soft White,69,RT_016,1.34,69
2025-01-28 05:01:16,STORE_058,Kwekwe_Depot,High Energy White,277,RT_004,1.41,277
2025-04-21 18:48:15,STORE_071,Chitungwiza_Depot,Mini Rolls 6-Pack,236,RT_008,1.09,236
2025-04-12 04:04:33,STORE_113,Bindura_Depot,Buns 6-Pack,94,RT_004,1.09,94
2025-05-21 18:54:38,STORE_136,Bulawayo_Branch,Wholegrain Brown,207,RT_009,1.36,207
2025-04-23 00:26:31,STORE_019,Gweru_Branch,High Energy White,246,RT_022,1.46,246
2025-02-13 04:11:18,STORE_028,Chitungwiza_Depot,Seed Loaf,49,RT_036,1.66,49
2025-01-26 12:35:49,STORE_007,Marondera_Depot,High Energy White,77,RT_020,1.48,77
2025-04-03 16:48:12,STORE_051,Bulawayo_Branch,Soft White,61,RT_019,1.25,61
2025-01-11 15:04:01,STORE_126,Bindura_Depot,Seed Loaf,10,RT_012,1.64,10
2025-07-20 23:21:57,STORE_044,Harare_Willowvale,Buns 6-Pack,36,RT_046,1.2,36
2025-02-02 20:14:49,STORE_017,Harare_Willowvale,Buns 6-Pack,162,RT_020,1.24,162
2025-01-30 00:50:48,STORE_072,Kwekwe_Depot,Mini Rolls 6-Pack,42,RT_016,1.15,42
2025-01-04 11:56:26,STORE_066,Gweru_Branch,Soft White,148,RT_008,1.3,148
2025-07-07 12:45:21,STORE_010,Masvingo_Branch,High Energy Brown,115,RT_018,1.21,115
2025-04-27 23:57:11,STORE_012,Masvingo_Branch,High Energy Brown,290,RT_043,1.26,290
2025-07-04 21:43:34,STORE_065,Masvingo_Branch,Buns 6-Pack,245,RT_019,1.08,245
2025-04-21 22:34:56,STORE_039,Gweru_Branch,Mini Rolls 6-Pack,245,RT_011,1.12,245
2025-07-23 01:57:28,STORE_035,Kwekwe_Depot,Family Loaf,134,RT_036,2.35,134
2025-03-16 01:50:31,STORE_033,Marondera_Depot,Mini Rolls 6-Pack,129,RT_030,0.91,129
2025-02-19 12:44:50,STORE_061,Bulawayo_Branch,Soft White,316,RT_030,1.12,316
2025-01-17 20:08:28,STORE_066,Harare_Southerton,Seed Loaf,71,RT_038,1.51,71
2025-02-26 05:54:08,STORE_096,Bindura_Depot,Wholegrain Brown,71,RT_032,1.54,71
2025-05-17 04:11:58,STORE_033,Harare_Southerton,Wholegrain Brown,318,RT_045,1.37,318
2025-06-20 17:52:47,STORE_084,Mutare_Branch,Family Loaf,291,RT_019,2.24,291
2025-01-04 10:39:02,STORE_064,Kwekwe_Depot,High Energy Brown,203,RT_008,1.5,203
2025-04-07 12:02:15,STORE_016,Mutare_Branch,Whole Wheat,28,RT_027,1.49,28
2025-04-27 02:48:34,STORE_135,Marondera_Depot,High Energy Brown,266,RT_016,1.24,266
2025-07-23 22:05:47,STORE_059,Gweru_Branch,Mini Rolls 6-Pack,290,RT_031,1.08,290
2025-06-29 20:43:04,STORE_095,Marondera_Depot,High Energy Brown,599,RT_002,1.41,599
2025-01-30 19:22:06,STORE_127,Masvingo_Branch,Whole Wheat,251,RT_038,1.56,251
2025-07-26 14:43:34,STORE_124,Marondera_Depot,High Energy White,12,RT_049,1.27,12
2025-02-15 19:43:35,STORE_071,Bindura_Depot,Family Loaf,192,RT_034,2.28,192
2025-03-31 20:47:41,STORE_111,Kwekwe_Depot,Wholegrain Brown,20,RT_009,1.49,20
2025-05-24 03:12:56,STORE_090,Bulawayo_Branch,Seed Loaf,190,RT_040,1.67,190
2025-02-22 19:01:35,STORE_111,Kwekwe_Depot,High Energy Brown,6,RT_012,1.35,6
2025-04-30 03:34:56,STORE_054,Bindura_Depot,High Energy White,98,RT_023,1.2,98
2025-04-30 13:03:11,STORE_070,Bindura_Depot,Mini Rolls 6-Pack,41,RT_012,1.02,41
2025-03-13 01:22:33,STORE_085,Harare_Southerton,Family Loaf,176,RT_044,2.1,176
2025-04-09 14:36:32,STORE_103,Marondera_Depot,Seed Loaf,295,RT_047,1.67,295
2025-07-11 08:38:15,STORE_044,Chitungwiza_Depot,Seed Lof,151,RT_015,1.47,151
2025-02-06 14:29:17,STORE_100,Bulawayo_Branch,Family Loaf,151,RT_015,2.39,151
2025-01-13 07:20:05,STORE_107,Chitungwiza_Depot,High Energy White,232,RT_025,1.24,232
2025-02-01 01:56:40,STORE_065,Chitungwiza_Depot,Buns 6-Pack,228,RT_011,1.1,228
2025-05-19 13:50:51,STORE_011,Bulawayo_Branch,Buns 6-Pack,134,RT_023,1.16,134
2025-03-14 15:38:40,STORE_116,Masvingo_Branch,Whole Wheat,316,RT_014,1.6,316
2025-02-25 10:38:07,STORE_125,Bindura_Depot,Buns 6-Pack,4,RT_008,1.04,4
2025-01-28 18:23:29,STORE_107,Chitungwiza_Depot,Seed Loaf,38,RT_019,1.66,38
2025-05-26 03:39:35,STORE_048,Kwekwe_Depot,Buns 6-Pack,53,RT_014,1.28,53
2025-04-03 06:16:19,STORE_129,Bindura_Depot,High Energy Brown,220,,1.28,220
2025-06-24 15:46:47,STORE_083,Harare_Willowvale,Soft White,229,RT_040,1.13,229
2025-03-26 21:28:21,STORE_083,Chitungwiza_Depot,Family Loaf,199,RT_030,2.31,199
2025-01-16 17:50:47,STORE_045,Marondera_Depot,Whole Wheat,149,RT_036,1.58,149
2025-05-27 07:43:53,STORE_096,Chitungwiza_Depot,High Energy White,313,RT_014,1.39,313
2025-05-01 06:40:34,STORE_047,Gweru_Branch,Buns 6-Pack,235,RT_001,1.26,235
2025-05-30 16:59:35,STORE_118,Bulawayo_Branch,Buns 6-Pack,118,RT_041,1.08,118
2025-07-21 09:53:09,STORE_013,Harare_Southerton,High Energy Brown,199,RT_039,1.46,199
2025-03-20 00:00:00,STORE_045,Marondera_Depot,High Energy Brown,76,RT_037,1.45,76
2025-05-14 02:00:31,STORE_081,Chitungwiza_Depot,High Energy Brown,252,RT_019,1.45,252
2025-04-27 19:48:24,STORE_126,Harare_Willowvale,Family Loaf,279,RT_022,2.21,279
2025-03-22 18:22:20,STORE_006,Harare_Southerton,Buns 6-Pack,98,RT_037,1.28,98
2025-03-02 00:08:22,STORE_109,Bindura_Depot,Wholegrain Brown,261,,1.44,261
2025-03-29 00:13:38,STORE_085,Chitungwiza_Depot,Mini Rolls 6-Pack,89,RT_037,0.96,89
2025-03-07 18:17:48,STORE_113,Kwekwe_Depot,Family Loaf,40,RT_033,2.38,40
2025-01-20 11:30:32,STORE_113,Chitungwiza_Depot,Soft White,211,RT_042,1.14,211
2025-05-20 14:31:03,STORE_056,Harare_Willowvale,High Energy Brown,110,RT_016,1.29,110
2025-06-19 19:16:49,STORE_113,Bulawayo_Branch,High Energy Brown,147,RT_047,1.39,147
2025-01-21 22:08:57,STORE_135,Harare_Southerton,Soft White,77,RT_034,1.24,77
2025-05-11 06:15:07,STORE_063,Mutare_Branch,Wholegrain Brown,160,RT_041,1.47,160
2025-05-15 08:44:36,STORE_045,Bindura_Depot,Whole Wheat,142,RT_034,1.61,142
2025-03-17 12:00:29,STORE_082,Masvingo_Branch,High Energy White,166,RT_006,1.49,166
2025-05-11 19:04:34,STORE_079,Mutare_Branch,Buns 6-Pack,34,RT_002,1.24,34
2025-05-27 08:59:51,STORE_050,Gweru_Branch,Mini Rolls 6-Pack,284,RT_022,1.0,284
2025-05-13 18:54:34,STORE_057,Harare_Willowvale,Soft White,185,RT_003,1.22,185
2025-02-13 11:52:54,STORE_007,Bulawayo_Branch,Buns 6-Pack,138,RT_006,1.26,138
2025-03-01 10:10:07,STORE_005,Harare_Southerton,Buns 6-Pack,230,RT_038,1.2,230
2025-06-05 11:10:45,STORE_041,Bindura_Depot,High Energy White,319,RT_009,1.23,319
2025-04-18 09:06:24,STORE_052,Masvingo_Branch,Soft White,234,RT_022,1.2,234
2025-07-22 11:26:12,STORE_076,Chitungwiza_Depot,High Energy Brown,20,RT_034,1.22,20
2025-06-29 06:03:48,STORE_106,Kwekwe_Depot,Whole Wheat,48,RT_019,1.65,48
2025-02-05 08:55:51,STORE_022,Bindura_Depot,Mini Rolls 6-Pack,170,RT_023,1.1,170
2025-02-10 10:40:12,STORE_031,Harare_Willowvale,Whole Wheat,188,RT_039,1.47,188
2025-07-06 12:16:01,STORE_130,Harare_Willowvale,Whole Wheat,184,RT_033,1.57,184
2025-06-04 06:13:08,STORE_062,Harare_Southerton,Soft White,232,RT_049,1.13,232
2025-01-18 10:01:40,STORE_022,Bulawayo_Branch,High Energy White,30,RT_018,1.39,30
2025-03-29 03:49:37,STORE_028,Bindura_Depot,Wholegrain Brown,203,RT_039,1.4,203
2025-01-23 03:39:40,STORE_061,Mutare_Branch,Whole Wheat,192,RT_023,1.41,192
2025-03-28 15:32:07,STORE_109,Chitungwiza_Depot,Mini Rolls 6-Pack,53,RT_035,1.02,53
2025-01-06 05:01:07,STORE_132,Bulawayo_Branch,Soft White,195,RT_012,1.19,195
2025-04-18 14:37:28,STORE_099,Mutare_Branch,Buns 6-Pack,276,RT_040,1.07,276
2025-05-23 19:00:10,STORE_023,Gweru_Branch,Wholegrain Brown,168,RT_032,1.57,168
2025-07-12 06:06:51,STORE_062,Harare_Southerton,Wholegrain Brown,155,RT_013,1.44,155
2025-05-15 07:57:23,STORE_072,Bindura_Depot,Whole Wheat,249,RT_037,1.59,249
2025-03-09 05:37:21,STORE_008,Bindura_Depot,Whole Wheat,129,RT_008,1.62,129
2025-05-17 19:29:29,STORE_036,Bulawayo_Branch,Soft White,303,RT_020,1.19,303
2025-03-13 12:02:52,STORE_095,Marondera_Depot,Family Loaf,178,RT_033,2.12,178
2025-07-20 17:27:31,STORE_095,Harare_Southerton,Soft White,312,RT_003,1.34,312
2025-07-23 00:49:24,STORE_099,Harare_Willowvale,Whole Wheat,72,RT_030,1.39,72
2025-01-09 08:17:17,STORE_087,Harare_Willowvale,Family Loaf,66,RT_042,2.16,66
2025-01-09 10:55:59,STORE_032,Harare_Southerton,High Energy White,178,RT_005,1.27,178
2025-04-16 12:51:43,STORE_094,Bindura_Depot,Seed Loaf,181,RT_039,1.43,181
2025-06-09 22:19:50,STORE_119,Harare_Willowvale,High Energy White,213,RT_025,1.32,213
2025-06-06 15:36:13,STORE_035,Mutare_Branch,Mini Rolls 6-Pack,213,RT_035,1.08,213
2025-07-15 21:13:51,STORE_082,Bindura_Depot,High Energy White,160,RT_001,1.26,160
2025-02-06 02:33:32,STORE_035,Harare_Willowvale,High Energy White,84,RT_031,1.37,84
2025-04-25 15:11:23,STORE_087,Harare_Willowvale,Seed Loaf,240,RT_044,1.55,240
2025-03-19 01:04:29,STORE_068,Bindura_Depot,High Energy Brown,151,RT_027,1.22,151
2025-01-29 12:17:28,STORE_126,Marondera_Depot,Family Loaf,103,RT_025,2.34,103
2025-02-20 04:18:38,STORE_051,Harare_Southerton,High Energy White,69,RT_021,1.4,69
2025-03-02 07:26:06,STORE_034,Mutare_Branch,High Energy Brown,243,RT_019,1.43,243
2025-02-18 01:12:18,STORE_047,Mutare_Branch,Whole Wheat,116,RT_027,1.52,116
2025-06-28 19:07:20,STORE_059,Harare_Southerton,Mini Rolls 6-Pack,226,RT_036,1.03,226
2025-03-31 03:46:29,STORE_084,Bulawayo_Branch,Soft White,205,RT_001,1.3,205
2025-06-19 19:36:23,STORE_098,Gweru_Branch,Soft White,64,RT_048,1.28,64
2025-06-19 14:05:53,STORE_023,Masvingo_Branch,High Energy Brown,39,RT_039,1.35,39
2025-07-29 20:15:40,STORE_063,Masvingo_Branch,Wholegrain Brown,34,RT_026,1.32,34
2025-04-03 10:25:22,STORE_095,,Wholegrain Brown,241,RT_023,1.45,241
2025-02-03 09:32:59,STORE_091,Gweru_Branch,Mini Rolls 6-Pack,257,RT_045,1.1,257
2025-03-26 16:46:34,STORE_119,Mutare_Branch,Soft White,156,RT_014,1.24,156
2025-01-05 08:47:04,STORE_063,Marondera_Depot,Buns 6-Pack,205,RT_038,1.05,205
2025-05-30 01:32:00,STORE_036,Bindura_Depot,High Energy Brown,254,RT_030,1.34,254
2025-03-11 05:49:07,STORE_045,Mutare_Branch,High Energy Brown,25,RT_047,1.35,25
2025-05-23 18:48:50,STORE_092,Harare_Southerton,Seed Loaf,228,RT_049,1.54,228
2025-02-13 12:54:35,STORE_126,Marondera_Depot,Family Loaf,251,RT_014,2.26,251
2025-01-28 19:15:10,STORE_095,Harare_Southerton,High Energy Brown,13,RT_009,1.47,13
2025-03-26 23:12:07,STORE_131,Kwekwe_Depot,High Energy White,142,RT_007,1.22,142
2025-06-28 04:01:15,STORE_116,Masvingo_Branch,Seed Loaf,12,RT_012,1.64,12
2025-06-29 06:57:58,STORE_085,Bulawayo_Branch,Wholegrain Brown,237,RT_042,1.43,237
2025-04-06 00:36:14,STORE_012,Gweru_Branch,Family Loaf,305,RT_039,2.16,305
2025-07-16 14:09:26,STORE_069,Kwekwe_Depot,High Energy Brown,109,RT_024,1.5,109
2025-01-31 20:51:47,STORE_093,Masvingo_Branch,Mini Rolls 6-Pack,153,RT_011,1.09,153
2025-07-17 18:59:31,STORE_026,Masvingo_Branch,High Energy White,38,RT_033,1.47,38
2025-06-05 04:45:08,STORE_002,Marondera_Depot,Family Loaf,169,RT_029,2.2,169
2025-05-20 14:39:44,STORE_035,Kwekwe_Depot,Family Loaf,230,RT_015,2.21,230
2025-07-07 03:12:25,STORE_085,Chitungwiza_Depot,Wholegrain Brown,89,RT_002,1.4,89
2025-02-15 22:04:05,STORE_139,Marondera_Depot,Soft White,247,RT_031,1.37,247
2025-07-27 06:40:30,STORE_102,Harare_Willowvale,Soft White,253,RT_009,1.21,253
2025-03-24 06:46:11,STORE_024,Harare_Willowvale,High Energy White,70,RT_047,1.3,70
2025-05-09 01:50:29,STORE_133,Harare_Willowvale,High Energy Brown,230,RT_035,1.43,230
2025-01-18 14:44:36,STORE_105,Bindura_Depot,Wholegrain Brown,242,RT_014,1.6,242
2025-03-21 18:55:28,STORE_073,Gweru_Branch,Seed Loaf,207,RT_005,1.46,207
2025-04-21 10:23:19,STORE_068,Harare_Southerton,High Energy Brown,79,RT_031,1.25,79
2025-03-25 17:02:20,STORE_105,Masvingo_Branch,Whole Wheat,165,RT_024,1.48,165
2025-07-27 04:12:27,STORE_076,Bindura_Depot,Mini Rolls 6-Pack,180,RT_033,1.08,180
2025-05-09 21:11:14,STORE_054,Harare_Southerton,Mini Rolls 6-Pack,156,RT_006,0.92,156
2025-06-12 05:59:16,STORE_060,Bindura_Depot,Wholegrain Brown,272,RT_038,1.4,272
2025-05-02 15:03:16,STORE_048,Bulawayo_Branch,Soft White,152,RT_010,1.27,152
2025-03-04 22:45:57,STORE_028,Marondera_Depot,High Energy White,200,RT_004,1.45,200
2025-06-06 02:09:54,STORE_028,Chitungwiza_Depot,Whole Wheat,114,RT_023,1.52,114
2025-01-06 12:58:59,STORE_082,Harare_Southerton,Whole Wheat,126,RT_024,1.44,126
2025-05-23 01:44:35,STORE_087,Bulawayo_Branch,Seed Loaf,279,RT_008,1.42,279
2025-07-23 17:17:51,STORE_129,Bulawayo_Branch,Buns 6-Pack,293,RT_038,1.25,293
2025-04-28 15:57:27,STORE_111,Chitungwiza_Depot,Family Loaf,226,RT_030,2.11,226
2025-03-19 03:17:57,STORE_001,Kwekwe_Depot,Family Loaf,227,RT_006,2.37,227
2025-03-15 04:12:52,STORE_123,Chitungwiza_Depot,High Energy Brown,134,RT_028,1.35,134
2025-06-18 14:33:13,STORE_079,Bulawayo_Branch,Buns 6-Pack,267,RT_021,1.3,267
2025-06-29 02:05:55,STORE_016,Bulawayo_Branch,High Energy White,125,RT_039,1.26,125
2025-02-11 03:50:10,STORE_076,Bulawayo_Branch,High Energy Brown,172,RT_018,1.28,172
2025-02-19 02:22:34,STORE_132,Gweru_Branch,Whole Wheat,261,RT_034,1.39,261
2025-05-17 09:48:22,STORE_131,Mutare_Branch,Wholegrain Brown,279,RT_022,1.45,279
2025-05-17 10:35:10,STORE_105,Bindura_Depot,Seed Loaf,180,RT_003,1.47,180
2025-06-09 20:07:57,STORE_103,Bulawayo_Branch,Family Loaf,74,RT_004,2.25,74
2025-02-10 07:43:22,STORE_019,Chitungwiza_Depot,High Energy Brown,121,RT_038,1.21,121
2025-01-14 23:49:17,STORE_080,Marondera_Depot,Family Loaf,265,RT_018,2.25,265
2025-03-11 00:25:32,STORE_074,,Family Loaf,96,RT_011,2.21,96
2025-02-28 12:28:13,STORE_133,Masvingo_Branch,Soft White,78,RT_040,1.35,78
2025-04-13 00:54:47,STORE_032,Harare_Willowvale,Buns 6-Pack,251,RT_011,1.21,251
2025-05-18 21:42:50,STORE_015,Gweru_Branch,High Energy White,253,RT_027,1.4,253
2025-05-15 09:04:07,STORE_090,Bulawayo_Branch,Seed Loaf,317,RT_011,1.69,317
2025-01-12 09:22:36,STORE_064,Chitungwiza_Depot,Family Loaf,76,RT_032,2.26,76
2025-05-14 08:45:30,STORE_072,Kwekwe_Depot,High Energy Brown,256,RT_049,1.32,256
2025-01-27 22:40:33,STORE_088,Harare_Willowvale,High Energy Brown,309,RT_049,1.32,309
2025-06-21 10:04:01,STORE_137,Harare_Southerton,Buns 6-Pack,319,RT_006,1.18,319
2025-07-15 12:17:38,STORE_004,Bindura_Depot,Buns 6-Pack,275,RT_018,1.21,275
2025-04-12 23:35:09,STORE_101,Mutare_Branch,Coke500ml,8,RT_026,1.52,8
2025-01-20 04:05:21,STORE_023,Mutare_Branch,Soft White,188,RT_034,1.14,188
2025-04-28 21:29:23,STORE_007,Marondera_Depot,Wholegrain Brown,56,RT_006,1.59,56
2025-02-25 11:31:25,STORE_073,Bindura_Depot,Mini Rolls 6-Pack,69,RT_006,1.06,69
2025-07-05 14:20:24,STORE_137,Masvingo_Branch,Mini Rolls 6-Pack,94,RT_025,1.08,94
2025-06-07 03:01:43,STORE_055,Harare_Willowvale,Soft White,98,RT_004,1.17,98
2025-03-13 01:49:54,STORE_089,Masvingo_Branch,Seed Loaf,311,RT_010,1.49,311
2025-07-07 13:53:53,STORE_108,Bulawayo_Branch,Mini Rolls 6-Pack,169,RT_041,0.92,169
2025-07-05 23:28:11,STORE_097,Gweru_Branch,Mini Rolls 6-Pack,81,RT_015,1.11,81
2025-06-30 14:30:23,STORE_059,Mutare_Branch,Mini Rolls 6-Pack,230,RT_033,1.13,230
2025-06-12 13:47:51,STORE_134,Masvingo_Branch,Seed Loaf,80,RT_029,1.62,80
2025-05-02 05:45:16,STORE_012,Marondera_Depot,Mini Rolls 6-Pack,308,RT_002,1.13,308
2025-02-02 08:25:26,STORE_131,Bulawayo_Branch,Whole Wheat,148,RT_001,1.56,148
2025-02-24 02:51:59,STORE_122,Mutare_Branch,Whole Wheat,44,RT_034,1.53,44
2025-04-12 21:59:46,STORE_041,Mutare_Branch,High Energy Brown,123,RT_012,1.31,123
2025-07-07 17:14:24,STORE_061,Bindura_Depot,Seed Loaf,170,RT_044,1.58,170
2025-05-04 00:56:32,STORE_067,Marondera_Depot,High Energy Brown,54,RT_032,1.3,54
2025-05-11 12:17:45,STORE_026,Harare_Willowvale,High Energy Brown,307,RT_046,1.43,307
2025-07-16 14:22:40,STORE_075,Harare_Southerton,High Energy White,136,RT_021,1.29,136
2025-04-07 12:42:13,STORE_106,Harare_Willowvale,Buns 6-Pack,25,RT_045,1.06,25
2025-05-07 09:50:08,STORE_063,Marondera_Depot,High Energy White,18,RT_038,1.48,18
2025-05-18 22:37:07,STORE_125,Harare_Willowvale,Whole Wheat,121,RT_009,1.47,121
2025-03-22 15:56:09,STORE_019,Bindura_Depot,High Energy White,200,RT_029,1.4,200
2025-06-04 19:43:52,STORE_061,Masvingo_Branch,High Energy White,18,RT_045,1.48,18
2025-01-26 14:12:10,STORE_035,Marondera_Depot,High Energy Brown,12,RT_045,1.3,12
2025-07-09 04:54:34,STORE_022,Harare_Willowvale,Mini Rolls 6-Pack,144,RT_034,1.19,144
2025-01-21 00:58:50,STORE_044,Masvingo_Branch,Family Loaf,97,RT_011,2.35,97
2025-06-23 09:24:57,STORE_100,Mutare_Branch,High Energy Brown,6,RT_028,1.34,6
2025-04-24 14:09:09,STORE_011,Harare_Willowvale,Whole Wheat,16,RT_032,1.65,16
2025-02-26 07:42:28,STORE_030,Bindura_Depot,Sugar2kg,143,RT_037,1.5,143
2025-01-01 01:17:57,STORE_095,Bindura_Depot,Whole Wheat,271,RT_049,1.41,271
2025-03-15 11:40:44,STORE_121,Mutare_Branch,High Energy White,21,RT_011,1.29,21
2025-03-05 18:13:53,STORE_083,Kwekwe_Depot,Whole Wheat,316,RT_041,1.59,316
2025-07-14 02:24:34,STORE_114,Gweru_Branch,Seed Loaf,84,RT_031,1.65,84
2025-02-07 00:32:27,STORE_068,Chitungwiza_Depot,Buns 6-Pack,50,RT_019,1.15,50
2025-06-12 03:04:42,STORE_093,Harare_Southerton,Soft White,182,RT_049,1.15,182
2025-06-27 21:57:48,STORE_038,Masvingo_Branch,High Energy White,19,RT_012,1.48,19
2025-03-17 21:04:11,STORE_063,Bindura_Depot,Whole Wheat,265,RT_028,1.45,265
2025-07-09 03:39:34,STORE_129,Bindura_Depot,Soft White,23,RT_016,1.13,23
2025-07-03 19:59:42,STORE_063,Kwekwe_Depot,Whole Wheat,262,RT_037,1.58,262
2025-02-09 21:13:30,STORE_119,Mutare_Branch,Whole Wheat,12,RT_035,1.59,12
2025-05-07 07:23:16,STORE_054,Gweru_Branch,Seed Loaf,72,RT_019,1.51,72
2025-01-27 05:49:17,STORE_001,Harare_Southerton,Mini Rolls 6-Pack,6,RT_020,1.08,6
2025-03-22 21:00:59,STORE_114,Chitungwiza_Depot,Soft White,281,RT_017,1.37,281
2025-05-29 03:35:27,STORE_053,Marondera_Depot,Family Loaf,298,RT_014,2.15,298
2025-05-25 13:22:50,STORE_096,Marondera_Depot,Whole Wheat,53,RT_025,1.49,53
2025-03-08 11:17:46,STORE_126,Chitungwiza_Depot,Whole Wheat,177,RT_019,1.59,177
2025-02-11 10:57:50,STORE_049,Kwekwe_Depot,Soft White,17,RT_049,1.37,17
2025-02-07 10:45:59,STORE_071,Kwekwe_Depot,High Energy White,109,RT_001,1.45,109
2025-02-19 02:44:20,STORE_032,Marondera_Depot,Family Loaf,198,RT_004,2.32,198
2025-03-24 17:07:03,STORE_026,Chitungwiza_Depot,Mini Rolls 6-Pack,198,RT_024,1.06,198
2025-03-21 08:54:18,STORE_002,Mutare_Branch,Mini Rolls 6-Pack,317,RT_017,1.06,317
2025-07-07 16:39:21,STORE_101,Masvingo_Branch,High Energy White,21,RT_035,1.48,21
2025-05-17 13:13:41,STORE_064,Kwekwe_Depot,High Energy White,86,RT_048,1.21,86
2025-01-17 05:50:00,STORE_005,Mutare_Branch,Wholegrain Brown,314,RT_011,1.52,314
2025-07-06 01:03:26,STORE_137,Bulawayo_Branch,Whole Wheat,125,RT_047,1.57,125
2025-06-16 14:32:32,STORE_089,Bindura_Depot,High Energy White,177,RT_048,1.37,177
2025-01-02 12:38:56,STORE_092,Harare_Willowvale,Soft White,17,RT_025,1.37,17
2025-02-26 23:00:07,STORE_111,Bindura_Depot,Seed Loaf,234,RT_031,1.43,234
2025-03-05 20:01:10,STORE_011,Chitungwiza_Depot,Seed Loaf,73,RT_045,1.44,73
2025-03-11 11:18:16,STORE_009,Kwekwe_Depot,Family Loaf,23,RT_015,2.13,23
2025-03-06 14:13:35,STORE_012,Mutare_Branch,Soft White,224,RT_014,1.35,224
2025-01-19 12:33:16,STORE_015,Gweru_Branch,Mini Rolls 6-Pack,198,RT_043,1.01,198
2025-02-09 23:21:45,STORE_105,Bindura_Depot,Milk1L,68,RT_040,1.57,68
2025-01-10 12:59:13,STORE_113,Kwekwe_Depot,Whole Wheat,127,RT_041,1.61,127
2025-07-13 14:29:55,STORE_024,Chitungwiza_Depot,High Energy Brown,296,RT_014,1.36,296
2025-01-22 07:34:08,STORE_129,Mutare_Branch,Soft White,175,RT_043,1.3,175
2025-01-02 14:47:28,STORE_119,Masvingo_Branch,Soft White,193,RT_004,1.12,193
2025-07-18 19:38:53,STORE_109,Kwekwe_Depot,Whole Wheat,32,RT_046,1.5,32
2025-07-05 00:20:27,STORE_079,Marondera_Depot,Buns 6-Pack,269,RT_048,1.07,269
2025-04-15 12:31:12,STORE_056,Chitungwiza_Depot,Soft White,216,RT_031,,216
2025-03-06 02:22:46,STORE_036,Gweru_Branch,Whole Wheat,230,RT_039,1.43,230
2025-01-21 21:47:03,STORE_117,Masvingo_Branch,High Energy Brown,204,RT_046,1.35,204
2025-01-26 15:16:19,STORE_079,Bulawayo_Branch,Family Loaf,227,RT_043,2.3,227
2025-06-25 13:36:10,STORE_063,Chitungwiza_Depot,Soft White,247,RT_031,1.35,247
2025-01-27 17:48:00,STORE_059,Harare_Willowvale,Family Loaf,96,RT_006,2.18,96
2025-02-08 23:10:12,STORE_071,Kwekwe_Depot,Soft White,98,RT_025,1.15,98
2025-04-22 22:43:24,STORE_109,Harare_Willowvale,Family Loaf,237,RT_026,2.14,237
2025-01-02 20:03:41,STORE_035,Gweru_Branch,Seed Loaf,230,RT_046,1.56,230
2025-06-03 01:05:57,STORE_059,Bindura_Depot,Whole Wheat,243,RT_008,1.55,243
2025-04-04 00:55:08,STORE_011,Bulawayo_Branch,Soft White,122,RT_034,1.31,122
2025-06-18 13:32:11,STORE_119,Harare_Willowvale,Seed Loaf,275,RT_036,1.54,275
2025-06-18 20:25:01,STORE_101,Harare_Willowvale,Wholegrain Brown,223,RT_045,1.53,223
2025-01-02 22:34:19,STORE_011,Masvingo_Branch,Whole Wheat,231,RT_020,1.44,231
2025-07-07 19:12:23,STORE_022,Kwekwe_Depot,Whole Wheat,99,RT_038,1.49,99
2025-01-30 10:45:06,STORE_069,Bindura_Depot,High Energy Brown,206,RT_024,1.21,206
2025-03-01 00:10:27,STORE_076,Gweru_Branch,Seed Loaf,300,RT_038,1.56,300
2025-05-05 00:24:53,STORE_037,Marondera_Depot,Soft White,168,RT_037,1.14,168
2025-02-16 15:51:04,STORE_098,Harare_Willowvale,Mini Rolls 6-Pack,279,RT_024,1.0,279
2025-01-01 16:19:51,STORE_076,Gweru_Branch,Mini Rolls 6-Pack,283,RT_043,1.03,283
2025-05-04 01:03:30,STORE_067,Marondera_Depot,High Energy Brown,290,RT_027,1.4,290
2025-06-01 19:01:24,STORE_139,Bulawayo_Branch,High Energy Brown,156,RT_016,1.47,156
2025-04-15 07:52:17,STORE_138,Gweru_Branch,Family Loaf,191,RT_039,2.1,191
2025-02-08 22:38:15,STORE_132,Bindura_Depot,High Energy White,266,RT_024,1.45,266
2025-01-31 21:48:12,STORE_104,Harare_Southerton,Seed Loaf,284,RT_010,1.55,284
2025-01-20 08:37:55,STORE_045,Marondera_Depot,High Energy Brown,185,RT_040,1.49,185
2025-04-14 09:37:43,STORE_052,Gweru_Branch,Whole Wheat,127,RT_041,1.45,127
2025-07-23 18:24:58,STORE_102,Bulawayo_Branch,High Energy Brown,302,RT_035,1.21,302
2025-01-23 11:01:23,STORE_086,Marondera_Depot,Buns 6-Pack,260,RT_011,1.04,260
2025-06-20 14:00:46,STORE_045,Bulawayo_Branch,Seed Loaf,145,RT_020,1.44,145
2025-02-18 22:46:55,STORE_084,Bindura_Depot,Family Loaf,291,RT_024,2.39,291
2025-06-18 17:22:29,STORE_131,Bindura_Depot,Wholegrain Brown,19,RT_006,1.37,19
2025-06-22 14:23:04,STORE_085,Harare_Willowvale,Family Loaf,108,RT_047,2.31,108
2025-06-14 15:48:40,STORE_071,Bindura_Depot,Whole Wheat,100,RT_028,1.52,100
2025-03-13 22:50:18,STORE_122,Marondera_Depot,High Energy Brown,42,RT_041,1.26,42
2025-05-14 10:05:01,STORE_093,Harare_Willowvale,Whole Wheat,115,RT_002,1.61,115
2025-01-15 07:23:56,STORE_071,Harare_Willowvale,High Energy Brown,145,RT_003,1.49,145
2025-03-17 22:04:02,STORE_011,Chitungwiza_Depot,High Energy White,182,RT_021,1.41,182
2025-02-04 12:18:19,STORE_064,Masvingo_Branch,Wholegrain Brown,300,RT_013,1.49,300
2025-01-12 08:06:21,STORE_032,Bindura_Depot,Wholegrain Brown,43,RT_033,1.33,43
2025-02-25 12:59:53,STORE_032,Bindura_Depot,Seed Loaf,178,RT_014,1.5,178
2025-06-26 20:45:46,STORE_083,Chitungwiza_Depot,High Energy White,143,RT_018,1.37,143
2025-03-24 14:06:20,STORE_010,Masvingo_Branch,Whole Wheat,155,RT_008,1.4,155
2025-05-02 00:09:21,STORE_012,Bulawayo_Branch,Buns 6-Pack,227,RT_023,1.2,227
2025-03-14 11:28:25,STORE_061,Bulawayo_Branch,Seed Loaf,262,RT_009,1.51,262
2025-03-22 08:26:02,STORE_102,Bulawayo_Branch,Family Loaf,24,RT_026,2.22,24
2025-03-11 10:03:24,STORE_002,Chitungwiza_Depot,Mini Rolls 6-Pack,269,RT_013,0.96,269
2025-05-11 20:48:34,STORE_080,Kwekwe_Depot,Whole Wheat,141,RT_006,1.36,141
2025-07-11 11:26:37,STORE_138,Masvingo_Branch,Soft White,64,RT_040,1.25,64
2025-07-17 18:03:59,STORE_002,,Mini Rolls 6-Pack,130,RT_010,,130
2025-02-02 03:00:14,STORE_014,Mutare_Branch,Mini Rolls 6-Pack,29,RT_048,1.16,29
2025-07-04 17:24:17,STORE_050,Harare_Southerton,Family Loaf,252,RT_029,2.27,252
2025-03-29 06:22:49,STORE_044,Masvingo_Branch,Family Loaf,180,RT_035,2.24,180
2025-02-27 05:28:25,STORE_017,Kwekwe_Depot,Mini Rolls 6-Pack,201,RT_026,1.14,201
2025-06-07 19:34:02,STORE_054,Harare_Southerton,High Energy Brown,40,RT_026,1.47,40
2025-03-15 13:44:47,STORE_030,Marondera_Depot,Whole Wheat,264,RT_027,1.43,264
2025-02-22 01:48:31,STORE_060,Masvingo_Branch,Seed Loaf,96,RT_005,1.5,96
2025-01-24 09:23:11,STORE_067,Chitungwiza_Depot,Seed Loaf,181,RT_006,1.7,181
2025-02-12 20:29:50,STORE_128,Harare_Southerton,Family Loaf,197,RT_030,2.15,197
2025-06-30 12:19:07,STORE_082,Marondera_Depot,Family Loaf,304,RT_042,2.39,304
2025-01-07 21:09:17,STORE_040,Harare_Willowvale,Whole Wheat,4,RT_033,1.55,4
2025-05-09 17:11:29,STORE_010,Kwekwe_Depot,Wholegrain Brown,207,RT_003,1.38,207
2025-03-03 09:56:15,STORE_071,Harare_Southerton,Family Loaf,75,RT_007,2.18,75
2025-07-05 13:02:15,STORE_073,Mutare_Branch,Seed Loaf,278,RT_030,1.55,278
2025-01-21 09:30:04,STORE_099,Harare_Southerton,Family Loaf,313,RT_041,2.15,313
2025-04-18 03:53:09,STORE_042,Mutare_Branch,Whole Wheat,142,RT_021,1.6,142
2025-06-02 06:53:05,STORE_026,Gweru_Branch,Seed Loaf,101,RT_008,1.45,101
2025-07-08 05:44:42,STORE_031,Harare_Southerton,Seed Loaf,309,RT_044,1.53,309
2025-01-21 09:16:09,STORE_103,Marondera_Depot,Mini Rolls 6-Pack,165,RT_006,1.02,165
2025-05-16 04:40:10,STORE_132,Masvingo_Branch,Whole Wheat,16,RT_025,1.46,16
2025-05-24 00:27:10,STORE_067,Bulawayo_Branch,Family Loaf,313,RT_041,2.21,313
2025-04-11 23:13:42,STORE_009,Chitungwiza_Depot,Soft White,37,RT_032,1.35,37
2025-02-05 21:16:21,STORE_121,Marondera_Depot,High Energy Brown,250,RT_022,1.35,250
2025-04-04 20:26:29,STORE_021,Marondera_Depot,Soft White,282,RT_046,1.17,282
2025-05-10 20:07:43,STORE_071,Harare_Willowvale,Buns 6-Pack,36,RT_005,1.09,36
2025-01-07 16:42:06,STORE_055,Marondera_Depot,Family Loaf,64,RT_002,2.19,64
2025-07-24 04:12:57,STORE_103,Masvingo_Branch,Seed Loaf,8,RT_023,1.63,8
2025-03-11 05:29:37,STORE_036,Harare_Willowvale,Seed Loaf,283,RT_012,1.48,283
2025-06-29 14:11:46,STORE_047,Mutare_Branch,Wholegrain Brown,242,RT_018,1.44,242
2025-05-26 21:38:02,STORE_134,Gweru_Branch,Wholegrain Brown,150,RT_028,1.38,150
2025-03-12 06:47:59,STORE_124,Kwekwe_Depot,Soft White,65,RT_031,1.19,65
2025-04-18 11:22:53,STORE_066,Mutare_Branch,High Energy White,4,RT_027,1.31,4
2025-03-23 06:55:30,STORE_079,Marondera_Depot,Buns 6-Pack,261,RT_029,1.24,261
2025-01-18 15:37:48,STORE_007,Masvingo_Branch,Whole Wheat,3,RT_038,1.47,3
2025-01-03 21:30:31,STORE_098,Masvingo_Branch,Whole Wheat,150,RT_003,1.48,150
2025-04-09 16:28:28,STORE_091,Mutare_Branch,Mini Rolls 6-Pack,219,RT_031,0.92,219
2025-04-02 05:44:20,STORE_101,Harare_Southerton,Family Loaf,234,RT_027,2.1,234
2025-06-14 02:26:28,STORE_016,Chitungwiza_Depot,Soft White,99,RT_017,1.32,99
2025-07-07 01:30:35,STORE_087,Mutare_Branch,Wholegrain Brown,56,RT_044,1.31,56
2025-02-25 02:52:27,STORE_023,Chitungwiza_Depot,Wholegrain Brown,154,RT_019,1.32,154
2025-05-19 22:55:22,STORE_067,Marondera_Depot,High Energy Brown,231,RT_010,1.22,231
2025-03-17 01:13:47,STORE_018,Mutare_Branch,Mini Rolls 6-Pack,171,RT_012,1.11,171
2025-05-05 06:47:53,STORE_100,Bulawayo_Branch,Whole Wheat,272,RT_033,1.41,272
2025-06-20 09:41:32,STORE_044,Marondera_Depot,Mini Rolls 6-Pack,121,RT_026,1.07,121
2025-03-17 19:28:11,STORE_067,Chitungwiza_Depot,Whole Wheat,256,RT_036,1.64,256
2025-04-01 15:17:18,STORE_030,Bulawayo_Branch,High Energy White,184,RT_026,1.27,184
2025-03-28 06:14:00,STORE_056,Harare_Southerton,SeedLoaf,259,RT_005,1.57,259
2025-06-01 07:48:31,STORE_028,Harare_Southerton,Wholegrain Brown,232,RT_034,1.59,232
2025-01-30 15:13:10,STORE_125,Mutare_Branch,High Energy White,148,RT_028,1.32,148
2025-06-29 22:44:48,STORE_061,Masvingo_Branch,Wholegrain Brown,199,RT_005,1.45,199
2025-04-18 06:35:11,STORE_096,Kwekwe_Depot,Buns 6-Pack,131,RT_018,1.17,131
2025-07-09 05:56:03,STORE_007,Gweru_Branch,Mini Rolls 6-Pack,170,RT_044,1.01,170
2025-07-28 14:35:27,STORE_065,Harare_Southerton,Soft White,108,RT_033,1.12,108
2025-02-23 03:34:47,STORE_047,Kwekwe_Depot,Seed Loaf,274,RT_038,1.49,274
2025-04-28 01:44:38,STORE_067,Harare_Willowvale,Wholegrain Brown,239,RT_017,1.48,239
2025-02-09 16:54:20,STORE_054,Mutare_Branch,High Energy Brown,17,RT_030,1.47,17
2025-07-17 03:21:14,STORE_072,Mutare_Branch,Wholegrain Brown,210,RT_044,1.31,210
2025-02-19 13:00:28,STORE_080,Chitungwiza_Depot,Family Loaf,115,RT_030,2.35,115
2025-01-16 20:04:00,STORE_027,Bulawayo_Branch,Wholegrain Brown,230,RT_012,1.37,230
2025-04-27 17:47:06,STORE_010,Mutare_Branch,Mini Rolls 6-Pack,38,RT_043,1.17,38
2025-01-31 16:54:40,STORE_008,Gweru_Branch,Family Loaf,44,RT_007,2.21,44
2025-06-18 16:10:58,STORE_073,Chitungwiza_Depot,Whole Wheat,289,RT_032,1.62,289
2025-03-20 18:18:00,STORE_136,Kwekwe_Depot,Seed Loaf,84,RT_016,1.41,84
2025-04-30 11:02:16,STORE_125,Mutare_Branch,High Energy Brown,66,RT_025,1.23,66
2025-04-28 18:32:48,STORE_076,Mutare_Branch,Buns 6-Pack,316,RT_020,1.29,316
2025-07-15 19:49:33,STORE_080,Chitungwiza_Depot,Buns 6-Pack,234,RT_031,1.19,234
2025-05-30 14:24:25,STORE_095,Mutare_Branch,High Energy White,199,RT_041,1.39,199
2025-01-31 04:44:49,STORE_071,Harare_Willowvale,Family Loaf,44,RT_003,2.31,44
2025-07-20 05:41:48,STORE_131,Mutare_Branch,Mini Rolls 6-Pack,163,RT_025,1.07,163
2025-03-14 03:14:34,STORE_136,Masvingo_Branch,Mini Rolls 6-Pack,247,RT_004,1.03,247
2025-07-26 05:20:13,STORE_043,Mutare_Branch,Soft White,32,RT_017,1.23,32
2025-05-12 11:13:35,STORE_115,Mutare_Branch,Family Loaf,171,RT_036,2.23,171
2025-04-12 02:45:47,STORE_016,Bulawayo_Branch,Wholegrain Brown,24,RT_016,1.59,24
2025-01-12 21:41:04,STORE_130,Bulawayo_Branch,Mini Rolls 6-Pack,30,RT_047,1.05,30
2025-05-19 15:16:57,STORE_099,Bindura_Depot,Seed Loaf,134,RT_026,1.46,134
2025-02-07 16:46:21,STORE_038,Gweru_Branch,Buns 6-Pack,216,RT_037,1.04,216
2025-06-19 20:11:41,STORE_083,Kwekwe_Depot,Soft White,242,RT_035,1.23,242
2025-01-06 03:02:19,STORE_101,Gweru_Branch,Whole Wheat,78,RT_011,1.38,78
2025-01-20 14:23:59,STORE_034,Bindura_Depot,Wholegrain Brown,75,RT_016,1.5,75
2025-03-22 20:16:52,STORE_082,Bulawayo_Branch,Mini Rolls 6-Pack,312,RT_023,1.06,312
2025-01-17 06:34:45,STORE_058,Chitungwiza_Depot,Whole Wheat,67,RT_041,1.45,67
2025-02-21 01:36:16,STORE_108,Gweru_Branch,Soft White,198,RT_042,1.38,198
2025-02-25 16:49:45,STORE_015,Kwekwe_Depot,Soft White,33,RT_015,1.32,33
2025-05-26 04:55:45,STORE_040,Gweru_Branch,Seed Loaf,97,RT_019,1.51,97
2025-01-25 01:56:03,STORE_005,Harare_Southerton,Seed Loaf,261,RT_039,1.41,261
2025-04-27 07:17:37,STORE_028,Masvingo_Branch,SoftWhite,64,RT_037,1.2,64
2025-04-29 07:11:48,STORE_118,Bulawayo_Branch,High Energy White,59,RT_039,1.34,59
2025-07-20 16:37:17,STORE_085,Marondera_Depot,High Energy White,220,RT_030,1.44,220
2025-01-04 16:19:02,STORE_077,Harare_Willowvale,Family Loaf,71,RT_010,2.13,71
2025-05-19 10:00:07,STORE_105,Mutare_Branch,Soft White,48,RT_003,1.33,48
2025-04-30 18:25:18,STORE_068,Mutare_Branch,High Energy Brown,100,RT_048,1.38,100
2025-01-31 20:12:29,STORE_121,Mutare_Branch,High Energy Brwn,205,RT_019,1.35,205
2025-02-20 15:59:37,STORE_107,Bindura_Depot,Buns 6-Pack,79,RT_002,1.02,79
2025-01-24 19:02:03,STORE_124,Kwekwe_Depot,High Energy Brown,75,RT_022,1.33,75
2025-07-19 17:13:01,STORE_025,Bulawayo_Branch,High Energy White,10,RT_041,1.29,10
2025-07-22 02:42:01,STORE_125,Bulawayo_Branch,Whole Wheat,218,RT_022,1.38,218
2025-07-06 05:56:34,STORE_019,Gweru_Branch,Seed Loaf,313,RT_017,1.64,313
2025-06-24 17:36:23,STORE_122,Marondera_Depot,High Energy Brown,306,RT_025,1.31,306
2025-06-12 15:38:15,STORE_038,Kwekwe_Depot,Mini Rolls 6-Pack,132,RT_028,1.0,132
2025-05-02 05:24:27,STORE_016,Gweru_Branch,High Energy White,64,RT_029,1.3,64
2025-03-11 09:30:02,STORE_087,Harare_Southerton,Whole Wheat,135,RT_008,1.37,135
2025-05-21 12:28:59,STORE_071,Masvingo_Branch,Seed Loaf,255,RT_013,1.69,255
2025-03-04 23:00:19,STORE_102,Bindura_Depot,Mini Rolls 6-Pack,239,RT_009,1.09,239
2025-01-22 05:20:01,STORE_072,Gweru_Branch,Buns 6-Pack,253,RT_023,1.22,253
2025-07-23 02:26:58,STORE_125,Chitungwiza_Depot,Family Loaf,77,RT_033,2.27,77
2025-05-29 20:27:33,STORE_120,Masvingo_Branch,Whole Wheat,223,RT_033,1.57,223
2025-01-15 22:35:06,STORE_128,Masvingo_Branch,High Energy Brown,177,RT_012,1.42,177
2025-04-26 22:17:38,STORE_035,Masvingo_Branch,High Energy Brown,74,RT_036,1.45,74
2025-07-26 07:42:35,STORE_079,Harare_Willowvale,Whole Wheat,257,RT_004,1.35,257
2025-03-16 08:24:01,STORE_062,Harare_Willowvale,Family Loaf,91,RT_018,2.35,91
2025-02-16 16:26:27,STORE_064,Bulawayo_Branch,Seed Loaf,5,RT_006,1.69,5
2025-04-05 20:16:03,STORE_094,Harare_Southerton,High Energy Brown,228,RT_036,1.31,228
2025-01-16 17:59:24,STORE_112,Kwekwe_Depot,Mini Rolls 6-Pack,190,RT_021,1.13,190
2025-07-26 14:48:13,STORE_039,Harare_Southerton,Whole Wheat,154,RT_024,1.47,154
2025-07-23 06:51:23,STORE_043,Bindura_Depot,High Energy Brown,103,RT_029,1.5,103
2025-05-18 10:00:47,STORE_038,Harare_Willowvale,High Energy White,191,RT_045,1.44,191
2025-07-23 01:52:30,STORE_007,Mutare_Branch,Buns 6-Pack,310,RT_010,1.14,310
2025-06-05 10:45:02,STORE_132,Kwekwe_Depot,Whole Wheat,204,RT_040,1.55,204
2025-06-03 06:42:49,STORE_129,Gweru_Branch,Seed Loaf,110,RT_047,1.63,110
2025-01-11 12:34:05,STORE_038,Bindura_Depot,Wholegrain Brown,185,RT_019,1.47,185
2025-04-15 18:39:32,STORE_065,Mutare_Branch,Soft White,71,RT_016,1.25,71
2025-05-22 14:35:08,STORE_121,Kwekwe_Depot,Mini Rolls 6-Pack,109,RT_030,1.18,109
2025-06-22 06:08:30,STORE_025,Mutare_Branch,Buns 6-Pack,185,RT_015,1.14,185
2025-05-25 13:14:49,STORE_024,Chitungwiza_Depot,Buns 6-Pack,39,RT_038,1.11,39
2025-06-14 20:54:17,STORE_085,Harare_Southerton,Buns 6-Pack,292,RT_018,1.17,292
2025-07-06 19:05:53,STORE_004,Bindura_Depot,Soft White,156,RT_007,1.12,156
2025-01-05 09:02:27,STORE_093,Masvingo_Branch,Mini Rolls 6-Pack,232,RT_026,1.02,232
2025-07-22 03:56:02,STORE_070,Mutare_Branch,High Energy White,267,RT_049,1.43,267
2025-03-06 09:39:56,STORE_095,Mutare_Branch,High Energy Brown,89,RT_002,1.49,89
2025-03-30 23:14:01,STORE_029,Bulawayo_Branch,Mini Rolls 6-Pack,172,RT_001,1.11,172
2025-05-20 18:23:21,STORE_042,Harare_Southerton,Family Loaf,286,RT_037,2.19,286
2025-04-17 23:56:01,STORE_091,Bindura_Depot,Family Loaf,290,RT_031,2.11,290
2025-03-02 10:12:41,STORE_086,Bindura_Depot,Seed Loaf,264,RT_037,1.44,264
2025-01-09 12:00:59,STORE_063,Mutare_Branch,Soft White,249,RT_031,1.29,249
2025-01-15 08:44:42,STORE_068,Marondera_Depot,High Energy White,164,RT_043,1.44,164
2025-01-28 20:48:18,STORE_080,Bulawayo_Branch,High Energy Brown,14,RT_025,1.21,14
2025-01-20 09:20:55,STORE_012,Harare_Willowvale,High Energy White,138,RT_046,1.42,138
2025-05-14 05:45:13,STORE_018,Bulawayo_Branch,Family Loaf,173,RT_022,2.29,173
2025-03-06 08:14:37,STORE_054,Masvingo_Branch,High Energy Brown,20,RT_040,1.45,20
2025-07-16 03:21:15,STORE_132,Bindura_Depot,Mini Rolls 6-Pack,156,RT_033,1.12,156
2025-03-04 08:09:19,STORE_030,Harare_Willowvale,Whole Wheat,313,RT_032,1.56,313
2025-05-11 04:55:37,STORE_045,Harare_Willowvale,Wholegrain Brown,312,RT_001,1.47,312
2025-02-26 02:01:50,STORE_122,Marondera_Depot,Soft White,272,RT_001,1.26,272
2025-02-04 23:16:12,STORE_035,Harare_Southerton,Soft White,216,RT_025,1.2,216
2025-06-19 01:32:33,STORE_059,Harare_Willowvale,Family Loaf,182,RT_001,2.26,182
2025-01-06 09:26:22,STORE_109,Mutare_Branch,High Energy Brown,93,RT_022,1.45,93
2025-05-05 02:47:59,STORE_047,Mutare_Branch,High Energy Brown,233,RT_045,1.44,233
2025-02-14 11:52:08,STORE_011,Kwekwe_Depot,Soft White,317,RT_031,1.26,317
2025-04-23 15:19:16,STORE_016,Harare_Willowvale,High Energy Brown,175,RT_013,1.48,175
2025-06-25 15:23:23,STORE_021,Marondera_Depot,Buns 6-Pack,10,RT_029,1.09,10
2025-06-10 15:49:43,STORE_069,Gweru_Branch,Mini Rolls 6-Pack,45,RT_010,1.16,45
2025-05-20 07:46:14,STORE_103,Chitungwiza_Depot,Whole Wheat,72,RT_023,1.42,72
2025-02-25 06:26:59,STORE_097,Bulawayo_Branch,Whole Wheat,39,RT_002,1.37,39
2025-02-06 00:06:46,STORE_008,Marondera_Depot,Mini Rolls 6-Pack,13,RT_037,1.18,13
2025-04-30 01:21:19,STORE_125,Bulawayo_Branch,High Energy White,280,RT_016,1.29,280
2025-06-11 04:55:17,STORE_095,Harare_Willowvale,High Energy Brown,301,RT_038,1.25,301
2025-04-17 06:05:51,STORE_002,Harare_Willowvale,Whole Wheat,216,RT_010,1.36,216
2025-02-16 09:08:44,STORE_105,Gweru_Branch,High Energy Brown,5,RT_015,1.49,5
2025-04-14 03:14:12,STORE_066,Gweru_Branch,Mini Rolls 6-Pack,215,RT_044,1.12,215
2025-03-22 05:44:27,STORE_051,Gweru_Branch,High Energy White,91,RT_021,1.44,91
2025-02-19 00:55:01,STORE_113,Bulawayo_Branch,High Energy Brown,196,RT_005,1.49,196
2025-02-23 04:17:21,STORE_065,Bindura_Depot,High Energy Brown,4,RT_042,1.25,4
2025-02-01 23:40:42,STORE_074,Mutare_Branch,Soft White,197,RT_045,1.18,197
2025-04-22 23:33:13,STORE_029,Harare_Southerton,Soft White,211,RT_006,1.11,211
2025-06-06 19:50:54,STORE_029,Harare_Southerton,Wholegrain Brown,147,RT_027,1.34,147
2025-02-16 16:10:54,STORE_118,Masvingo_Branch,Family Loaf,201,RT_006,2.19,201
2025-03-15 23:56:44,STORE_062,Bulawayo_Branch,Buns 6-Pack,103,RT_015,1.2,103
2025-06-01 18:56:13,STORE_085,Marondera_Depot,Wholegrain Brown,113,RT_042,1.5,113
2025-04-13 12:51:19,STORE_053,Harare_Southerton,High Energy White,293,RT_049,1.26,293
2025-05-27 07:27:26,STORE_022,Bulawayo_Branch,High Energy Brown,79,RT_027,1.39,79
2025-05-19 08:20:18,STORE_117,Kwekwe_Depot,High Energy White,274,RT_026,1.3,274
2025-03-11 06:02:39,STORE_117,Harare_Southerton,Family Loaf,174,RT_008,2.3,174
2025-06-25 04:33:15,STORE_098,Bindura_Depot,Family Loaf,147,RT_018,2.37,147
2025-04-06 01:40:25,STORE_019,Masvingo_Branch,Mini Rolls 6-Pack,259,RT_024,1.13,259
2025-05-03 10:53:50,STORE_131,Chitungwiza_Depot,Buns 6-Pack,163,RT_043,1.25,163
2025-02-02 04:27:57,STORE_023,Kwekwe_Depot,Soft White,120,RT_027,1.15,120
2025-01-18 03:22:09,STORE_082,Marondera_Depot,Buns 6-Pack,175,RT_038,1.02,175
2025-03-14 02:07:42,STORE_008,Kwekwe_Depot,Buns 6-Pack,300,RT_044,1.18,300
2025-07-12 04:28:40,STORE_034,Bulawayo_Branch,Wholegrain Brown,110,RT_004,1.36,110
2025-04-14 14:30:42,STORE_068,Marondera_Depot,Family Loaf,309,RT_018,2.29,309
2025-05-04 20:19:21,STORE_063,,Whole Wheat,160,RT_035,1.64,160
2025-03-29 21:57:33,STORE_045,Marondera_Depot,High Energy White,286,RT_002,1.3,286
2025-03-20 11:17:45,STORE_121,Harare_Willowvale,Sugar2kg,52,RT_013,1.21,52
2025-02-15 01:20:25,STORE_020,Marondera_Depot,Mini Rolls 6-Pack,252,RT_036,0.99,252
2025-04-18 04:58:00,STORE_136,Harare_Willowvale,Seed Loaf,121,RT_023,1.48,121
2025-06-26 22:20:55,STORE_085,Gweru_Branch,Wholegrain Brown,291,RT_025,1.39,291
2025-05-20 08:35:56,STORE_018,Kwekwe_Depot,Seed Loaf,167,RT_031,1.58,167
2025-06-27 14:47:31,STORE_108,Marondera_Depot,High Energy White,197,RT_006,1.44,197
2025-03-30 01:36:05,STORE_107,Mutare_Branch,Seed Loaf,194,RT_044,1.43,194
2025-01-28 17:45:16,STORE_033,Harare_Willowvale,Family Loaf,239,RT_003,2.28,239
2025-02-19 20:46:08,STORE_053,Mutare_Branch,Seed Loaf,78,RT_003,1.56,78
2025-03-08 09:13:50,STORE_111,Mutare_Branch,Soft White,178,RT_047,1.27,178
2025-04-09 03:41:13,STORE_013,Bulawayo_Branch,Mini Rolls 6-Pack,102,RT_049,1.2,102
2025-01-02 21:41:26,STORE_125,Bulawayo_Branch,Family Loaf,88,RT_042,2.11,88
2025-01-09 08:35:53,STORE_139,Gweru_Branch,Family Loaf,124,RT_048,2.2,124
2025-05-07 12:01:31,STORE_024,Harare_Willowvale,Buns 6-Pack,15,RT_039,1.02,15
2025-05-13 02:55:48,STORE_010,Kwekwe_Depot,High Energy Brown,145,RT_009,1.35,145
2025-02-08 06:48:55,STORE_051,Mutare_Branch,Mini Rolls 6-Pack,124,RT_049,1.03,124
2025-06-13 13:50:59,STORE_048,Harare_Willowvale,Wholegrain Brown,113,RT_020,1.45,113
2025-01-06 14:24:03,STORE_038,Mutare_Branch,Buns 6-Pack,50,RT_043,1.11,50
2025-07-27 21:40:38,STORE_117,Gweru_Branch,Wholegrain Brown,138,RT_002,1.36,138
2025-07-29 12:08:06,STORE_066,Bindura_Depot,High Energy Brown,190,RT_013,1.38,190
2025-07-17 00:12:57,STORE_015,Gweru_Branch,Buns 6-Pack,123,RT_008,1.26,123
2025-07-20 05:46:22,STORE_068,Mutare_Branch,Family Loaf,76,RT_027,2.32,76
2025-06-24 01:01:50,STORE_103,Mutare_Branch,Whole Wheat,40,RT_033,1.46,40
2025-03-05 21:53:00,STORE_082,Gweru_Branch,Wholegrain Brown,128,RT_023,1.34,128
2025-04-28 21:28:39,STORE_007,Gweru_Branch,Seed Loaf,142,RT_036,1.44,142
2025-07-29 08:37:10,STORE_109,Kwekwe_Depot,Buns 6-Pack,154,RT_037,1.23,154
2025-06-02 21:48:12,STORE_027,Kwekwe_Depot,High Energy Brown,100,RT_033,1.43,100
2025-04-02 06:26:52,STORE_040,Harare_Southerton,Mini Rolls 6-Pack,282,RT_017,1.18,282
2025-05-11 09:30:05,STORE_089,Chitungwiza_Depot,Mini Rolls 6-Pack,161,RT_002,1.08,161
2025-07-21 22:09:51,STORE_131,Gweru_Branch,Soft White,9,RT_012,1.16,9
2025-04-27 17:22:43,STORE_131,Bulawayo_Branch,Wholegrain Brown,256,RT_041,1.59,256
2025-01-21 01:29:51,STORE_057,Harare_Willowvale,Buns 6-Pack,310,RT_007,1.04,310
2025-07-27 07:19:18,STORE_006,Kwekwe_Depot,Whole Wheat,289,RT_010,1.48,289
2025-06-03 20:39:16,STORE_097,Masvingo_Branch,Wholegrain Brown,60,RT_045,1.38,60
2025-07-23 19:20:51,STORE_030,Mutare_Branch,Soft White,5,RT_038,1.39,5
2025-03-08 19:36:04,STORE_130,Harare_Willowvale,High Energy Brown,259,RT_018,1.34,259
2025-02-20 02:01:48,STORE_097,Kwekwe_Depot,Seed Loaf,214,RT_030,1.63,214
2025-06-21 15:00:59,STORE_090,Bulawayo_Branch,High Energy White,47,RT_027,1.39,47
2025-07-12 14:04:35,STORE_126,Masvingo_Branch,Buns 6-Pack,303,RT_015,1.04,303
2025-07-17 15:08:26,STORE_057,Chitungwiza_Depot,Family Loaf,177,RT_039,2.19,177
2025-04-14 21:51:54,STORE_072,Bindura_Depot,Wholegrain Brown,99,RT_024,1.46,99
2025-04-02 06:07:59,STORE_105,Chitungwiza_Depot,Whole Wheat,130,RT_016,1.53,130
2025-05-18 15:37:26,STORE_034,Mutare_Branch,Whole Wheat,145,RT_003,1.6,145
2025-04-20 22:50:35,STORE_134,Bindura_Depot,Whole Wheat,217,RT_042,1.39,217
2025-04-11 21:08:54,STORE_123,Chitungwiza_Depot,High Energy Brown,15,RT_045,1.43,15
2025-04-04 23:58:05,STORE_063,Masvingo_Branch,Family Loaf,283,RT_027,2.23,283
2025-04-10 13:35:41,STORE_092,Mutare_Branch,Seed Loaf,34,RT_016,1.54,34
2025-03-20 00:00:00,STORE_033,Bindura_Depot,Soft White,7,RT_006,1.25,7
2025-04-06 09:41:49,STORE_093,Kwekwe_Depot,Mini Rolls 6-Pack,223,RT_033,0.95,223
2025-06-25 21:07:00,STORE_025,Masvingo_Branch,Whole Wheat,89,RT_018,1.44,89
2025-07-22 00:12:33,STORE_118,Gweru_Branch,Whole Wheat,227,RT_023,1.47,227
2025-04-29 00:28:14,STORE_100,Harare_Southerton,Whole Wheat,87,RT_039,1.41,87
2025-07-11 15:37:30,STORE_002,Bindura_Depot,Wholegrain Brown,35,RT_038,1.43,35
2025-04-16 03:53:17,STORE_032,Chitungwiza_Depot,Seed Loaf,183,RT_040,1.69,183
2025-01-02 17:11:46,STORE_123,Bindura_Depot,Wholegrain Brown,178,RT_010,1.59,178
2025-01-16 17:58:26,STORE_063,Mutare_Branch,High Energy Brown,65,RT_039,1.29,65
2025-06-08 11:30:48,STORE_138,Chitungwiza_Depot,Seed Loaf,68,RT_033,1.58,68
2025-04-23 06:03:43,STORE_106,Kwekwe_Depot,Whole Wheat,114,RT_047,1.36,114
2025-03-12 00:00:00,STORE_092,Bindura_Depot,Mini Rolls 6-Pack,64,RT_046,0.93,64
2025-03-22 13:53:10,STORE_068,Chitungwiza_Depot,High Energy White,219,RT_002,1.34,219
2025-04-09 19:57:12,STORE_075,Harare_Willowvale,Soft Whtie,317,RT_014,1.15,317
2025-01-01 05:27:55,STORE_105,Bulawayo_Branch,High Energy Brwn,95,RT_041,1.41,95
2025-04-20 00:24:19,STORE_103,Chitungwiza_Depot,Soft White,224,RT_042,1.14,224
2025-07-14 12:07:00,STORE_099,Marondera_Depot,Wholegrain Brown,298,RT_038,1.33,298
2025-07-14 20:57:30,STORE_053,Masvingo_Branch,High Energy White,196,RT_026,1.48,196
2025-06-30 23:05:18,STORE_123,Mutare_Branch,Mini Rolls 6-Pack,59,RT_043,0.93,59
2025-04-25 23:15:26,STORE_033,Chitungwiza_Depot,Buns 6-Pack,191,RT_033,1.23,191
2025-02-15 13:41:10,STORE_024,Marondera_Depot,Wholegrain Brown,217,RT_039,1.51,217
2025-07-07 09:15:20,STORE_066,Masvingo_Branch,SeedLoaf,293,RT_022,1.57,293
2025-01-24 15:19:21,STORE_102,Chitungwiza_Depot,Buns 6-Pack,163,RT_048,1.12,163
2025-03-13 18:21:53,STORE_024,Mutare_Branch,Family Loaf,43,RT_047,2.17,43
2025-02-08 20:24:01,STORE_045,Chitungwiza_Depot,Soft White,271,RT_036,1.28,271
2025-05-10 19:34:01,STORE_093,Harare_Willowvale,Wholegrain Brown,145,RT_041,1.49,145
2025-04-05 23:31:34,STORE_016,Masvingo_Branch,Mini Rolls 6-Pack,79,RT_012,1.16,79
2025-04-27 02:34:31,STORE_007,Kwekwe_Depot,Mini Rolls 6-Pack,220,RT_008,1.1,220
2025-04-22 20:20:37,STORE_039,Gweru_Branch,Seed Loaf,110,RT_042,1.5,110
2025-03-02 08:27:15,STORE_015,Mutare_Branch,Whole Wheat,51,RT_033,1.58,51
2025-02-15 00:22:39,STORE_129,Mutare_Branch,Family Loaf,205,RT_037,2.27,205
2025-05-21 16:19:44,STORE_094,Harare_Southerton,Soft White,19,RT_015,1.4,19
2025-01-02 23:34:37,STORE_047,Bindura_Depot,Seed Loaf,50,RT_011,1.5,50
2025-01-31 19:44:06,STORE_031,Bulawayo_Branch,Buns 6-Pack,252,RT_006,1.25,252
2025-04-27 13:49:02,STORE_011,Kwekwe_Depot,High Energy White,266,RT_020,1.23,266
2025-03-23 12:59:18,STORE_139,Chitungwiza_Depot,High Energy Brown,188,RT_043,1.39,188
2025-07-25 02:16:36,STORE_052,Masvingo_Branch,Family Loaf,175,RT_038,2.29,175
2025-02-08 04:33:16,STORE_049,Bulawayo_Branch,Seed Loaf,141,RT_044,1.62,141
2025-05-28 23:52:53,STORE_075,Mutare_Branch,Soft White,206,RT_029,1.15,206
2025-05-29 17:50:24,STORE_119,Chitungwiza_Depot,Whole Wheat,72,RT_022,1.35,72
2025-04-17 10:12:48,STORE_127,Mutare_Branch,Buns 6-Pack,233,RT_017,1.11,233
2025-01-13 15:49:13,STORE_125,Chitungwiza_Depot,Soft White,20,RT_013,1.29,20
2025-05-31 18:32:45,STORE_095,Kwekwe_Depot,Whole Wheat,283,RT_049,1.46,283
2025-03-15 05:06:38,STORE_066,Marondera_Depot,Mini Rolls 6-Pack,77,RT_043,1.09,77
2025-03-28 22:42:09,STORE_011,Harare_Southerton,Soft White,218,RT_009,1.21,218
2025-12-05 00:00:00,STORE_100,Gweru_Branch,Whole Wheat,217,RT_013,1.59,217
2025-02-22 05:45:52,STORE_044,Chitungwiza_Depot,Soft White,260,RT_001,1.11,260
2025-05-08 19:39:47,STORE_055,Harare_Southerton,High Energy White,318,RT_019,1.23,318
2025-05-20 09:27:41,STORE_013,Mutare_Branch,Wholegrain Brown,131,RT_020,1.37,131
2025-05-11 13:15:43,STORE_105,Gweru_Branch,Wholegrain Brown,286,RT_008,1.31,286
2025-01-11 06:51:38,STORE_137,Gweru_Branch,Soft White,35,RT_003,1.18,35
2025-01-09 03:27:42,STORE_135,Harare_Southerton,Whole Wheat,179,RT_046,1.38,179
2025-06-11 08:53:02,STORE_115,Mutare_Branch,Seed Loaf,304,RT_033,1.58,304
2025-04-07 03:21:01,STORE_059,Bulawayo_Branch,Soft White,280,RT_017,1.33,280
2025-01-05 20:56:33,STORE_080,Harare_Southerton,Buns 6-Pack,284,RT_005,1.04,284
2025-05-12 19:43:55,STORE_009,Masvingo_Branch,Buns 6-Pack,236,RT_006,1.16,236
2025-05-13 19:05:11,STORE_134,Harare_Willowvale,Buns 6-Pack,267,RT_040,1.1,267
2025-02-19 20:53:03,STORE_053,Harare_Southerton,Mini Rolls 6-Pack,44,RT_041,0.91,44
2025-04-11 13:38:17,STORE_084,Harare_Willowvale,Buns 6-Pack,177,RT_026,1.01,177
2025-05-20 00:44:06,STORE_004,Mutare_Branch,Family Loaf,312,RT_047,2.11,312
2025-02-18 20:48:22,STORE_045,Harare_Southerton,High Energy Brown,106,RT_019,1.42,106
2025-06-27 09:02:19,STORE_038,Marondera_Depot,Family Loaf,178,RT_049,2.17,178
2025-02-18 19:00:45,STORE_002,Bulawayo_Branch,High Energy White,277,RT_031,1.41,277
2025-03-15 05:31:30,STORE_070,Bulawayo_Branch,High Energy White,146,RT_019,1.49,146
2025-06-19 14:25:23,STORE_004,Bulawayo_Branch,Family Loaf,224,RT_005,2.32,224
2025-01-22 15:24:43,STORE_095,Harare_Willowvale,Wholegrain Brown,206,RT_011,1.59,206
2025-06-06 03:15:23,STORE_079,Masvingo_Branch,Whole Wheat,104,RT_017,,104
2025-04-26 05:41:57,STORE_047,Gweru_Branch,Mini Rolls 6-Pack,264,RT_003,0.97,264
2025-06-27 13:37:01,STORE_117,Kwekwe_Depot,Mini Rolls 6-Pack,84,RT_039,1.11,84
2025-07-07 10:42:47,STORE_069,Harare_Southerton,High Energy White,11,RT_026,1.31,11
2025-04-04 05:21:55,STORE_112,Mutare_Branch,Seed Loaf,48,RT_047,1.46,48
2025-05-31 20:49:54,STORE_030,Harare_Southerton,Wholegrain Brown,44,RT_008,1.46,44
2025-07-24 17:19:51,STORE_123,Gweru_Branch,Whole Wheat,51,RT_020,1.5,51
2025-03-20 18:22:40,STORE_048,Mutare_Branch,Mini Rolls 6-Pack,102,RT_014,0.98,102
2025-06-08 15:59:19,STORE_005,Kwekwe_Depot,Buns 6-Pack,212,RT_040,1.06,212
2025-06-08 20:34:26,STORE_006,Mutare_Branch,Soft White,256,RT_010,1.18,256
2025-06-01 16:55:48,STORE_041,Chitungwiza_Depot,Seed Loaf,99,RT_029,1.6,99
2025-07-08 20:16:00,STORE_019,Kwekwe_Depot,Whole Wheat,127,RT_023,1.51,127
2025-05-27 01:37:47,STORE_127,Kwekwe_Depot,Wholegrain Brown,35,RT_019,1.46,35
2025-05-12 20:59:02,STORE_026,Mutare_Branch,Seed Loaf,211,RT_039,1.56,211
2025-01-06 22:16:33,STORE_081,Gweru_Branch,Soft White,110,RT_011,1.18,110
2025-04-29 13:52:48,STORE_046,Chitungwiza_Depot,Soft White,169,RT_016,1.21,169
2025-01-29 04:46:25,STORE_111,Marondera_Depot,Soft White,223,RT_048,1.27,223
2025-04-21 20:48:11,STORE_016,Harare_Willowvale,High Energy Brown,313,RT_003,1.28,313
2025-07-16 05:24:58,STORE_005,Chitungwiza_Depot,Mini Rolls 6-Pack,76,RT_004,1.07,76
2025-02-26 22:54:11,STORE_061,Masvingo_Branch,Buns 6-Pack,245,RT_027,1.24,245
2025-07-12 03:11:23,STORE_011,Harare_Southerton,Family Loaf,179,RT_040,2.24,179
2025-03-30 13:32:02,STORE_073,Gweru_Branch,Seed Loaf,275,RT_012,1.67,275
2025-01-12 04:42:24,STORE_035,Masvingo_Branch,Soft White,67,RT_032,1.13,67
2025-07-02 00:51:17,STORE_016,Bindura_Depot,High Energy Brown,227,RT_009,1.22,227
2025-07-14 21:50:30,STORE_134,Marondera_Depot,Wholegrain Brown,139,RT_009,1.58,139
2025-06-14 15:40:03,STORE_121,Mutare_Branch,Wholegrain Brown,302,RT_034,1.43,302
2025-04-24 18:03:33,STORE_135,Kwekwe_Depot,Family Loaf,274,RT_037,2.32,274
2025-04-05 15:24:48,STORE_130,Gweru_Branch,Soft White,226,RT_027,1.28,226
2025-04-01 12:04:48,STORE_089,Bindura_Depot,Buns 6-Pack,221,RT_030,1.13,221
2025-06-16 16:53:14,STORE_102,Chitungwiza_Depot,Buns 6-Pack,237,RT_007,1.09,237
2025-04-08 19:10:09,STORE_003,Bulawayo_Branch,Soft White,58,RT_047,1.13,58
2025-06-19 21:04:01,STORE_010,Harare_Southerton,Buns 6-Pack,93,RT_026,1.12,93
2025-05-21 01:52:38,STORE_107,Harare_Willowvale,Seed Loaf,236,RT_011,1.46,236
2025-05-29 02:34:39,STORE_079,Marondera_Depot,Wholegrain Brown,293,RT_019,1.48,293
2025-02-12 16:06:28,STORE_086,Harare_Willowvale,Soft White,285,RT_034,1.4,285
2025-03-29 11:01:24,STORE_078,Bindura_Depot,Family Loaf,174,RT_019,2.34,174
2025-02-01 13:57:07,STORE_084,Bindura_Depot,Mini Rolls 6-Pack,92,RT_047,1.09,92
2025-07-16 03:54:12,STORE_093,Masvingo_Branch,Whole Wheat,200,RT_009,1.56,200
2025-02-19 03:48:48,STORE_108,Marondera_Depot,Wholegrain Brown,108,RT_013,1.33,108
2025-07-15 11:27:32,STORE_127,Gweru_Branch,Seed Loaf,287,RT_007,1.49,287
2025-05-07 09:15:21,STORE_033,Bindura_Depot,Whole Wheat,303,RT_020,1.63,303
2025-06-27 06:14:56,STORE_046,Bulawayo_Branch,Family Loaf,17,RT_006,2.39,17
2025-07-22 16:16:14,STORE_101,Bulawayo_Branch,Mini Rolls 6-Pack,319,RT_045,0.91,319
2025-05-06 06:24:02,STORE_127,Masvingo_Branch,Seed Loaf,146,RT_023,1.65,146
2025-04-19 19:18:45,STORE_053,Harare_Southerton,Buns 6-Pack,85,RT_048,1.22,85
2025-01-10 14:18:39,STORE_040,Bindura_Depot,Family Loaf,65,RT_020,2.36,65
2025-01-03 02:18:56,STORE_070,Kwekwe_Depot,Whole Wheat,182,RT_024,1.38,182
2025-07-08 09:52:00,STORE_075,Bulawayo_Branch,Family Loaf,204,RT_001,2.17,204
2025-01-29 18:51:51,STORE_096,Bulawayo_Branch,High Energy Brown,36,RT_036,1.46,36
2025-01-27 15:06:15,STORE_100,Marondera_Depot,Wholegrain Brown,77,RT_002,1.36,77
2025-05-25 04:18:00,STORE_085,Bindura_Depot,Buns 6-Pack,317,RT_044,1.28,317
2025-05-29 07:38:39,STORE_111,Harare_Willowvale,Buns 6-Pack,178,RT_008,1.15,178
2025-07-11 14:11:04,STORE_058,Harare_Willowvale,Soft White,42,RT_028,1.13,42
2025-01-10 05:39:28,STORE_118,Chitungwiza_Depot,Whole Wheat,270,RT_036,1.37,270
2025-04-07 23:38:02,STORE_003,Gweru_Branch,Mini Rolls 6-Pack,21,RT_031,1.14,21
2025-06-02 09:15:00,STORE_055,Masvingo_Branch,Whole Wheat,123,RT_043,1.37,123
2025-03-16 11:54:06,STORE_064,Marondera_Depot,Wholegrain Brown,112,RT_035,1.42,112
2025-03-14 23:02:25,STORE_081,Harare_Southerton,Seed Loaf,217,RT_044,1.61,217
2025-03-08 14:09:31,STORE_115,Marondera_Depot,Family Loaf,265,RT_029,2.39,265
2025-02-04 00:14:53,STORE_061,Chitungwiza_Depot,Family Loaf,15,RT_010,2.18,15
2025-01-15 19:32:18,STORE_060,Chitungwiza_Depot,Wholegrain Brown,258,RT_044,1.56,258
2025-04-08 23:51:25,STORE_046,Gweru_Branch,Soft White,87,RT_012,1.39,87
2025-05-15 18:13:28,STORE_133,Marondera_Depot,Family Loaf,19,RT_028,2.38,19
2025-01-12 09:57:55,STORE_050,Bulawayo_Branch,Seed Loaf,305,RT_015,1.66,305
2025-03-24 08:45:55,STORE_044,Harare_Willowvale,Seed Loaf,116,RT_023,1.44,116
2025-04-03 09:05:12,STORE_112,Mutare_Branch,Family Loaf,91,RT_009,2.35,91
2025-06-30 07:28:34,STORE_070,Gweru_Branch,Seed Loaf,28,RT_031,1.46,28
2025-05-08 00:20:20,STORE_083,Kwekwe_Depot,High Energy White,243,RT_028,1.23,243
2025-01-16 10:15:07,STORE_098,Bulawayo_Branch,Family Loaf,160,RT_025,2.33,160
2025-05-28 02:28:20,STORE_121,Chitungwiza_Depot,Seed Loaf,206,RT_015,1.64,206
2025-05-20 19:30:06,STORE_064,Masvingo_Branch,Wholegrain Brown,139,RT_048,1.31,139
2025-07-23 12:30:56,STORE_087,Marondera_Depot,Whole Wheat,275,RT_036,1.52,275
2025-06-06 04:47:35,STORE_017,Bulawayo_Branch,Family Loaf,37,RT_036,2.37,37
2025-03-10 17:31:11,STORE_047,Bindura_Depot,High Energy Brown,135,RT_021,1.27,135
2025-07-14 16:06:07,STORE_040,Mutare_Branch,Mini Rolls 6-Pack,37,RT_033,0.91,37
2025-04-03 06:32:48,STORE_082,Bulawayo_Branch,Soft White,166,RT_037,1.32,166
2025-01-25 13:08:30,STORE_006,Gweru_Branch,Buns 6-Pack,266,RT_047,1.2,266
2025-06-13 07:49:19,STORE_092,Mutare_Branch,Soft White,9,RT_011,1.3,9
2025-03-11 15:23:24,STORE_119,Bulawayo_Branch,Whole Wheat,139,RT_005,1.63,139
2025-05-04 02:35:47,STORE_100,Gweru_Branch,Soft White,9,RT_011,1.39,9
2025-04-17 17:21:55,STORE_085,Gweru_Branch,Buns 6-Pack,89,RT_039,1.22,89
2025-07-24 06:11:26,STORE_135,Masvingo_Branch,Wholegrain Brown,164,RT_026,1.5,164
2025-04-14 07:00:35,STORE_023,Harare_Willowvale,Seed Loaf,81,RT_018,1.5,81
2025-07-08 23:41:10,STORE_101,Bindura_Depot,Wholegrain Brown,215,RT_037,1.58,215
2025-04-03 21:23:48,STORE_091,Mutare_Branch,Seed Loaf,89,RT_011,1.42,89
2025-05-18 14:44:36,STORE_071,Chitungwiza_Depot,High Energy Brown,120,RT_011,1.26,120
2025-03-07 23:00:48,STORE_083,Chitungwiza_Depot,High Energy Brown,318,RT_016,1.28,318
2025-05-11 18:54:19,STORE_056,Bindura_Depot,Whole Wheat,311,RT_006,1.62,311
2025-02-23 15:31:13,STORE_017,Bindura_Depot,Soft White,215,RT_036,1.21,215
2025-02-18 02:15:04,STORE_106,Mutare_Branch,Family Loaf,160,RT_022,2.16,160
2025-05-04 05:27:21,STORE_127,Harare_Southerton,High Energy Brown,42,RT_039,1.46,42
2025-01-24 04:15:07,STORE_081,Chitungwiza_Depot,High Energy White,207,RT_033,1.5,207
2025-07-29 04:47:34,STORE_027,Kwekwe_Depot,Mini Rolls 6-Pack,224,RT_040,1.05,224
2025-04-30 21:43:34,STORE_034,Kwekwe_Depot,Buns 6-Pack,296,RT_041,1.27,296
2025-02-06 13:30:16,STORE_056,Mutare_Branch,Whole Wheat,40,RT_030,1.43,40
2025-01-25 23:11:38,STORE_134,Masvingo_Branch,Buns 6-Pack,185,RT_013,1.18,185
2025-03-18 18:03:50,STORE_133,Bulawayo_Branch,Buns 6-Pack,245,RT_040,1.17,245
2025-07-18 20:48:47,STORE_049,Gweru_Branch,High Energy Brown,107,RT_018,1.37,107
2025-04-30 18:37:10,STORE_093,Mutare_Branch,Family Loaf,308,RT_018,2.2,308
2025-04-13 21:41:12,STORE_130,Harare_Southerton,Buns 6-Pack,214,RT_038,1.13,214
2025-02-18 21:06:31,STORE_125,Harare_Southerton,Buns 6-Pack,98,RT_003,1.02,98
2025-04-27 00:07:12,STORE_111,Gweru_Branch,Mini Rolls 6-Pack,140,RT_046,1.06,140
2025-07-12 08:55:37,STORE_029,Bindura_Depot,Seed Loaf,300,RT_030,1.51,300
2025-02-11 10:48:31,STORE_014,Marondera_Depot,Family Loaf,183,RT_004,2.34,183
2025-03-16 12:53:30,STORE_083,Bindura_Depot,Wholegrain Brown,186,RT_024,1.59,186
2025-03-12 00:00:00,STORE_041,Chitungwiza_Depot,Whole Wheat,192,RT_030,1.41,192
2025-06-29 11:03:13,STORE_032,Bindura_Depot,Soft White,120,RT_037,1.23,120
2025-07-12 19:49:06,STORE_111,Mutare_Branch,Whole Wheat,144,RT_047,1.36,144
2025-02-23 11:30:50,STORE_023,Mutare_Branch,Buns 6-Pack,76,RT_002,1.26,76
2025-07-30 21:32:11,STORE_078,Mutare_Branch,High Energy Brown,69,RT_045,,69
2025-06-25 12:36:24,STORE_122,Gweru_Branch,WholeWheat,268,RT_045,1.49,268
2025-06-13 22:46:04,STORE_079,Gweru_Branch,Soft White,82,RT_043,1.16,82
2025-07-13 23:39:54,STORE_028,Chitungwiza_Depot,High Energy White,172,RT_045,1.2,172
2025-01-19 10:56:15,STORE_011,Harare_Willowvale,Soft White,183,RT_033,1.35,183
2025-05-15 22:56:05,STORE_110,Mutare_Branch,Wholegrain Brown,125,RT_039,1.32,125
2025-03-03 09:19:03,STORE_133,Mutare_Branch,Mini Rolls 6-Pack,209,RT_004,1.1,209
2025-02-14 15:43:43,STORE_066,Chitungwiza_Depot,Seed Loaf,137,RT_013,1.5,137
2025-01-05 17:19:34,STORE_071,Bulawayo_Branch,Soft White,133,RT_039,1.23,133
2025-02-19 02:29:06,STORE_112,Marondera_Depot,High Energy White,134,RT_045,1.47,134
2025-05-17 16:10:06,STORE_101,Mutare_Branch,Whole Wheat,271,RT_009,1.47,271
2025-03-08 03:34:38,STORE_129,Harare_Willowvale,Wholegrain Brown,52,RT_040,1.37,52
2025-04-04 02:43:41,STORE_039,Marondera_Depot,Whole Wheat,244,RT_038,1.65,244
2025-07-05 19:15:23,STORE_013,Mutare_Branch,Soft White,4,RT_041,1.36,4
2025-07-23 20:25:05,STORE_116,Harare_Willowvale,Family Loaf,188,RT_036,2.18,188
2025-01-11 02:05:22,STORE_012,Bulawayo_Branch,Wholegrain Brown,254,RT_016,1.31,254
2025-02-02 07:20:41,STORE_028,Bulawayo_Branch,Soft White,311,RT_018,1.33,311
2025-06-14 04:11:46,STORE_127,Masvingo_Branch,Wholegrain Brown,182,,1.37,182
2025-06-22 23:39:12,STORE_023,Masvingo_Branch,Family Loaf,146,RT_001,2.35,146
2025-05-29 05:12:15,STORE_027,Mutare_Branch,Wholegrain Brown,313,RT_048,1.49,313
2025-01-08 05:32:27,STORE_076,Bulawayo_Branch,High Energy Brown,115,RT_036,1.22,115
2025-07-14 22:49:14,STORE_122,Harare_Willowvale,Buns 6-Pack,166,RT_033,1.29,166
2025-04-23 04:38:53,STORE_085,Marondera_Depot,Seed Loaf,270,RT_006,1.64,270
2025-02-04 03:25:08,STORE_075,Kwekwe_Depot,Mini Rolls 6-Pack,230,RT_003,1.13,230
2025-07-13 18:46:53,STORE_134,Mutare_Branch,Whole Wheat,114,RT_027,1.46,114
2025-07-18 15:43:30,STORE_119,Marondera_Depot,Family Loaf,72,RT_034,2.24,72
2025-05-16 03:13:24,STORE_003,Harare_Willowvale,Whole Wheat,35,RT_041,1.58,35
2025-06-12 00:36:36,STORE_131,Bindura_Depot,Buns 6-Pack,279,RT_046,1.21,279
2025-02-19 22:09:59,STORE_067,Bulawayo_Branch,Soft White,299,RT_030,1.11,299
2025-04-13 10:17:31,STORE_004,Chitungwiza_Depot,High Energy White,64,,1.27,64
,STORE_112,Chitungwiza_Depot,Whole Wheat,214,RT_031,1.46,214
2025-07-11 00:46:02,STORE_111,Gweru_Branch,Whole Wheat,23,RT_047,1.62,23
2025-02-03 10:27:31,STORE_133,Gweru_Branch,High Energy White,51,RT_009,1.4,51
2025-07-01 15:46:24,STORE_033,Kwekwe_Depot,Wholegrain Brown,123,RT_034,1.46,123
2025-05-30 13:05:39,STORE_136,Harare_Willowvale,Whole Wheat,140,RT_034,1.55,140
2025-02-01 14:47:18,STORE_044,Harare_Southerton,Seed Loaf,111,RT_032,1.42,111
2025-06-23 01:36:04,STORE_013,Harare_Southerton,Mini Rolls 6-Pack,83,RT_045,1.04,83
2025-02-17 21:48:09,STORE_031,Chitungwiza_Depot,Buns 6-Pack,305,RT_039,1.25,305
2025-05-09 22:21:35,STORE_107,Masvingo_Branch,Buns 6-Pack,292,RT_009,1.0,292
2025-07-21 11:05:01,STORE_084,Kwekwe_Depot,High Energy Brown,251,RT_001,1.39,251
2025-07-27 08:17:07,STORE_034,Harare_Southerton,High Energy White,170,RT_007,1.32,170
2025-04-24 15:15:59,STORE_075,Marondera_Depot,High Energy White,45,RT_038,1.25,45
2025-04-14 12:57:30,STORE_085,Masvingo_Branch,Soft White,203,RT_021,1.15,203
2025-03-07 08:37:49,STORE_082,Harare_Willowvale,High Energy White,114,RT_016,1.34,114
2025-07-06 02:25:40,STORE_005,Marondera_Depot,High Energy White,181,RT_026,1.45,181
2025-02-03 19:39:44,STORE_038,Kwekwe_Depot,Whole Wheat,305,RT_023,1.54,305
2025-01-12 15:48:13,STORE_032,Gweru_Branch,Soft White,210,RT_023,1.32,210
2025-01-05 14:47:05,STORE_126,Marondera_Depot,Soft White,15,RT_028,1.1,15
2025-07-13 04:05:18,STORE_022,Gweru_Branch,Buns 6-Pack,80,RT_044,1.04,80
2025-06-15 04:19:28,STORE_010,Bindura_Depot,High Energy Brwn,229,RT_027,1.2,229
2025-04-07 09:44:02,STORE_030,Harare_Willowvale,Family Loaf,314,RT_041,2.29,314
2025-04-16 02:23:47,STORE_056,Kwekwe_Depot,Family Loaf,95,RT_007,2.22,95
2025-06-02 19:04:03,STORE_097,Mutare_Branch,Mini Rolls 6-Pack,59,RT_012,1.1,59
2025-06-11 01:08:36,STORE_099,Mutare_Branch,Wholegrain Brown,186,RT_039,1.39,186
2025-05-08 14:14:34,STORE_022,Gweru_Branch,Soft White,171,RT_046,1.12,171
2025-01-19 09:28:11,STORE_072,Marondera_Depot,High Energy White,203,RT_028,1.38,203
2025-04-03 07:06:51,STORE_047,Kwekwe_Depot,Family Loaf,102,RT_013,2.37,102
2025-06-20 23:09:12,STORE_117,Bindura_Depot,High Energy White,117,RT_020,1.46,117
2025-06-17 09:48:07,STORE_044,Bulawayo_Branch,Mini Rolls 6-Pack,141,RT_037,1.1,141
2025-04-28 15:33:31,STORE_116,Bulawayo_Branch,Mini Rolls 6-Pack,222,RT_007,1.02,222
2025-07-03 11:01:12,STORE_130,Masvingo_Branch,Mini Rolls 6-Pack,284,RT_039,1.14,284
2025-03-13 22:41:14,STORE_060,Harare_Willowvale,Buns 6-Pack,226,RT_006,1.11,226
2025-06-14 06:28:32,STORE_122,Kwekwe_Depot,Buns 6-Pack,53,RT_046,1.26,53
2025-01-14 02:47:23,STORE_058,Harare_Southerton,Mini Rolls 6-Pack,147,RT_007,0.9,147
2025-05-07 13:48:10,STORE_013,Masvingo_Branch,Soft White,103,RT_012,1.11,103
2025-01-01 10:18:37,STORE_027,Bulawayo_Branch,Wholegrain Brown,136,RT_048,1.41,136
2025-04-26 13:05:30,STORE_079,Harare_Willowvale,Mini Rolls 6-Pack,181,RT_004,0.99,181
2025-01-19 06:27:38,STORE_138,Gweru_Branch,Family Loaf,4,RT_024,2.35,4
2025-05-29 20:57:12,STORE_128,Kwekwe_Depot,Buns 6-Pack,145,RT_023,1.11,145
2025-07-25 08:25:14,STORE_053,Kwekwe_Depot,High Energy White,115,RT_023,1.48,115
2025-01-25 16:38:40,STORE_002,Bindura_Depot,High Energy Brown,34,RT_018,1.48,34
2025-02-18 01:19:11,STORE_122,Mutare_Branch,Buns 6-Pack,59,RT_024,1.25,59
2025-04-01 11:16:24,STORE_091,Bindura_Depot,Buns 6-Pack,161,RT_044,1.14,161
2025-06-10 08:45:09,STORE_019,Chitungwiza_Depot,Soft White,42,RT_026,1.11,42
2025-01-26 04:58:10,STORE_074,Mutare_Branch,Whole Wheat,5,,1.4,5
2025-05-21 11:59:27,STORE_124,Masvingo_Branch,Soft White,15,RT_043,1.15,15
2025-03-17 18:47:32,STORE_107,Harare_Willowvale,Wholegrain Brown,268,RT_047,1.38,268
2025-04-23 10:21:49,STORE_104,,Seed Loaf,43,RT_031,,43
2025-02-24 20:23:43,STORE_009,Masvingo_Branch,Family Loaf,66,RT_048,2.39,66
2025-05-17 08:14:37,STORE_090,Mutare_Branch,Family Loaf,201,RT_031,2.39,201
2025-01-17 06:58:59,STORE_129,Kwekwe_Depot,High Energy White,266,RT_010,1.49,266
2025-05-14 06:43:41,STORE_028,Marondera_Depot,Whole Wheat,245,RT_028,1.53,245
2025-01-12 17:55:29,STORE_120,Bulawayo_Branch,High Energy Brown,270,RT_035,1.22,270
2025-02-02 00:08:51,STORE_064,Harare_Willowvale,Mini Rolls 6-Pack,88,RT_042,1.01,88
2025-06-04 03:40:34,STORE_132,Bindura_Depot,Family Loaf,33,RT_038,2.37,33
2025-03-18 00:44:49,STORE_032,Harare_Southerton,Soft White,270,RT_023,1.12,270
2025-02-03 00:38:27,STORE_021,Bulawayo_Branch,Family Loaf,168,RT_046,2.27,168
2025-04-13 18:10:34,STORE_054,Harare_Willowvale,Whole Wheat,72,RT_046,1.37,72
2025-03-31 17:47:18,STORE_053,Harare_Southerton,Whole Wheat,124,RT_034,1.45,124
2025-05-16 02:03:36,STORE_096,Harare_Willowvale,Family Loaf,297,RT_017,2.23,297
2025-01-27 08:15:48,STORE_100,Chitungwiza_Depot,Seed Loaf,272,RT_017,1.68,272
2025-06-02 13:58:05,STORE_029,Kwekwe_Depot,Buns 6-Pack,271,RT_045,1.16,271
2025-04-18 20:16:16,STORE_093,Masvingo_Branch,Family Loaf,141,RT_003,2.36,141
2025-06-11 14:40:58,STORE_055,Harare_Southerton,Wholegrain Brown,104,RT_021,1.55,104
2025-03-29 04:55:04,STORE_087,Bindura_Depot,High Energy Brown,121,RT_006,1.24,121
2025-04-19 21:54:04,STORE_027,Gweru_Branch,Seed Loaf,199,RT_026,1.6,199
2025-04-29 15:12:05,STORE_107,Kwekwe_Depot,Seed Loaf,93,RT_006,1.47,93
2025-07-23 07:05:10,STORE_119,Bindura_Depot,Soft White,88,RT_026,1.12,88
2025-03-03 13:18:51,STORE_104,Chitungwiza_Depot,High Energy Brown,304,RT_040,1.27,304
2025-03-03 08:15:01,STORE_009,Mutare_Branch,Mini Rolls 6-Pack,104,RT_041,1.11,104
2025-03-05 09:07:29,STORE_007,,Buns 6-Pack,192,RT_040,1.03,192
2025-03-26 21:26:46,STORE_073,Harare_Willowvale,High Energy Brown,22,RT_040,1.49,22
2025-06-29 02:21:46,STORE_017,Chitungwiza_Depot,Wholegrain Brown,186,RT_048,1.56,186
2025-01-14 09:10:45,STORE_131,Bindura_Depot,High Energy White,189,RT_048,1.44,189
2025-02-24 08:12:34,STORE_087,Kwekwe_Depot,Soft White,233,RT_028,1.16,233
2025-01-16 03:28:27,STORE_005,Marondera_Depot,Seed Loaf,217,RT_043,1.41,217
2025-03-23 17:26:23,STORE_063,Marondera_Depot,High Energy White,104,RT_016,1.23,104
2025-07-01 19:41:29,STORE_007,Harare_Southerton,Soft White,14,RT_029,1.38,14
2025-07-15 05:47:52,STORE_115,Kwekwe_Depot,Mini Rolls 6-Pack,184,RT_030,0.98,184
2025-05-08 03:18:33,STORE_128,Mutare_Branch,Whole Wheat,35,RT_034,1.49,35
2025-05-13 21:53:38,STORE_018,Marondera_Depot,Wholegrain Brown,221,RT_012,1.45,221
2025-03-27 20:19:15,STORE_068,Harare_Southerton,Wholegrain Brown,38,RT_034,1.42,38
2025-02-19 17:24:31,STORE_067,Bindura_Depot,Wholegrain Brown,277,RT_024,1.34,277
2025-07-28 00:47:41,STORE_136,Chitungwiza_Depot,Soft White,134,RT_009,1.21,134
2025-03-09 16:09:05,STORE_089,Chitungwiza_Depot,High Energy Brown,21,RT_009,1.32,21
2025-01-27 00:45:19,STORE_094,Kwekwe_Depot,Whole Wheat,12,RT_021,1.43,12
2025-01-22 10:29:35,STORE_096,Marondera_Depot,Family Loaf,102,RT_015,2.37,102
2025-07-11 21:14:47,STORE_064,Kwekwe_Depot,Soft White,197,RT_023,1.14,197
2025-03-23 02:47:23,STORE_126,Marondera_Depot,Soft White,169,RT_037,1.34,169
2025-01-08 19:30:25,STORE_085,Kwekwe_Depot,High Energy Brown,136,RT_039,1.21,136
2025-04-04 08:03:40,STORE_011,Kwekwe_Depot,High Energy White,289,RT_038,1.37,289
2025-04-27 13:39:32,STORE_137,Harare_Southerton,Family Loaf,196,RT_035,2.16,196
2025-06-26 19:22:37,STORE_053,Gweru_Branch,Family Loaf,298,RT_015,2.29,298
2025-03-23 07:54:15,STORE_041,Bindura_Depot,Seed Loaf,137,RT_030,1.66,137
2025-05-06 00:46:06,STORE_083,Harare_Willowvale,Seed Loaf,102,RT_002,1.42,102
2025-06-13 08:58:11,STORE_010,Masvingo_Branch,Family Loaf,307,RT_043,2.35,307
2025-02-10 20:03:26,STORE_116,Chitungwiza_Depot,High Energy White,72,RT_041,1.39,72
2025-03-06 04:51:34,STORE_116,Bindura_Depot,Soft White,448,RT_025,1.13,448
2025-06-23 19:19:00,STORE_074,Marondera_Depot,Family Loaf,305,RT_021,2.26,305
2025-03-02 14:34:01,STORE_136,Bulawayo_Branch,Mini Rolls 6-Pack,204,RT_030,1.19,204
2025-01-20 03:39:13,STORE_113,Gweru_Branch,High Energy White,32,RT_038,1.43,32
2025-07-11 23:30:47,STORE_035,Marondera_Depot,Whole Wheat,37,RT_044,1.63,37
2025-01-14 10:15:52,STORE_089,Bulawayo_Branch,Seed Loaf,119,RT_045,1.61,119
2025-07-08 05:08:50,STORE_045,Bindura_Depot,Soft White,88,RT_013,1.19,88
2025-04-26 13:58:18,STORE_016,Kwekwe_Depot,WholeWheat,135,RT_008,1.51,135
2025-07-15 20:11:48,STORE_117,Masvingo_Branch,Mini Rolls 6-Pack,29,RT_033,0.95,29
2025-06-21 18:17:40,STORE_034,Bindura_Depot,Family Loaf,194,RT_041,2.19,194
2025-02-23 08:27:15,STORE_100,Kwekwe_Depot,Buns 6-Pack,115,RT_022,1.29,115
2025-03-16 13:23:24,STORE_090,Gweru_Branch,Wholegrain Brown,190,RT_031,1.48,190
2025-06-02 01:40:55,STORE_107,Harare_Willowvale,Whole Wheat,177,RT_033,1.49,177
2025-06-04 20:23:48,STORE_064,Masvingo_Branch,High Energy White,152,RT_033,1.39,152
2025-06-08 13:02:36,STORE_118,Mutare_Branch,Family Loaf,257,RT_008,2.25,257
2025-04-10 22:17:09,STORE_071,Marondera_Depot,High Energy White,186,RT_002,1.21,186
2025-06-29 15:22:47,STORE_026,Harare_Willowvale,Seed Loaf,94,RT_010,1.7,94
2025-02-27 16:34:05,STORE_120,Masvingo_Branch,Mini Rolls 6-Pack,61,RT_029,1.09,61
2025-03-29 11:08:49,STORE_044,Gweru_Branch,Wholegrain Brown,252,RT_009,1.54,252
2025-05-05 06:17:16,STORE_096,Masvingo_Branch,Buns 6-Pack,65,RT_041,1.13,65
2025-02-21 16:32:23,STORE_098,Bindura_Depot,High Energy White,255,RT_024,1.5,255
2025-06-08 01:10:34,STORE_109,Harare_Southerton,Soft White,123,RT_035,1.34,123
2025-05-11 07:20:47,STORE_138,Kwekwe_Depot,Seed Loaf,300,RT_006,1.41,300
2025-07-04 03:46:52,STORE_122,Gweru_Branch,Seed Loaf,117,RT_023,1.4,117
2025-05-16 05:41:35,STORE_002,Mutare_Branch,Mini Rolls 6-Pack,93,RT_014,1.15,93
2025-03-13 18:27:33,STORE_013,Bulawayo_Branch,Soft White,255,RT_019,1.39,255
2025-05-02 15:15:08,STORE_116,Marondera_Depot,High Energy White,191,RT_005,1.4,191
2025-07-15 15:24:35,STORE_070,Harare_Willowvale,Wholegrain Brown,238,RT_002,1.58,238
2025-06-13 21:30:36,STORE_072,Chitungwiza_Depot,Whole Wheat,22,RT_031,1.49,22
2025-04-30 11:42:20,STORE_087,Chitungwiza_Depot,Seed Loaf,303,RT_006,1.46,303
2025-01-18 13:21:11,STORE_021,Bulawayo_Branch,SoapBar,218,RT_023,2.13,218
2025-04-15 19:50:14,STORE_023,Marondera_Depot,Buns 6-Pack,168,RT_038,1.3,168
2025-06-17 04:18:12,STORE_022,Kwekwe_Depot,Whole Wheat,38,RT_037,1.65,38
2025-03-02 10:46:38,STORE_080,Masvingo_Branch,Wholegrain Brown,145,RT_035,1.39,145
2025-06-14 15:43:44,STORE_038,Harare_Willowvale,High Energy White,217,RT_040,1.33,217
2025-06-05 00:55:37,STORE_096,Mutare_Branch,Seed Loaf,158,RT_021,1.42,158
2025-03-17 13:02:05,STORE_130,Masvingo_Branch,Family Loaf,83,RT_044,2.19,83
2025-02-25 05:59:58,STORE_092,Chitungwiza_Depot,Seed Loaf,236,RT_029,1.52,236
2025-07-20 17:03:10,STORE_128,Chitungwiza_Depot,Family Loaf,23,RT_008,2.34,23
2025-06-17 16:29:51,STORE_124,Harare_Willowvale,Whole Wheat,174,RT_012,1.42,174
2025-05-12 14:02:30,STORE_126,Bulawayo_Branch,Whole Wheat,129,RT_025,1.5,129
2025-03-08 14:45:36,STORE_135,Marondera_Depot,Buns 6-Pack,18,RT_022,1.15,18
2025-01-30 13:19:00,STORE_105,Harare_Southerton,Soft White,152,RT_030,1.38,152
2025-04-09 12:10:17,STORE_083,Marondera_Depot,High Energy White,87,RT_002,1.2,87
2025-01-17 19:34:07,STORE_020,Harare_Willowvale,Family Loaf,177,RT_004,2.25,177
2025-06-09 22:59:17,STORE_123,Harare_Southerton,Wholegrain Brown,37,RT_021,1.57,37
2025-03-26 05:48:12,STORE_106,Harare_Southerton,Family Loaf,289,RT_032,2.19,289
2025-03-14 01:08:18,STORE_125,Masvingo_Branch,Wholegrain Brown,218,RT_001,1.49,218
2025-02-15 11:18:03,STORE_026,Chitungwiza_Depot,High Energy Brown,32,RT_025,1.28,32
2025-04-28 14:15:11,STORE_100,Bindura_Depot,Wholegrain Brown,162,RT_014,1.54,162
2025-04-20 23:05:44,STORE_015,Kwekwe_Depot,High Energy Brown,251,RT_020,1.37,251
2025-06-07 17:04:33,STORE_059,Harare_Southerton,Whole grain Brown,219,RT_048,1.43,219
2025-07-28 18:48:04,STORE_010,Harare_Southerton,Mini Rolls 6-Pack,250,RT_044,0.95,250
2025-06-10 02:24:00,STORE_071,Harare_Southerton,High Energy Brown,248,RT_015,1.42,248
2025-04-28 20:57:39,STORE_125,Marondera_Depot,Family Loaf,62,RT_039,2.33,62
2025-03-10 12:14:21,STORE_030,Kwekwe_Depot,Whole Wheat,203,RT_005,1.59,203
2025-04-03 23:34:11,STORE_105,Harare_Southerton,Wholegrain Brown,219,RT_030,1.41,219
2025-03-26 15:26:24,STORE_115,Kwekwe_Depot,Mini Rolls 6-Pack,183,RT_019,1.07,183
2025-03-26 17:55:53,STORE_034,Bulawayo_Branch,Buns 6-Pack,242,RT_020,1.11,242
2025-04-29 09:18:11,STORE_074,Chitungwiza_Depot,Mini Rolls 6-Pack,140,RT_039,1.05,140
2025-06-15 11:04:54,STORE_065,Chitungwiza_Depot,Wholegrain Brown,27,RT_001,1.41,27
,STORE_055,Bindura_Depot,Family Loaf,86,RT_018,2.33,86
2025-06-20 01:40:08,STORE_108,Bindura_Depot,Whole Wheat,275,RT_007,1.43,275
2025-04-07 18:42:15,STORE_119,Kwekwe_Depot,Mini Rolls 6-Pack,82,RT_017,1.07,82
2025-04-12 03:24:36,STORE_095,Harare_Southerton,Soft White,61,RT_006,1.1,61
2025-04-04 20:41:38,STORE_017,Mutare_Branch,High Energy Brown,174,RT_014,1.41,174
2025-03-05 14:33:12,STORE_128,Bulawayo_Branch,Mini Rolls 6-Pack,272,RT_019,0.99,272
2025-03-31 11:05:54,STORE_051,Marondera_Depot,High Energy White,30,RT_036,1.37,30
2025-06-16 01:14:48,STORE_135,Masvingo_Branch,Milk1L,86,RT_022,1.61,86
2025-05-27 14:01:43,STORE_106,Mutare_Branch,High Energy White,197,RT_027,1.21,197
2025-07-26 03:22:12,STORE_042,Marondera_Depot,High Energy Brown,302,RT_019,1.39,302
2025-06-01 19:03:57,STORE_060,Bulawayo_Branch,Buns 6-Pack,280,RT_025,1.21,280
2025-03-30 17:45:43,STORE_102,Kwekwe_Depot,Family Loaf,76,RT_040,2.18,76
2025-01-09 12:52:30,STORE_129,Marondera_Depot,Soft White,317,RT_021,1.33,317
2025-07-04 17:32:04,STORE_102,Masvingo_Branch,Mini Rolls 6-Pack,235,RT_034,1.15,235
2025-05-29 20:01:45,STORE_135,Marondera_Depot,High Energy Brown,255,RT_013,1.37,255
2025-05-13 23:43:55,STORE_033,Kwekwe_Depot,High Energy Brown,60,RT_045,1.26,60
2025-02-17 11:04:33,STORE_015,Gweru_Branch,Buns 6-Pack,146,RT_029,1.21,146
2025-04-12 16:09:59,STORE_097,Harare_Southerton,High Energy Brown,97,RT_043,1.29,97
2025-05-04 01:17:15,STORE_135,Bulawayo_Branch,High Energy Brown,138,RT_049,1.49,138
2025-04-16 14:47:52,STORE_017,Bindura_Depot,Seed Loaf,196,RT_017,1.69,196
2025-02-01 13:16:57,STORE_138,Harare_Willowvale,Buns 6-Pack,127,RT_018,1.19,127
2025-07-13 15:16:05,STORE_004,Kwekwe_Depot,Family Loaf,265,RT_018,2.18,265
2025-06-11 04:23:08,STORE_033,Chitungwiza_Depot,Family Loaf,66,RT_048,2.38,66
2025-07-28 13:37:41,STORE_106,Harare_Southerton,Wholegrain Brown,7,RT_017,1.46,7
2025-04-10 18:38:59,STORE_101,Marondera_Depot,Buns 6-Pack,22,RT_040,1.12,22
2025-04-05 00:02:37,STORE_083,Gweru_Branch,Seed Loaf,263,RT_045,1.59,263
2025-07-16 10:34:22,STORE_037,Marondera_Depot,Mini Rolls 6-Pack,184,RT_039,1.06,184
2025-07-19 07:26:28,STORE_023,Bindura_Depot,Wholegrain Brown,125,RT_044,1.56,125
2025-06-09 21:57:33,STORE_087,Bulawayo_Branch,Mini Rolls 6-Pack,268,RT_041,1.08,268
2025-04-17 07:15:36,STORE_039,Chitungwiza_Depot,Wholegrain Brown,288,RT_028,1.4,288
2025-07-07 09:33:50,STORE_052,Chitungwiza_Depot,Family Loaf,209,RT_009,2.19,209
2025-07-14 17:29:43,STORE_029,Mutare_Branch,Buns 6-Pack,85,RT_041,1.2,85
2025-01-17 00:44:09,STORE_120,Gweru_Branch,Coke500ml,190,RT_009,1.41,190
2025-02-05 20:26:59,STORE_031,Mutare_Branch,Mini Rolls 6-Pack,77,RT_024,1.15,77
2025-06-27 19:43:59,STORE_074,Masvingo_Branch,Wholegrain Brown,363,RT_005,1.38,363
2025-04-14 06:29:31,STORE_087,Harare_Southerton,Whole Wheat,97,RT_027,1.58,97
2025-04-03 19:16:45,STORE_003,Chitungwiza_Depot,Buns 6-Pack,255,RT_017,1.21,255
2025-03-03 16:09:27,STORE_062,Kwekwe_Depot,Seed Loaf,92,RT_013,1.65,92
2025-01-13 09:50:00,STORE_139,Chitungwiza_Depot,High Energy Brown,306,RT_004,1.38,306
2025-03-09 13:26:36,STORE_052,Gweru_Branch,Whole Wheat,314,RT_022,1.41,314
2025-02-05 08:10:07,STORE_069,Harare_Willowvale,Seed Loaf,151,RT_007,1.51,151
2025-01-21 02:59:06,STORE_109,Chitungwiza_Depot,High Energy White,148,RT_048,1.31,148
2025-05-08 04:12:15,STORE_133,Bindura_Depot,Family Loaf,96,RT_043,2.25,96
2025-06-14 18:07:54,STORE_049,Bindura_Depot,High Energy White,259,RT_020,1.48,259
2025-03-27 20:08:30,STORE_068,Masvingo_Branch,High Energy Brown,298,RT_025,1.41,298
2025-06-07 21:12:05,STORE_077,Harare_Willowvale,Mini Rolls 6-Pack,222,RT_043,1.1,222
2025-02-05 15:39:49,STORE_135,Chitungwiza_Depot,High Energy Brown,59,RT_029,1.26,59
2025-02-15 08:37:39,STORE_048,Chitungwiza_Depot,Whole Wheat,36,RT_004,1.41,36
2025-04-28 16:12:27,STORE_067,Gweru_Branch,High Energy White,34,RT_020,1.4,34
2025-07-30 02:27:41,STORE_007,Marondera_Depot,High Energy Brown,169,RT_049,1.35,169
2025-05-12 00:10:32,STORE_088,Harare_Southerton,High Energy White,208,RT_048,1.46,208
2025-05-15 13:10:29,STORE_053,Marondera_Depot,Mini Rolls 6-Pack,31,RT_008,0.91,31
2025-01-22 12:23:17,STORE_013,Bindura_Depot,Whole Wheat,307,RT_025,1.47,307
2025-04-27 09:52:39,STORE_077,Gweru_Branch,Mini Rolls 6-Pack,204,RT_018,1.15,204
2025-02-10 08:57:51,STORE_005,Gweru_Branch,Wholegrain Brown,5,RT_021,1.56,5
2025-03-15 12:52:55,STORE_114,Chitungwiza_Depot,Buns 6-Pack,241,RT_023,1.04,241
2025-05-05 20:51:29,STORE_110,Bulawayo_Branch,Wholegrain Brown,144,RT_027,1.34,144
2025-06-01 05:03:57,STORE_091,Harare_Willowvale,Seed Loaf,18,RT_018,1.52,18
2025-07-09 03:07:30,STORE_043,Gweru_Branch,High Energy White,18,RT_019,1.33,18
2025-05-06 22:25:26,STORE_094,Marondera_Depot,Wholegrain Brown,318,RT_046,1.58,318
2025-05-26 19:20:28,STORE_132,Mutare_Branch,Mini Rolls 6-Pack,215,RT_048,0.95,215
2025-06-29 18:32:19,STORE_008,Harare_Willowvale,High Energy Brown,13,RT_046,1.33,13
2025-01-04 01:09:29,STORE_032,Marondera_Depot,Seed Loaf,217,RT_049,1.6,217
2025-06-09 08:10:53,STORE_009,Gweru_Branch,Buns 6-Pack,248,RT_013,1.16,248
2025-07-05 15:30:13,STORE_132,Bindura_Depot,Seed Loaf,129,RT_009,1.45,129
2025-04-17 03:32:21,STORE_062,Harare_Willowvale,Buns 6-Pack,194,RT_012,1.27,194
2025-02-17 02:05:16,STORE_021,Harare_Southerton,High Energy White,39,RT_026,1.21,39
2025-04-26 07:37:21,STORE_074,Gweru_Branch,Wholegrain Brown,233,RT_002,1.52,233
2025-03-22 05:49:33,STORE_013,Harare_Willowvale,Buns 6-Pack,131,RT_015,1.17,131
2025-03-08 07:19:50,STORE_039,Harare_Southerton,Mini Rolls 6-Pack,310,RT_029,0.97,310
2025-07-06 21:04:53,STORE_101,Bulawayo_Branch,Wholegrain Brown,200,RT_017,1.37,200
2025-03-11 11:52:07,STORE_079,Gweru_Branch,High Energy Brown,29,RT_037,1.26,29
2025-05-16 06:02:42,STORE_104,Chitungwiza_Depot,Mini Rolls 6-Pack,279,RT_001,1.0,279
2025-02-05 02:15:15,STORE_104,Kwekwe_Depot,Mini Rolls 6-Pack,145,RT_027,0.97,145
2025-03-27 13:52:59,STORE_118,Bindura_Depot,Buns 6-Pack,219,RT_027,1.12,219
2025-01-12 21:54:02,STORE_098,Masvingo_Branch,Buns 6-Pack,155,RT_013,1.21,155
2025-07-28 08:19:57,STORE_025,Marondera_Depot,Sugar2kg,203,RT_048,2.25,203
2025-03-19 15:10:32,STORE_074,Chitungwiza_Depot,Buns 6-Pack,105,RT_041,1.05,105
2025-05-24 18:45:54,STORE_020,Harare_Southerton,Wholegrain Brown,286,RT_025,1.44,286
2025-01-15 09:52:55,STORE_007,Harare_Willowvale,Soft White,35,RT_041,1.3,35
2025-01-16 06:45:07,STORE_112,Harare_Willowvale,Whole Wheat,281,RT_032,1.53,281
2025-05-15 09:31:01,STORE_102,Chitungwiza_Depot,High Energy White,216,RT_044,1.2,216
2025-06-12 18:42:27,STORE_029,Chitungwiza_Depot,Wholegrain Brown,233,RT_015,1.53,233
2025-07-30 03:26:32,STORE_013,Bindura_Depot,High Energy Brown,103,RT_035,1.42,103
2025-07-01 13:15:44,STORE_057,Chitungwiza_Depot,Whole Wheat,311,RT_034,1.59,311
2025-03-27 16:00:28,STORE_106,Masvingo_Branch,Seed Loaf,228,RT_043,1.51,228
2025-03-13 00:27:42,STORE_058,Mutare_Branch,Family Loaf,128,RT_045,2.39,128
2025-01-23 21:12:45,STORE_049,Harare_Willowvale,Soft White,121,RT_037,1.12,121
2025-04-06 15:06:09,STORE_115,Kwekwe_Depot,Family Loaf,66,RT_041,2.12,66
2025-01-27 11:40:21,STORE_055,Mutare_Branch,Buns 6-Pack,63,RT_009,1.22,63
2025-03-23 11:02:50,STORE_024,Bindura_Depot,Soft White,216,RT_004,1.15,216
2025-03-26 18:26:28,STORE_122,Mutare_Branch,Family Loaf,186,RT_025,2.1,186
2025-03-06 08:27:48,STORE_134,Bulawayo_Branch,Buns 6-Pack,166,RT_022,1.06,166
2025-07-26 03:21:46,STORE_105,Mutare_Branch,Whole grain Brown,157,RT_029,1.35,157
2025-02-23 22:00:55,STORE_127,Marondera_Depot,High Energy Brown,238,RT_032,1.35,238
2025-03-11 06:12:23,STORE_018,Masvingo_Branch,Family Loaf,124,RT_040,2.11,124
2025-07-19 07:43:27,STORE_025,Mutare_Branch,High Energy White,145,RT_035,1.44,145
2025-03-31 09:47:06,STORE_029,Bulawayo_Branch,Seed Loaf,245,RT_005,1.58,245
2025-05-21 18:58:13,STORE_093,Gweru_Branch,High Energy Brown,106,RT_046,1.32,106
2025-01-18 11:55:10,STORE_118,Kwekwe_Depot,Mini Rolls 6-Pack,185,RT_005,1.07,185
2025-05-18 15:11:44,STORE_095,Kwekwe_Depot,Mini Rolls 6-Pack,244,RT_024,1.14,244
2025-06-25 00:08:04,STORE_028,Kwekwe_Depot,Seed Loaf,102,RT_044,1.42,102
2025-06-11 05:22:45,STORE_059,Mutare_Branch,Seed Loaf,201,RT_024,1.41,201
2025-05-07 16:02:05,STORE_120,Masvingo_Branch,Wholegrain Brown,4,RT_021,1.41,4
2025-04-11 07:26:17,STORE_009,Masvingo_Branch,High Energy Brown,266,RT_026,1.46,266
2025-02-16 19:21:04,STORE_108,Kwekwe_Depot,Family Loaf,22,RT_039,2.22,22
2025-01-02 10:49:15,STORE_089,Chitungwiza_Depot,High Energy Brown,73,RT_021,1.31,73
2025-03-23 00:57:17,STORE_099,Harare_Southerton,Seed Loaf,158,RT_022,1.44,158
2025-06-12 17:07:44,STORE_099,Harare_Willowvale,Soft White,9,RT_007,1.19,9
2025-05-01 08:12:42,STORE_067,Kwekwe_Depot,Wholegrain Brown,85,RT_024,1.35,85
2025-07-10 00:37:42,STORE_093,Gweru_Branch,Seed Loaf,107,RT_048,1.47,107
2025-04-22 05:18:53,STORE_116,Harare_Willowvale,High Energy Brown,249,RT_026,1.37,249
2025-07-19 01:50:10,STORE_138,Mutare_Branch,Mini Rolls 6-Pack,255,RT_044,1.18,255
2025-05-27 21:25:33,STORE_096,,High Energy Brown,179,RT_011,1.33,179
2025-02-11 09:39:01,STORE_063,Harare_Willowvale,Seed Loaf,310,RT_039,1.61,310
2025-03-04 12:54:12,STORE_134,Bulawayo_Branch,High Energy White,3,RT_039,1.35,3
2025-03-13 16:32:36,STORE_048,Gweru_Branch,High Energy White,136,RT_027,1.47,136
2025-01-17 02:18:08,STORE_122,Chitungwiza_Depot,Buns 6-Pack,30,RT_018,1.04,30
2025-04-12 14:29:30,STORE_132,Marondera_Depot,Mini Rolls 6-Pack,318,RT_029,0.95,318
2025-03-11 03:07:52,STORE_132,Mutare_Branch,Soft White,268,RT_021,1.39,268
2025-02-14 20:01:20,STORE_064,Chitungwiza_Depot,High Energy Brown,3,RT_047,1.5,3
2025-06-03 20:53:07,STORE_100,Mutare_Branch,Mini Rolls 6-Pack,266,RT_046,0.99,266
2025-02-18 00:45:56,STORE_074,Chitungwiza_Depot,Soft White,91,RT_020,1.2,91
2025-01-25 04:01:02,STORE_048,Kwekwe_Depot,Soft White,15,RT_008,1.26,15
2025-07-25 19:24:22,STORE_043,Masvingo_Branch,Buns 6-Pack,37,RT_030,1.03,37
2025-06-13 16:23:44,STORE_098,Gweru_Branch,Soft White,161,RT_012,1.15,161
2025-01-26 08:57:51,STORE_061,Harare_Willowvale,Family Loaf,69,RT_007,2.38,69
2025-07-17 20:16:31,STORE_121,Masvingo_Branch,Seed Loaf,266,RT_008,1.56,266
2025-04-18 04:26:37,STORE_019,Bindura_Depot,Wholegrain Brown,237,RT_009,1.48,237
2025-03-01 09:18:51,STORE_101,Bindura_Depot,Wholegrain Brown,301,RT_035,1.5,301
2025-04-21 08:58:56,STORE_056,Bindura_Depot,High Energy Brown,235,RT_004,1.48,235
2025-02-08 17:33:06,STORE_064,Gweru_Branch,High Energy Brown,42,RT_038,1.37,42
2025-03-10 13:39:41,STORE_007,Masvingo_Branch,Whole Wheat,260,RT_024,1.63,260
2025-05-06 06:20:14,STORE_098,Harare_Southerton,Family Loaf,177,RT_046,2.3,177
2025-05-08 08:16:35,STORE_040,Harare_Willowvale,Mini Rolls 6-Pack,204,RT_034,1.19,204
2025-04-21 14:48:22,STORE_087,Chitungwiza_Depot,High Energy Brown,194,RT_045,1.5,194
2025-04-26 06:17:45,STORE_025,Gweru_Branch,Seed Loaf,75,RT_043,1.7,75
2025-07-13 05:30:33,STORE_053,Gweru_Branch,Mini Rolls 6-Pack,195,RT_022,1.07,195
2025-01-19 23:14:06,STORE_082,Mutare_Branch,High Energy Brown,160,RT_022,1.35,160
2025-01-15 08:07:11,STORE_043,Chitungwiza_Depot,High Energy White,189,RT_029,1.46,189
2025-03-17 04:29:55,STORE_021,Chitungwiza_Depot,Whole Wheat,18,RT_020,1.41,18
2025-05-23 08:34:55,STORE_017,Bulawayo_Branch,Whole Wheat,73,RT_030,1.62,73
2025-07-20 09:11:44,STORE_038,Chitungwiza_Depot,High Energy Brown,292,RT_001,1.38,292
2025-06-09 09:30:01,STORE_043,Harare_Southerton,Family Loaf,50,RT_003,2.13,50
2025-07-03 20:49:41,STORE_096,Gweru_Branch,Mini Rolls 6-Pack,111,RT_013,1.17,111
2025-06-20 05:11:01,STORE_091,Kwekwe_Depot,Buns 6-Pack,198,RT_026,1.23,198
2025-06-14 22:31:13,STORE_105,Masvingo_Branch,Buns 6-Pack,57,RT_017,1.26,57
2025-05-05 16:06:40,STORE_127,Masvingo_Branch,Mini Rolls 6-Pack,6,RT_037,0.95,6
2025-03-20 18:05:27,STORE_032,Masvingo_Branch,Seed Loaf,225,RT_045,1.5,225
2025-03-25 19:06:07,STORE_031,Harare_Willowvale,Seed Loaf,89,RT_038,1.65,89
2025-04-16 09:48:58,STORE_087,Harare_Southerton,Buns 6-Pack,122,RT_047,1.04,122
2025-04-04 22:54:14,STORE_056,Harare_Willowvale,Wholegrain Brown,94,RT_014,1.39,94
2025-07-10 20:51:16,STORE_135,Mutare_Branch,Seed Loaf,239,RT_004,1.63,239
2025-04-11 18:19:16,STORE_129,Mutare_Branch,Family Loaf,91,RT_043,2.4,91
2025-06-21 17:51:02,STORE_091,Bulawayo_Branch,Family Loaf,159,RT_020,2.15,159
2025-07-16 16:49:43,STORE_006,Kwekwe_Depot,High Energy White,110,RT_027,1.36,110
2025-01-19 00:23:30,STORE_051,Bulawayo_Branch,Wholegrain Brown,267,RT_008,1.56,267
2025-05-25 13:49:16,STORE_021,Masvingo_Branch,Mini Rolls 6-Pack,88,RT_006,1.13,88
2025-07-29 20:52:27,STORE_057,Harare_Southerton,Buns 6-Pack,273,RT_047,1.16,273
2025-01-27 22:18:49,STORE_068,Masvingo_Branch,High Energy White,189,RT_049,1.23,189
2025-07-04 08:16:43,STORE_048,Chitungwiza_Depot,High Energy Brown,229,RT_001,1.32,229
2025-03-09 12:13:21,STORE_067,Harare_Southerton,Buns 6-Pack,226,RT_040,1.06,226
2025-03-10 06:56:13,STORE_051,Bindura_Depot,Wholegrain Brown,142,RT_039,1.39,142
2025-05-29 10:05:29,STORE_051,Masvingo_Branch,Mini Rolls 6-Pack,13,RT_021,1.15,13
2025-05-24 03:26:14,STORE_054,Bindura_Depot,Whole Wheat,44,RT_011,1.48,44
2025-05-07 17:04:12,STORE_057,Chitungwiza_Depot,Soft White,187,RT_049,1.13,187
2025-04-27 17:50:27,STORE_064,Masvingo_Branch,Buns 6-Pack,71,RT_028,1.23,71
2025-05-08 22:56:01,STORE_047,Bindura_Depot,High Energy Brown,27,RT_034,1.29,27
2025-03-06 09:10:32,STORE_096,Kwekwe_Depot,High Energy Brown,99,RT_035,1.34,99
2025-04-26 22:19:49,STORE_074,Masvingo_Branch,High Energy White,234,RT_008,1.29,234
2025-05-15 16:03:52,STORE_122,Masvingo_Branch,Seed Loaf,234,RT_040,1.52,234
2025-03-24 01:11:49,STORE_130,Masvingo_Branch,Wholegrain Brown,185,RT_016,1.31,185
2025-03-18 09:28:20,STORE_111,Chitungwiza_Depot,Coke500ml,285,RT_004,1.23,285
2025-02-26 12:34:40,STORE_072,Harare_Willowvale,Buns 6-Pack,83,RT_019,1.14,83
2025-06-23 04:12:04,STORE_016,Harare_Southerton,Soft White,213,RT_047,1.21,213
2025-03-18 04:22:03,STORE_050,Bulawayo_Branch,Buns 6-Pack,316,RT_029,1.01,316
2025-05-04 16:04:50,STORE_088,Gweru_Branch,High Energy White,171,RT_029,1.3,171
2025-02-05 17:41:54,STORE_030,Chitungwiza_Depot,Family Loaf,53,RT_003,2.11,53
2025-03-13 02:26:32,STORE_025,Marondera_Depot,High Energy White,8,RT_033,1.29,8
2025-02-21 11:56:39,STORE_104,Harare_Willowvale,High Energy White,226,RT_041,1.3,226
2025-03-03 03:19:39,STORE_062,Masvingo_Branch,Seed Lof,118,RT_003,1.43,118
2025-04-20 14:12:20,STORE_010,Chitungwiza_Depot,High Energy Brown,27,RT_018,1.27,27
2025-03-09 14:54:48,STORE_095,Masvingo_Branch,Mini Rolls 6-Pack,109,RT_026,1.14,109
2025-01-04 05:21:35,STORE_008,Kwekwe_Depot,Wholegrain Brown,187,RT_013,1.43,187
2025-06-01 11:47:42,STORE_016,Bulawayo_Branch,Family Loaf,74,RT_042,2.31,74
2025-03-25 22:13:24,STORE_113,Kwekwe_Depot,Mini Rolls 6-Pack,318,RT_001,1.02,318
2025-06-23 01:38:00,STORE_111,Harare_Southerton,Seed Loaf,213,RT_022,1.53,213
2025-05-06 08:51:30,STORE_054,Chitungwiza_Depot,Buns 6-Pack,167,RT_010,1.08,167
2025-03-03 21:23:09,STORE_043,Harare_Southerton,Family Loaf,225,RT_011,2.22,225
2025-02-01 21:17:43,STORE_131,Harare_Willowvale,Seed Loaf,310,RT_028,1.61,310
2025-05-11 05:37:45,STORE_042,Bulawayo_Branch,Family Loaf,84,RT_041,2.13,84
2025-01-24 23:45:23,STORE_072,Chitungwiza_Depot,Seed Loaf,266,RT_025,1.5,266
2025-01-24 01:33:45,STORE_084,Bulawayo_Branch,Buns 6-Pack,75,RT_029,1.15,75
2025-02-05 07:01:47,STORE_095,Bulawayo_Branch,High Energy White,99,RT_014,1.41,99
2025-01-20 23:50:08,STORE_074,Gweru_Branch,Family Loaf,204,RT_042,2.28,204
2025-01-09 23:39:45,STORE_025,Marondera_Depot,High Energy Brown,123,RT_035,1.37,123
2025-02-14 16:40:07,STORE_029,Chitungwiza_Depot,High Energy White,225,RT_016,1.41,225
2025-04-27 06:57:33,STORE_130,Masvingo_Branch,Wholegrain Brown,231,RT_040,1.55,231
2025-03-19 08:50:01,STORE_105,Harare_Southerton,Soft White,28,RT_027,1.23,28
2025-07-07 02:03:24,STORE_086,Bindura_Depot,High Energy Brown,160,RT_015,1.49,160
2025-07-06 00:32:06,STORE_093,Gweru_Branch,Seed Loaf,176,RT_035,1.51,176
2025-03-25 02:51:19,STORE_098,Gweru_Branch,Soft White,310,RT_038,1.15,310
2025-07-13 14:50:52,STORE_009,Masvingo_Branch,Family Loaf,78,RT_027,2.15,78
2025-05-08 05:41:32,STORE_010,Bindura_Depot,Mini Rolls 6-Pack,160,RT_047,0.9,160
2025-02-28 19:37:00,STORE_116,,High Energy Brown,22,RT_005,1.44,22
2025-07-28 11:29:58,STORE_124,Gweru_Branch,Soft White,50,RT_007,1.39,50
2025-05-26 18:10:59,STORE_103,Mutare_Branch,Whole Wheat,244,RT_024,1.64,244
2025-04-21 10:41:39,STORE_125,Bindura_Depot,Family Loaf,276,RT_001,2.38,276
2025-04-08 13:54:59,STORE_107,Chitungwiza_Depot,Whole Wheat,69,RT_027,1.59,69
2025-05-06 06:48:47,STORE_111,Kwekwe_Depot,High Energy White,218,RT_022,1.44,218
2025-02-26 02:37:08,STORE_107,Marondera_Depot,High Energy Brown,111,RT_036,1.31,111
2025-05-26 03:24:42,STORE_077,Harare_Southerton,Soft White,104,RT_031,1.29,104
2025-02-10 17:31:05,STORE_130,Masvingo_Branch,Seed Loaf,13,RT_010,1.53,13
2025-07-19 00:40:45,STORE_056,Harare_Southerton,Mini Rolls 6-Pack,225,RT_003,1.13,225
2025-03-10 08:32:30,STORE_096,Kwekwe_Depot,Mini Rolls 6-Pack,238,RT_016,0.98,238
2025-06-11 06:03:14,STORE_058,Bindura_Depot,Mini Rolls 6-Pack,113,RT_026,1.11,113
2025-02-23 03:20:04,STORE_091,Chitungwiza_Depot,High Energy White,199,RT_013,1.48,199
2025-03-06 06:38:55,STORE_015,Masvingo_Branch,High Energy White,73,RT_029,1.25,73
2025-01-10 17:58:49,STORE_039,Harare_Willowvale,Buns 6-Pack,268,RT_029,1.06,268
2025-04-02 02:16:19,STORE_035,Gweru_Branch,Soft White,15,RT_006,1.36,15
2025-06-27 12:10:42,STORE_131,Harare_Southerton,Family Loaf,209,RT_030,2.23,209
2025-07-23 16:24:28,STORE_051,Bulawayo_Branch,Mini Rolls 6-Pack,260,RT_015,1.1,260
2025-05-09 03:09:39,STORE_080,Gweru_Branch,Milk1L,11,RT_019,1.23,11
2025-04-04 13:22:45,STORE_088,Kwekwe_Depot,High Energy Brown,106,RT_013,1.42,106
2025-01-28 22:02:29,STORE_033,Mutare_Branch,Seed Loaf,275,RT_046,1.44,275
2025-06-27 19:50:17,STORE_029,Harare_Willowvale,Mini Rolls 6-Pack,170,RT_034,1.01,170
2025-04-19 22:46:31,STORE_121,Chitungwiza_Depot,High Energy Brown,67,RT_044,1.23,67
2025-03-21 19:10:04,STORE_026,Bulawayo_Branch,Buns 6-Pack,317,RT_041,1.21,317
2025-01-28 09:23:30,STORE_032,Gweru_Branch,High Energy Brown,187,RT_032,1.22,187
2025-04-26 18:27:37,STORE_081,Bindura_Depot,Soft White,35,RT_001,1.15,35
2025-01-14 21:44:42,STORE_040,Gweru_Branch,Buns 6-Pack,198,RT_013,1.23,198
2025-02-26 03:27:05,STORE_075,Harare_Southerton,Seed Loaf,79,RT_015,1.57,79
2025-02-15 01:26:33,STORE_014,Bulawayo_Branch,Whole Wheat,275,RT_033,1.44,275
2025-02-07 10:51:03,STORE_124,Harare_Willowvale,Wholegrain Brown,98,RT_034,1.37,98
2025-02-02 07:27:51,STORE_085,Masvingo_Branch,High Energy White,209,RT_045,1.48,209
2025-01-06 03:19:05,STORE_032,Gweru_Branch,Buns 6-Pack,99,RT_033,1.2,99
2025-07-15 06:53:55,STORE_078,Harare_Southerton,High Energy White,157,RT_045,1.46,157
2025-01-08 15:52:24,STORE_038,Chitungwiza_Depot,Family Loaf,12,RT_013,2.15,12
2025-05-11 20:30:07,STORE_058,Chitungwiza_Depot,High Energy Brown,230,RT_035,1.22,230
2025-06-13 02:46:19,STORE_103,Harare_Willowvale,Whole Wheat,272,RT_045,1.51,272
2025-02-19 20:30:27,STORE_069,Marondera_Depot,Whole Wheat,44,RT_025,1.54,44
2025-07-19 23:11:32,STORE_098,Chitungwiza_Depot,Whole Wheat,171,RT_017,1.47,171
2025-04-11 12:56:34,STORE_116,Harare_Willowvale,Seed Loaf,51,RT_003,1.51,51
2025-01-01 13:41:54,STORE_008,Mutare_Branch,Wholegrain Brown,188,RT_029,1.3,188
2025-02-19 14:15:33,STORE_127,Gweru_Branch,Family Loaf,269,RT_025,2.18,269
2025-04-23 21:27:23,STORE_107,Kwekwe_Depot,Soft White,114,RT_015,,114
2025-05-03 23:34:03,STORE_125,Masvingo_Branch,Soft White,120,RT_038,1.37,120
2025-02-08 05:09:37,STORE_054,Harare_Willowvale,High Energy Brown,102,RT_012,1.47,102
2025-07-04 02:46:49,STORE_071,Mutare_Branch,High Energy White,70,RT_034,1.24,70
2025-07-26 19:57:56,STORE_069,Marondera_Depot,Buns 6-Pack,316,RT_046,1.23,316
2025-04-25 04:41:00,STORE_054,Kwekwe_Depot,High Energy Brown,153,RT_044,1.23,153
2025-04-01 14:18:14,STORE_115,Bulawayo_Branch,High Energy White,236,RT_019,1.21,236
2025-04-15 07:47:58,STORE_061,Bulawayo_Branch,Buns 6-Pack,317,RT_010,1.02,317
2025-05-20 06:01:41,STORE_085,Mutare_Branch,Buns 6-Pack,264,RT_033,1.18,264
2025-05-13 04:29:30,STORE_102,Gweru_Branch,Buns 6-Pack,111,RT_039,1.1,111
2025-06-04 17:32:30,STORE_022,Chitungwiza_Depot,High Energy White,210,RT_037,1.33,210
2025-03-03 17:25:52,STORE_074,Bulawayo_Branch,High Energy Brown,279,RT_036,1.49,279
2025-05-28 17:43:08,STORE_139,Masvingo_Branch,Soft White,216,RT_039,1.27,216
2025-06-13 03:02:44,STORE_018,Marondera_Depot,Soft White,3,RT_016,1.24,3
2025-04-25 20:00:25,STORE_051,Gweru_Branch,Wholegrain Brown,13,RT_017,1.35,13
2025-07-24 05:25:07,STORE_052,Bindura_Depot,Wholegrain Brown,139,RT_048,1.54,139
2025-06-03 20:23:19,STORE_087,Bulawayo_Branch,Family Loaf,18,RT_044,2.18,18
2025-07-22 05:32:15,STORE_114,Kwekwe_Depot,Seed Loaf,116,RT_027,1.56,116
2025-07-15 20:03:16,STORE_010,Marondera_Depot,High Energy Brown,181,RT_010,1.3,181
2025-07-26 12:04:17,STORE_016,Harare_Willowvale,High Energy White,298,RT_049,1.47,298
,STORE_027,Harare_Willowvale,Soft White,266,RT_023,1.38,266
2025-06-06 08:43:53,STORE_095,Bindura_Depot,Buns 6-Pack,144,RT_031,1.21,144
2025-06-24 00:48:11,STORE_029,Chitungwiza_Depot,Whole Wheat,293,RT_049,1.4,293
2025-05-28 03:19:23,STORE_026,Bindura_Depot,Whole Wheat,248,RT_026,1.63,248
2025-05-30 15:18:28,STORE_115,Harare_Willowvale,Family Loaf,221,RT_018,2.27,221
2025-06-09 21:22:11,STORE_097,Kwekwe_Depot,Buns 6-Pack,92,RT_020,1.07,92
2025-07-04 12:43:32,STORE_025,Kwekwe_Depot,High Energy White,152,RT_007,1.34,152
2025-07-10 18:45:39,STORE_034,Kwekwe_Depot,Soft White,240,RT_017,1.18,240
2025-07-27 12:18:18,STORE_006,Masvingo_Branch,Mini Rolls 6-Pack,167,RT_042,1.17,167
2025-07-14 00:11:33,STORE_119,Bulawayo_Branch,Soft White,7,RT_038,1.14,7
2025-03-01 20:01:59,STORE_102,Bindura_Depot,Soft White,233,RT_038,1.21,233
2025-06-06 19:30:13,STORE_126,Bindura_Depot,High Energy Brown,66,RT_048,1.24,66
2025-04-05 08:41:25,STORE_055,Marondera_Depot,Family Loaf,272,RT_044,2.22,272
2025-01-21 06:02:16,STORE_080,Marondera_Depot,High Energy White,176,RT_034,1.25,176
2025-01-17 13:17:44,STORE_009,Mutare_Branch,Mini Rolls 6-Pack,294,RT_002,0.94,294
2025-04-24 12:21:04,STORE_048,Harare_Southerton,Whole Wheat,204,RT_026,1.51,204
2025-02-14 01:51:22,STORE_102,Harare_Willowvale,Family Loaf,276,RT_022,2.29,276
2025-02-19 04:22:47,STORE_044,Mutare_Branch,Buns 6-Pack,188,RT_046,1.29,188
2025-03-08 01:20:49,STORE_008,Chitungwiza_Depot,Mini Rolls 6-Pack,165,RT_019,0.91,165
2025-03-21 08:36:44,STORE_091,Kwekwe_Depot,Whole Wheat,38,RT_032,1.39,38
2025-03-03 18:56:18,STORE_136,Marondera_Depot,Soft White,224,RT_011,1.24,224
2025-05-25 14:40:18,STORE_025,Bindura_Depot,Mini Rolls 6-Pack,73,RT_018,1.01,73
2025-06-20 01:12:50,STORE_003,Gweru_Branch,Family Loaf,23,RT_022,2.21,23
2025-03-01 20:13:48,STORE_075,Masvingo_Branch,Seed Loaf,142,RT_023,1.53,142
2025-07-13 16:19:16,STORE_079,Gweru_Branch,Mini Rolls 6-Pack,252,RT_027,1.16,252
2025-05-06 23:40:49,STORE_115,Mutare_Branch,Soft White,311,RT_024,1.37,311
2025-03-04 01:47:20,STORE_109,Chitungwiza_Depot,Whole Wheat,137,RT_040,1.42,137
2025-01-23 06:53:55,STORE_076,Chitungwiza_Depot,Family Loaf,259,RT_007,2.37,259
2025-04-05 04:58:00,STORE_110,Kwekwe_Depot,Family Loaf,126,RT_036,2.34,126
2025-03-02 16:32:14,STORE_018,Bulawayo_Branch,Mini Rolls 6-Pack,39,RT_043,0.94,39
2025-03-19 17:41:27,STORE_119,Harare_Willowvale,Mini Rolls 6-Pack,259,RT_047,1.17,259
2025-06-01 19:50:52,STORE_072,Kwekwe_Depot,Mini Rolls 6-Pack,95,RT_046,1.12,95
2025-07-19 11:51:55,STORE_114,Gweru_Branch,Buns 6-Pack,196,RT_031,1.23,196
2025-03-31 23:34:09,STORE_115,Harare_Willowvale,Buns 6-Pack,241,RT_032,1.12,241
2025-06-10 05:42:25,STORE_073,Marondera_Depot,Buns 6-Pack,246,RT_030,1.08,246
2025-04-23 05:14:34,STORE_076,Marondera_Depot,Whole Wheat,131,RT_040,1.54,131
2025-05-13 15:38:03,STORE_121,Harare_Southerton,Seed Loaf,68,RT_011,1.57,68
2025-04-15 08:17:28,STORE_090,Masvingo_Branch,Buns 6-Pack,201,RT_030,1.3,201
2025-07-14 02:45:51,STORE_110,Marondera_Depot,High Energy White,264,RT_038,1.48,264
2025-04-25 08:41:00,STORE_007,Gweru_Branch,Wholegrain Brown,186,RT_039,1.47,186
2025-07-15 14:12:33,STORE_078,Bindura_Depot,Soft White,127,RT_014,1.33,127
2025-07-07 12:59:17,STORE_081,Harare_Southerton,Soft White,36,RT_014,1.14,36
2025-03-05 14:26:19,STORE_132,Harare_Willowvale,Whole Wheat,279,RT_009,1.43,279
2025-06-10 00:08:29,STORE_115,Chitungwiza_Depot,Buns 6-Pack,89,RT_011,1.12,89
2025-06-22 20:00:28,STORE_111,Masvingo_Branch,Soft White,84,RT_010,1.39,84
2025-04-20 20:24:59,STORE_065,Harare_Willowvale,Wholegrain Brown,284,RT_040,1.31,284
2025-04-21 23:42:14,STORE_042,Mutare_Branch,Buns 6-Pack,164,RT_047,1.23,164
2025-04-03 09:37:21,STORE_064,Harare_Willowvale,Soft White,28,RT_021,1.32,28
2025-02-04 01:06:56,STORE_072,Mutare_Branch,Family Loaf,309,RT_008,2.16,309
2025-04-02 01:44:13,STORE_035,Masvingo_Branch,Seed Loaf,126,RT_047,1.67,126
2025-06-22 07:17:56,STORE_048,Chitungwiza_Depot,Wholegrain Brown,191,RT_029,1.42,191
2025-06-27 20:52:03,STORE_091,Bindura_Depot,Soft Whtie,319,RT_020,1.19,319
2025-01-16 12:22:02,STORE_113,Harare_Willowvale,Buns 6-Pack,267,RT_023,1.03,267
2025-06-02 00:53:23,STORE_002,Harare_Willowvale,Buns 6-Pack,251,RT_039,1.23,251
2025-05-21 02:15:34,STORE_110,Bindura_Depot,Family Loaf,169,RT_010,2.27,169
2025-03-09 14:20:45,STORE_119,Mutare_Branch,Mini Rolls 6-Pack,206,RT_017,1.18,206
2025-05-09 01:57:06,STORE_090,Masvingo_Branch,High Energy Brown,262,RT_017,1.45,262
2025-07-28 03:54:28,STORE_009,Harare_Willowvale,High Energy Brown,98,RT_026,1.22,98
2025-03-21 01:01:53,STORE_049,Gweru_Branch,High Energy Brown,54,RT_002,1.24,54
2025-03-03 05:22:10,STORE_004,Chitungwiza_Depot,Family Loaf,293,RT_033,2.39,293
2025-02-11 18:56:06,STORE_040,Bindura_Depot,Soft White,84,RT_022,1.21,84
2025-04-25 23:08:37,STORE_088,Harare_Southerton,High Energy Brown,111,RT_021,1.32,111
2025-06-05 09:07:57,STORE_031,Kwekwe_Depot,Whole Wheat,226,RT_030,1.41,226
2025-07-26 03:08:35,STORE_052,Bindura_Depot,Soft White,7,RT_032,1.24,7
2025-07-07 18:51:07,STORE_039,Harare_Willowvale,Buns 6-Pack,210,RT_011,1.27,210
2025-06-21 22:37:11,STORE_073,Bulawayo_Branch,Mini Rolls 6-Pack,272,RT_003,0.97,272
2025-03-26 13:05:37,STORE_023,Bindura_Depot,Whole Wheat,219,RT_045,1.51,219
2025-04-17 12:57:33,STORE_059,Harare_Southerton,Buns 6-Pack,307,RT_019,1.26,307
2025-01-28 08:53:45,STORE_019,Kwekwe_Depot,Mini Rolls 6-Pack,55,RT_018,1.04,55
2025-07-24 16:20:49,STORE_104,Marondera_Depot,High Energy Brown,63,RT_027,1.3,63
2025-05-20 03:33:31,STORE_115,Gweru_Branch,Buns 6-Pack,98,RT_048,1.19,98
2025-03-16 18:31:24,STORE_103,Marondera_Depot,Soft White,35,RT_026,1.35,35
2025-03-27 03:12:46,STORE_038,Kwekwe_Depot,Buns 6-Pack,285,RT_005,1.03,285
2025-04-12 01:31:36,STORE_085,Marondera_Depot,Seed Loaf,206,RT_038,1.45,206
2025-02-15 02:40:19,STORE_067,Harare_Southerton,Mini Rolls 6-Pack,309,RT_011,0.94,309
2025-02-19 20:24:46,STORE_119,Chitungwiza_Depot,High Energy White,41,RT_006,1.3,41
2025-01-21 06:08:13,STORE_081,Bulawayo_Branch,High Energy Brown,281,RT_026,1.25,281
2025-01-13 22:22:54,STORE_067,Kwekwe_Depot,Wholegrain Brown,134,RT_018,1.3,134
2025-03-03 20:25:26,STORE_017,Chitungwiza_Depot,High Energy Brown,319,RT_024,1.34,319
2025-02-17 00:41:49,STORE_068,Gweru_Branch,Seed Loaf,262,RT_015,1.52,262
2025-07-04 05:47:04,STORE_091,Mutare_Branch,High Energy Brown,62,RT_049,1.36,62
2025-03-03 11:22:24,STORE_131,Bulawayo_Branch,Buns 6-Pack,319,RT_034,1.19,319
2025-07-01 15:07:26,STORE_083,Bulawayo_Branch,High Energy Brown,184,RT_022,1.25,184
2025-07-25 17:02:03,STORE_012,Gweru_Branch,Buns 6-Pack,238,RT_020,1.08,238
2025-05-23 10:00:55,STORE_005,Bindura_Depot,Family Loaf,135,RT_035,2.31,135
2025-03-03 14:55:07,STORE_025,Gweru_Branch,Wholegrain Brown,189,RT_031,1.52,189
2025-01-26 16:29:29,STORE_112,Bindura_Depot,Seed Loaf,71,RT_040,1.59,71
2025-02-11 15:00:36,STORE_074,Bulawayo_Branch,Family Loaf,97,RT_048,2.18,97
2025-02-28 15:15:12,STORE_011,Kwekwe_Depot,Mini Rolls 6-Pack,172,RT_038,1.07,172
2025-04-07 15:47:25,STORE_130,Gweru_Branch,Seed Loaf,188,RT_004,1.53,188
2025-07-08 07:08:37,STORE_020,Chitungwiza_Depot,Soft White,156,RT_002,1.23,156
2025-01-18 05:53:37,STORE_130,Kwekwe_Depot,High Energy Brown,295,RT_005,1.23,295
2025-03-01 01:48:58,STORE_015,Chitungwiza_Depot,Wholegrain Brown,311,RT_034,1.41,311
2025-04-16 10:30:10,STORE_021,Masvingo_Branch,Mini Rolls 6-Pack,58,RT_040,0.95,58
2025-07-11 04:56:21,STORE_105,Masvingo_Branch,Buns 6-Pack,194,RT_030,1.16,194
2025-03-12 09:54:05,STORE_083,Gweru_Branch,SeedLoaf,262,RT_012,1.62,262
2025-02-21 18:30:14,STORE_029,Marondera_Depot,Family Loaf,12,RT_047,2.27,12
2025-01-10 21:35:27,STORE_060,Harare_Southerton,Mini Rolls 6-Pack,159,RT_036,1.04,159
2025-07-14 21:22:26,STORE_123,Mutare_Branch,Wholegrain Brown,304,RT_020,1.49,304
2025-04-11 10:27:29,STORE_013,Harare_Southerton,Wholegrain Brown,161,RT_032,1.58,161
2025-07-21 04:36:06,STORE_021,Harare_Willowvale,Family Loaf,115,RT_035,2.18,115
2025-04-10 23:16:40,STORE_111,Masvingo_Branch,High Energy White,269,RT_032,1.46,269
2025-07-04 15:47:45,STORE_011,Gweru_Branch,Buns 6-Pack,178,RT_004,1.17,178
2025-02-11 11:45:02,STORE_059,Bulawayo_Branch,Seed Loaf,77,RT_009,1.59,77
2025-03-29 23:48:15,STORE_011,Harare_Willowvale,Whole Wheat,175,RT_038,1.53,175
2025-03-10 07:05:26,STORE_072,Bindura_Depot,Seed Loaf,73,RT_041,1.41,73
2025-04-14 00:51:24,STORE_134,Harare_Willowvale,High Energy Brown,172,RT_023,1.29,172
2025-05-23 07:17:07,STORE_028,Mutare_Branch,Family Loaf,91,RT_034,2.25,91
2025-01-18 18:20:51,STORE_045,Harare_Willowvale,Mini Rolls 6-Pack,64,RT_014,0.99,64
2025-04-27 13:15:26,STORE_070,Masvingo_Branch,Seed Loaf,118,RT_047,1.59,118
2025-05-09 00:46:09,STORE_075,Chitungwiza_Depot,Mini Rolls 6-Pack,91,RT_036,0.97,91
2025-06-30 00:02:33,STORE_084,Marondera_Depot,Buns 6-Pack,113,RT_020,1.18,113
2025-05-24 18:18:44,STORE_046,Kwekwe_Depot,High Energy Brown,236,RT_004,1.38,236
2025-05-10 19:53:58,STORE_035,Bindura_Depot,Seed Loaf,150,RT_041,1.48,150
2025-06-16 08:22:08,STORE_097,Marondera_Depot,Family Loaf,276,RT_014,2.27,276
2025-07-28 00:07:43,STORE_139,Bindura_Depot,High Energy Brown,87,RT_028,1.3,87
2025-06-02 07:05:37,STORE_013,Marondera_Depot,High Energy White,25,RT_048,1.48,25
2025-02-07 05:31:02,STORE_094,Harare_Willowvale,Buns 6-Pack,86,RT_046,1.18,86
2025-01-25 11:33:46,STORE_041,Gweru_Branch,High Energy Brown,16,RT_043,1.46,16
2025-03-08 23:01:07,STORE_042,Bindura_Depot,Wholegrain Brown,181,RT_012,1.49,181
2025-03-18 18:36:21,STORE_059,Gweru_Branch,Buns 6-Pack,288,RT_017,1.0,288
2025-01-16 15:05:39,STORE_050,Marondera_Depot,High Energy Brown,299,RT_048,1.34,299
2025-02-01 00:19:50,STORE_074,Bulawayo_Branch,Wholegrain Brown,246,RT_007,1.44,246
2025-03-19 13:02:24,STORE_024,Mutare_Branch,Family Loaf,282,RT_048,2.32,282
2025-03-07 07:37:53,STORE_011,Gweru_Branch,Buns 6-Pack,14,RT_015,1.06,14
2025-03-12 03:25:19,STORE_109,Chitungwiza_Depot,Whole Wheat,111,RT_035,1.5,111
2025-01-07 00:48:37,STORE_042,Harare_Willowvale,Seed Loaf,146,RT_010,1.59,146
2025-05-31 22:54:39,STORE_017,Gweru_Branch,Seed Loaf,149,RT_012,1.43,149
2025-05-15 04:36:47,STORE_003,Gweru_Branch,Seed Loaf,227,RT_001,1.6,227
2025-04-13 03:43:53,STORE_104,Gweru_Branch,Seed Loaf,88,RT_031,1.66,88
2025-06-01 11:47:42,STORE_101,Marondera_Depot,Buns 6-Pack,95,RT_028,1.12,95
2025-03-20 21:34:34,STORE_093,Mutare_Branch,High Energy White,34,RT_037,1.21,34
2025-07-27 07:41:26,STORE_024,Harare_Willowvale,Mini Rolls 6-Pack,207,RT_010,0.97,207
2025-04-19 07:55:28,STORE_125,Bindura_Depot,Buns 6-Pack,65,RT_045,1.18,65
2025-07-21 17:39:15,STORE_002,Kwekwe_Depot,Soft White,67,RT_030,1.15,67
2025-03-08 19:11:26,STORE_030,Bulawayo_Branch,Wholegrain Brown,224,RT_047,1.33,224
2025-06-05 10:40:28,STORE_129,Masvingo_Branch,High Energy White,170,RT_048,1.34,170
2025-01-11 08:58:37,STORE_055,Chitungwiza_Depot,High Energy Brown,273,RT_042,1.21,273
2025-04-06 06:53:43,STORE_006,,High Energy Brown,302,RT_014,1.31,302
2025-02-16 13:58:53,STORE_065,Gweru_Branch,High Energy Brown,151,RT_038,1.4,151
2025-01-29 01:02:32,STORE_030,Bindura_Depot,Seed Loaf,19,RT_004,1.6,19
2025-01-14 05:04:12,STORE_058,Bulawayo_Branch,Soft White,134,RT_015,1.17,134
2025-07-03 05:33:08,STORE_003,Mutare_Branch,Buns 6-Pack,246,RT_002,1.25,246
2025-06-08 21:23:15,STORE_128,Mutare_Branch,Mini Rolls 6-Pack,262,RT_032,1.16,262
2025-06-17 06:26:11,STORE_106,Marondera_Depot,Family Loaf,233,RT_007,2.36,233
2025-06-12 07:22:26,STORE_086,Harare_Southerton,Mini Rolls 6-Pack,47,RT_048,1.2,47
2025-05-10 20:21:21,STORE_112,Harare_Willowvale,Mini Rolls 6-Pack,13,RT_030,1.19,13
2025-04-12 11:06:05,STORE_054,Mutare_Branch,Mini Rolls 6-Pack,188,RT_028,1.17,188
2025-06-08 14:43:00,STORE_073,Bulawayo_Branch,Whole Wheat,60,RT_012,1.46,60
2025-03-03 09:28:29,STORE_133,Kwekwe_Depot,Family Loaf,176,RT_021,2.18,176
2025-06-17 02:36:03,STORE_069,Chitungwiza_Depot,Family Loaf,205,RT_049,2.39,205
2025-04-14 22:14:10,STORE_041,Harare_Southerton,High Energy White,308,RT_027,1.39,308
2025-07-07 01:30:43,STORE_090,Gweru_Branch,High Energy White,45,RT_027,1.23,45
2025-03-24 05:07:10,STORE_045,Harare_Southerton,High Energy White,49,RT_045,1.34,49
2025-06-22 11:57:21,STORE_137,Gweru_Branch,Seed Loaf,121,RT_038,1.48,121
2025-06-05 10:45:02,STORE_132,Kwekwe_Depot,Whole Wheat,204,RT_040,1.55,204
2025-05-05 13:10:21,STORE_016,Chitungwiza_Depot,Seed Loaf,212,RT_013,1.48,212
2025-03-10 00:04:05,STORE_078,Masvingo_Branch,High Energy White,101,RT_009,1.4,101
2025-05-01 11:39:31,STORE_023,Masvingo_Branch,Soft White,189,RT_026,1.34,189
2025-05-12 12:59:47,STORE_059,Chitungwiza_Depot,High Energy White,176,RT_029,1.32,176
2025-01-20 21:22:42,STORE_097,Kwekwe_Depot,Wholegrain Brown,297,RT_039,1.42,297
2025-04-25 17:50:41,STORE_006,Kwekwe_Depot,Mini Rolls 6-Pack,297,RT_004,1.0,297
2025-04-26 23:11:58,STORE_129,Marondera_Depot,High Energy Brown,261,RT_031,1.21,261
2025-04-23 11:12:17,STORE_100,Marondera_Depot,Buns 6-Pack,267,RT_041,1.04,267
2025-01-23 16:39:43,STORE_089,Harare_Willowvale,High Energy White,102,RT_039,1.3,102
2025-01-14 15:34:40,STORE_117,Mutare_Branch,Family Loaf,254,RT_022,2.28,254
2025-01-31 06:36:44,STORE_036,Chitungwiza_Depot,Seed Loaf,112,RT_026,1.68,112
2025-04-19 15:20:15,STORE_071,Gweru_Branch,Buns 6-Pack,109,RT_019,1.0,109
2025-04-20 06:15:05,STORE_053,Gweru_Branch,High Energy White,143,RT_025,1.2,143
2025-05-13 03:59:23,STORE_109,Marondera_Depot,Whole Wheat,156,RT_031,1.37,156
2025-04-28 22:13:28,STORE_005,Gweru_Branch,Seed Loaf,195,RT_003,1.51,195
2025-01-12 12:57:37,STORE_078,Marondera_Depot,High Energy White,29,RT_030,1.46,29
2025-07-10 22:07:38,STORE_039,Masvingo_Branch,High Energy Brown,314,RT_045,1.29,314
2025-05-16 22:01:05,STORE_035,Marondera_Depot,Whole Wheat,234,RT_028,1.51,234
2025-05-22 06:59:39,STORE_019,Gweru_Branch,Seed Loaf,136,RT_019,1.42,136
2025-01-12 11:02:01,STORE_129,Marondera_Depot,Soft White,101,RT_044,1.22,101
2025-05-27 00:11:27,STORE_098,Gweru_Branch,Whole Wheat,138,RT_046,1.58,138
2025-02-05 17:16:16,STORE_062,Masvingo_Branch,High Energy White,128,RT_027,1.42,128
2025-04-19 17:03:29,STORE_037,Gweru_Branch,High Energy Brown,34,RT_034,1.46,34
2025-07-08 22:42:43,STORE_135,Gweru_Branch,Mini Rolls 6-Pack,130,RT_001,1.08,130
2025-03-31 06:36:49,STORE_131,Bindura_Depot,High Energy Brown,261,RT_027,1.4,261
2025-05-19 22:10:38,STORE_135,,Soft White,77,RT_002,1.11,77
2025-04-13 18:42:01,STORE_051,Bulawayo_Branch,Buns 6-Pack,160,RT_044,1.13,160
2025-07-21 09:32:17,STORE_047,Marondera_Depot,Family Loaf,208,RT_021,2.25,208
,STORE_136,Harare_Willowvale,High Energy White,288,RT_013,1.44,288
2025-04-28 21:41:26,STORE_003,,Whole Wheat,34,RT_047,1.5,34
2025-06-15 01:23:15,STORE_109,Harare_Willowvale,High Energy White,40,RT_021,1.31,40
2025-03-01 20:57:16,STORE_060,Masvingo_Branch,Mini Rolls 6-Pack,158,RT_001,1.13,158
2025-07-25 15:36:49,STORE_119,Bulawayo_Branch,Family Loaf,59,RT_023,2.2,59
2025-03-09 06:15:03,STORE_116,Harare_Southerton,High Energy White,180,RT_047,1.28,180
2025-07-22 22:49:34,STORE_005,Bulawayo_Branch,Soft White,33,RT_020,1.34,33
2025-05-24 14:22:53,STORE_131,Masvingo_Branch,Wholegrain Brown,193,RT_034,1.54,193
2025-05-28 07:45:00,STORE_004,Gweru_Branch,Seed Loaf,22,RT_036,1.49,22
2025-01-02 16:05:56,STORE_025,Bindura_Depot,Family Loaf,43,RT_022,2.39,43
2025-07-19 07:54:50,STORE_009,Harare_Southerton,Wholegrain Brown,275,RT_023,1.43,275
2025-02-27 03:16:40,STORE_009,Harare_Southerton,Whole Wheat,80,RT_034,1.64,80
2025-04-21 18:59:27,STORE_044,Gweru_Branch,Whole Wheat,4,RT_020,1.42,4
2025-01-03 04:54:37,STORE_053,Bindura_Depot,High Energy Brown,140,RT_013,1.28,140
2025-05-25 15:44:51,STORE_128,Gweru_Branch,High Energy White,154,,1.38,154
2025-03-10 14:59:51,STORE_006,Bulawayo_Branch,Soft White,249,RT_002,1.34,249
2025-06-23 00:42:52,STORE_104,Chitungwiza_Depot,Wholegrain Brown,11,RT_028,1.5,11
2025-01-09 02:27:46,STORE_007,Masvingo_Branch,Family Loaf,81,RT_001,2.15,81
2025-05-20 00:44:32,STORE_126,Kwekwe_Depot,Seed Loaf,201,RT_007,1.65,201
2025-02-01 16:32:26,STORE_135,Gweru_Branch,Soft White,112,RT_005,1.16,112
2025-03-10 18:45:12,STORE_050,Chitungwiza_Depot,Mini Rolls 6-Pack,301,RT_034,0.93,301
2025-03-02 20:54:05,STORE_129,Harare_Southerton,Wholegrain Brown,268,RT_012,1.36,268
2025-07-22 15:52:18,STORE_051,Bulawayo_Branch,Wholegrain Brown,92,RT_014,1.35,92
2025-03-27 06:27:21,STORE_009,Kwekwe_Depot,Wholegrain Brown,101,RT_009,1.5,101
2025-01-12 23:44:51,STORE_028,Harare_Willowvale,High Energy White,185,RT_035,1.35,185
2025-03-29 15:13:12,STORE_072,Harare_Southerton,Wholegrain Brown,306,RT_033,1.42,306
2025-05-15 04:13:09,STORE_037,Mutare_Branch,Wholegrain Brown,9,RT_027,1.54,9
2025-01-13 11:53:20,STORE_007,Masvingo_Branch,High Energy Brown,33,RT_048,1.46,33
2025-01-21 14:13:02,STORE_076,Chitungwiza_Depot,Buns 6-Pack,179,RT_041,1.04,179
2025-07-01 04:48:32,STORE_012,Harare_Willowvale,Whole Wheat,27,RT_030,1.36,27
2025-01-09 06:29:24,STORE_088,Bindura_Depot,Whole Wheat,85,RT_043,1.43,85
2025-05-22 07:41:24,STORE_082,Harare_Southerton,Family Loaf,248,RT_025,2.39,248
2025-04-10 15:06:04,STORE_108,Harare_Willowvale,Buns 6-Pack,224,RT_028,1.27,224
2025-06-04 07:58:25,STORE_059,Harare_Willowvale,Buns 6-Pack,176,RT_012,1.14,176
2025-05-31 14:09:25,STORE_074,Harare_Southerton,Seed Loaf,242,RT_019,1.68,242
2025-06-16 13:14:51,STORE_035,Mutare_Branch,Wholegrain Brown,63,RT_014,1.4,63
2025-04-12 15:29:13,STORE_094,Kwekwe_Depot,High Energy Brown,261,RT_043,1.25,261
2025-04-27 20:12:05,STORE_115,Chitungwiza_Depot,High Energy White,44,RT_012,1.28,44
2025-01-02 07:49:20,STORE_086,Harare_Willowvale,Family Loaf,37,RT_048,2.24,37
2025-05-07 12:17:05,STORE_056,Kwekwe_Depot,Mini Rolls 6-Pack,104,RT_020,0.94,104
2025-07-24 00:59:56,STORE_102,Gweru_Branch,Mini Rolls 6-Pack,57,RT_043,1.07,57
2025-07-08 08:04:25,STORE_075,Kwekwe_Depot,Family Loaf,117,RT_035,2.31,117
2025-01-10 19:23:25,STORE_121,Chitungwiza_Depot,Buns 6-Pack,18,RT_019,1.27,18
2025-01-19 09:12:01,STORE_023,Bulawayo_Branch,Wholegrain Brown,149,RT_025,1.38,149
2025-06-15 01:11:28,STORE_125,Marondera_Depot,High Energy White,146,RT_012,1.48,146
2025-07-11 00:37:21,STORE_088,Bulawayo_Branch,Wholegrain Brown,156,RT_025,1.36,156
2025-03-15 03:28:27,STORE_059,Gweru_Branch,Whole Wheat,143,RT_034,1.36,143
2025-06-08 01:17:22,STORE_007,Kwekwe_Depot,Mini Rolls 6-Pack,82,RT_025,1.11,82
2025-04-18 12:24:21,STORE_076,Marondera_Depot,Mini Rolls 6-Pack,191,RT_031,1.14,191
2025-02-17 17:16:30,STORE_100,Kwekwe_Depot,Soft White,111,RT_001,1.25,111
2025-02-27 20:38:31,STORE_117,Masvingo_Branch,Seed Loaf,128,RT_022,1.59,128
2025-01-11 03:57:49,STORE_103,Mutare_Branch,Wholegrain Brown,166,RT_017,1.42,166
2025-03-15 20:05:15,STORE_019,Bulawayo_Branch,Buns 6-Pack,42,RT_022,1.11,42
2025-06-17 04:38:09,STORE_134,Kwekwe_Depot,Wholegrain Brown,194,RT_018,1.34,194
2025-07-02 20:18:34,STORE_134,Chitungwiza_Depot,Family Loaf,202,RT_049,2.39,202
2025-06-01 20:02:12,STORE_107,Harare_Southerton,Soft White,272,RT_041,1.31,272
2025-01-09 02:37:42,STORE_024,Kwekwe_Depot,Whole Wheat,114,RT_019,1.39,114
2025-04-17 04:14:56,STORE_083,Bindura_Depot,Seed Loaf,34,RT_027,1.56,34
2025-04-30 05:42:02,STORE_102,Harare_Southerton,Whole Wheat,309,RT_009,1.47,309
2025-07-03 15:15:28,STORE_080,Bulawayo_Branch,Soft White,271,RT_040,1.22,271
2025-07-06 11:40:40,STORE_099,Bindura_Depot,Buns 6-Pack,234,RT_034,1.09,234
2025-06-22 22:33:52,STORE_002,Harare_Southerton,Mini Rolls 6-Pack,141,RT_047,1.12,141
2025-02-14 21:06:30,STORE_015,Kwekwe_Depot,Wholegrain Brown,114,RT_023,1.39,114
2025-05-03 02:09:00,STORE_116,Marondera_Depot,Buns 6-Pack,169,RT_016,1.22,169
2025-06-23 10:50:36,STORE_064,Mutare_Branch,Mini Rolls 6-Pack,90,RT_039,0.93,90
2025-01-15 03:04:42,STORE_110,Gweru_Branch,Soft White,308,RT_033,1.33,308
2025-01-31 14:18:28,STORE_066,Harare_Willowvale,Soft White,105,RT_028,1.39,105
2025-02-27 17:08:32,STORE_059,Kwekwe_Depot,High Energy White,169,RT_023,1.29,169
2025-05-31 06:35:38,STORE_071,Masvingo_Branch,Soft White,206,RT_044,1.13,206
2025-03-10 22:03:52,STORE_124,Harare_Willowvale,Seed Loaf,131,RT_012,1.47,131
2025-04-15 22:53:46,STORE_008,Kwekwe_Depot,Soft White,16,RT_010,1.14,16
2025-03-12 00:00:00,STORE_125,Bindura_Depot,Seed Loaf,82,RT_029,1.47,82
2025-01-02 04:37:01,STORE_075,Marondera_Depot,Soft White,60,RT_005,1.34,60
2025-04-14 08:22:23,STORE_073,Harare_Willowvale,Family Loaf,189,RT_046,2.38,189
2025-05-02 00:47:59,STORE_047,Chitungwiza_Depot,Mini Rolls 6-Pack,205,RT_048,1.12,205
2025-06-05 13:15:53,STORE_106,Harare_Willowvale,Family Loaf,80,RT_007,2.35,80
2025-07-22 09:01:48,STORE_070,Bindura_Depot,Soft White,54,RT_045,1.24,54
2025-05-05 05:28:16,STORE_084,Masvingo_Branch,Soft White,238,RT_008,1.13,238
2025-01-15 01:38:22,STORE_006,Harare_Willowvale,Buns 6-Pack,70,RT_027,1.04,70
2025-06-19 11:46:35,STORE_064,Masvingo_Branch,High Energy Brown,153,RT_030,1.38,153
2025-06-13 00:17:44,STORE_030,Gweru_Branch,Buns 6-Pack,300,RT_011,1.09,300
2025-02-07 22:29:06,STORE_007,Gweru_Branch,Soft White,232,RT_033,1.19,232
2025-01-24 19:52:01,STORE_097,Bulawayo_Branch,Whole Wheat,209,RT_047,1.41,209
2025-04-19 01:10:11,STORE_138,Masvingo_Branch,Whole Wheat,45,RT_016,1.52,45
2025-02-12 18:33:31,STORE_025,Harare_Southerton,Buns 6-Pack,256,RT_031,1.1,256
2025-03-31 05:50:11,STORE_139,Masvingo_Branch,Soft White,46,RT_027,1.16,46
2025-07-09 07:31:10,STORE_048,Harare_Willowvale,Soft White,297,RT_009,1.11,297
2025-07-28 08:32:40,STORE_137,Chitungwiza_Depot,Mini Rolls 6-Pack,242,RT_018,1.03,242
2025-05-19 22:10:38,STORE_135,Marondera_Depot,Soft White,77,RT_002,1.11,77
2025-02-10 06:41:09,STORE_056,Harare_Southerton,Mini Rolls 6-Pack,247,RT_039,0.92,247
2025-04-19 10:15:40,STORE_090,Mutare_Branch,Buns 6-Pack,271,RT_008,1.19,271
2025-06-01 19:23:17,STORE_044,Harare_Southerton,Buns 6-Pack,49,RT_003,1.19,49
2025-07-19 10:32:14,STORE_025,Gweru_Branch,Soft White,211,RT_030,1.1,211
2025-03-02 16:07:22,STORE_121,Mutare_Branch,Wholegrain Brown,125,RT_035,1.35,125
2025-04-28 02:23:10,STORE_105,Bindura_Depot,Whole Wheat,165,RT_024,1.38,165
2025-06-29 04:46:03,STORE_068,Mutare_Branch,Mini Rolls 6-Pack,197,RT_013,1.17,197
2025-06-06 01:08:06,STORE_035,Chitungwiza_Depot,High Energy Brown,81,RT_039,1.35,81
2025-01-16 03:22:46,STORE_062,Harare_Southerton,Seed Loaf,62,RT_037,1.59,62
2025-02-05 12:56:50,STORE_055,Harare_Southerton,Wholegrain Brown,261,RT_025,1.52,261
2025-02-28 23:08:22,STORE_079,Harare_Willowvale,Seed Loaf,157,RT_045,1.52,157
2025-05-28 17:12:30,STORE_136,Bulawayo_Branch,Family Loaf,82,RT_004,2.11,82
2025-07-06 06:54:45,STORE_088,Mutare_Branch,Seed Loaf,54,RT_012,1.67,54
2025-06-14 11:12:00,STORE_086,Masvingo_Branch,Mini Rolls 6-Pack,203,RT_021,1.12,203
2025-02-27 17:20:08,STORE_095,Bindura_Depot,Whole Wheat,64,RT_041,1.37,64
2025-05-28 16:21:26,STORE_013,Bindura_Depot,Wholegrain Brown,95,RT_011,1.49,95
2025-06-06 01:23:17,STORE_014,Chitungwiza_Depot,Soft White,157,RT_001,1.36,157
2025-06-04 19:53:32,STORE_049,Mutare_Branch,Family Loaf,90,RT_010,2.15,90
2025-05-31 22:58:54,STORE_023,Kwekwe_Depot,Mini Rolls 6-Pack,252,RT_038,1.06,252
2025-06-25 14:02:01,STORE_076,Bulawayo_Branch,High Energy White,219,RT_018,1.43,219
2025-05-06 06:18:20,STORE_008,Kwekwe_Depot,Wholegrain Brown,15,RT_001,1.39,15
2025-03-04 21:26:02,STORE_131,Gweru_Branch,Soft White,293,RT_005,1.22,293
2025-06-01 07:14:42,STORE_115,Mutare_Branch,Whole Wheat,44,RT_018,1.5,44
2025-07-22 07:47:41,STORE_071,Chitungwiza_Depot,High Energy Brown,124,RT_012,1.31,124
2025-05-26 12:43:52,STORE_043,Masvingo_Branch,Seed Loaf,75,RT_010,1.49,75
2025-05-07 13:26:47,STORE_029,Bulawayo_Branch,High Energy Brown,298,RT_022,1.49,298
2025-01-16 07:40:59,STORE_064,Gweru_Branch,Mini Rolls 6-Pack,156,RT_029,1.07,156
2025-12-05 00:00:00,STORE_071,Mutare_Branch,Whole Wheat,184,RT_043,1.62,184
2025-01-14 13:44:45,STORE_020,Masvingo_Branch,Soft White,308,RT_029,1.33,308
2025-01-25 02:36:03,STORE_070,Masvingo_Branch,High Energy White,304,RT_026,1.3,304
2025-03-21 16:47:57,STORE_094,Bulawayo_Branch,High Energy White,253,RT_033,1.38,253
2025-04-25 14:02:34,STORE_121,Harare_Southerton,Family Loaf,38,RT_030,2.35,38
2025-01-09 10:16:05,STORE_036,Bindura_Depot,Buns 6-Pack,178,RT_017,1.22,178
2025-05-02 22:47:53,STORE_028,Bulawayo_Branch,Whole Wheat,38,RT_012,1.59,38
2025-05-19 10:47:53,STORE_091,Chitungwiza_Depot,Wholegrain Brown,85,RT_020,1.59,85
2025-02-21 01:17:25,STORE_090,Mutare_Branch,Wholegrain Brown,39,RT_049,1.45,39
2025-06-26 00:38:55,STORE_003,Harare_Willowvale,High Energy White,73,RT_032,1.24,73
2025-04-08 16:07:36,STORE_039,Chitungwiza_Depot,Buns 6-Pack,265,RT_022,1.12,265
2025-01-16 08:51:17,STORE_133,Bulawayo_Branch,Wholegrain Brown,217,RT_048,1.52,217
2025-06-24 09:30:04,STORE_093,Harare_Southerton,High Energy Brown,63,RT_006,1.29,63
2025-06-15 01:26:49,STORE_112,Kwekwe_Depot,Seed Loaf,113,RT_022,1.62,113
2025-01-20 17:40:15,STORE_064,Gweru_Branch,Soft White,70,RT_004,1.36,70
2025-05-19 11:20:03,STORE_120,Marondera_Depot,Mini Rolls 6-Pack,34,RT_028,1.09,34
2025-06-30 01:00:28,STORE_034,Bindura_Depot,Soft White,65,RT_037,1.26,65
2025-02-19 20:08:00,STORE_096,Chitungwiza_Depot,Family Loaf,214,RT_017,2.29,214
2025-06-10 23:12:59,STORE_058,Masvingo_Branch,Wholegrain Brown,115,RT_019,1.32,115
2025-04-16 19:38:13,STORE_077,Kwekwe_Depot,Seed Loaf,304,RT_048,1.7,304
2025-03-23 15:25:05,STORE_097,Kwekwe_Depot,Buns 6-Pack,225,RT_023,1.15,225
2025-07-06 19:40:41,STORE_133,Harare_Willowvale,Mini Rolls 6-Pack,25,RT_003,1.05,25
2025-03-11 18:09:48,STORE_015,Harare_Southerton,Buns 6-Pack,214,RT_014,1.24,214
2025-06-13 11:31:25,STORE_024,Mutare_Branch,Mini Rolls 6-Pack,214,RT_041,0.97,214
2025-04-02 07:12:03,STORE_098,Harare_Southerton,Soft White,236,RT_011,1.19,236
2025-07-29 00:14:34,STORE_022,Masvingo_Branch,Whole Wheat,279,RT_012,1.36,279
2025-06-27 04:43:04,STORE_002,Masvingo_Branch,High Energy Brown,61,RT_022,1.26,61
2025-05-29 01:38:22,STORE_058,Bindura_Depot,High Energy Brown,309,RT_018,1.33,309
2025-02-27 09:41:31,STORE_017,Bulawayo_Branch,Mini Rolls 6-Pack,256,RT_026,1.16,256
2025-02-14 05:41:09,STORE_034,Harare_Willowvale,High Energy Brown,185,RT_045,1.4,185
2025-06-18 06:52:13,STORE_038,Harare_Southerton,Buns 6-Pack,68,RT_039,1.04,68
2025-04-08 08:23:59,STORE_120,Marondera_Depot,High Energy Brown,122,RT_023,1.34,122
2025-05-05 19:01:03,STORE_062,Gweru_Branch,High Energy White,190,RT_019,1.2,190
2025-04-14 23:54:50,STORE_042,Masvingo_Branch,Family Loaf,137,RT_038,2.13,137
2025-06-12 08:15:20,STORE_110,Chitungwiza_Depot,Seed Loaf,173,RT_035,1.43,173
2025-07-07 03:36:04,STORE_022,Bindura_Depot,High Energy White,13,RT_026,1.24,13
2025-07-21 05:30:42,STORE_003,Mutare_Branch,High Energy White,44,RT_030,1.22,44
2025-04-07 18:54:29,STORE_054,Masvingo_Branch,HighEnergyBrown,97,RT_043,1.23,97
2025-01-09 01:28:00,STORE_065,Harare_Southerton,Mini Rolls 6-Pack,160,RT_025,0.93,160
2025-02-24 10:54:23,STORE_061,Kwekwe_Depot,High Energy Brown,239,RT_003,1.22,239
2025-04-06 22:31:09,STORE_103,Harare_Southerton,Wholegrain Brown,315,RT_031,1.47,315
2025-01-10 16:39:26,STORE_008,Marondera_Depot,Seed Loaf,182,RT_013,1.63,182
2025-01-15 03:41:09,STORE_135,Bindura_Depot,Family Loaf,301,RT_026,2.16,301
2025-07-19 17:51:30,STORE_067,Bulawayo_Branch,High Energy White,54,RT_015,1.47,54
2025-06-05 18:04:40,STORE_139,Marondera_Depot,Buns 6-Pack,283,RT_023,1.28,283
2025-05-24 09:54:30,STORE_088,Masvingo_Branch,High Energy White,287,RT_025,1.24,287
2025-04-07 00:52:10,STORE_052,Marondera_Depot,Whole Wheat,169,RT_012,1.4,169
2025-02-17 20:30:08,STORE_049,Harare_Southerton,Soft White,7,RT_029,1.3,7
2025-03-05 19:14:20,STORE_006,Masvingo_Branch,Mini Rolls 6-Pack,288,RT_045,0.93,288
2025-03-07 00:07:47,STORE_053,Marondera_Depot,Wholegrain Brown,18,RT_029,1.46,18
2025-02-26 21:29:42,STORE_065,Masvingo_Branch,High Energy Brown,310,RT_015,1.43,310
2025-06-18 21:04:17,STORE_049,Kwekwe_Depot,Buns 6-Pack,99,RT_004,1.06,99
2025-02-13 01:06:34,STORE_029,Masvingo_Branch,Buns 6-Pack,57,RT_021,1.29,57
2025-03-03 04:51:53,STORE_001,Bulawayo_Branch,Family Loaf,94,RT_037,2.24,94
2025-01-17 08:48:39,STORE_138,Harare_Southerton,Whole Wheat,81,RT_039,1.44,81
2025-02-18 10:14:16,STORE_013,Masvingo_Branch,Seed Loaf,27,RT_039,1.56,27
2025-03-08 01:43:13,STORE_059,Chitungwiza_Depot,High Energy White,295,RT_012,1.23,295
2025-07-17 18:26:19,STORE_027,Bulawayo_Branch,Seed Loaf,215,RT_045,1.62,215
2025-07-24 04:34:21,STORE_088,Bulawayo_Branch,Soft White,100,RT_048,1.24,100
2025-01-06 07:59:56,STORE_012,Harare_Willowvale,SoftWhite,252,RT_011,1.18,252
2025-07-24 05:25:07,STORE_052,Bindura_Depot,Wholegrain Brown,139,RT_048,1.54,139
2025-02-16 07:56:21,STORE_052,Bindura_Depot,Family Loaf,159,RT_022,2.13,159
2025-05-13 02:56:16,STORE_037,Mutare_Branch,High Energy White,289,RT_015,1.37,289
2025-04-22 02:12:13,STORE_070,Bulawayo_Branch,Buns 6-Pack,106,RT_010,1.04,106
2025-07-16 17:46:19,STORE_121,Gweru_Branch,High Energy Brown,139,RT_032,1.47,139
2025-01-31 09:14:23,STORE_063,Masvingo_Branch,Seed Loaf,300,RT_045,1.56,300
2025-03-13 05:49:03,STORE_003,Gweru_Branch,Wholegrain Brown,11,RT_042,1.5,11
2025-03-12 19:41:40,STORE_071,Bindura_Depot,Whole Wheat,248,RT_014,1.6,248
2025-02-12 19:56:08,STORE_003,Marondera_Depot,Buns 6-Pack,142,RT_025,1.13,142
2025-04-29 02:13:58,STORE_088,Kwekwe_Depot,Buns 6-Pack,156,RT_039,1.29,156
2025-05-24 18:51:28,STORE_101,Mutare_Branch,Soft White,206,RT_014,1.14,206
2025-01-12 05:47:28,STORE_136,Masvingo_Branch,High Energy Brown,4,RT_014,1.31,4
2025-07-30 15:57:37,STORE_114,Bindura_Depot,Buns 6-Pack,95,RT_008,1.25,95
2025-07-14 20:56:34,STORE_039,Marondera_Depot,Seed Loaf,75,RT_005,1.61,75
2025-05-29 19:50:21,STORE_045,Masvingo_Branch,Buns 6-Pack,31,RT_002,1.15,31
2025-02-28 16:09:58,STORE_052,Bulawayo_Branch,Seed Loaf,286,RT_001,1.46,286
2025-03-07 19:44:01,STORE_059,Bulawayo_Branch,High Energy White,90,RT_027,1.44,90
2025-05-23 00:24:52,STORE_077,Marondera_Depot,High Energy Brown,72,RT_002,1.38,72
2025-07-22 03:09:52,STORE_090,Masvingo_Branch,Family Loaf,275,RT_047,2.21,275
2025-07-13 07:31:09,STORE_132,Mutare_Branch,Mini Rolls 6-Pack,199,RT_015,1.12,199
2025-01-12 04:30:49,STORE_048,Harare_Willowvale,High Energy Brown,237,RT_024,1.41,237
2025-03-23 04:09:43,STORE_102,Gweru_Branch,Family Loaf,76,RT_007,2.13,76
2025-01-12 08:39:58,STORE_088,Gweru_Branch,Soft White,235,RT_046,1.38,235
2025-06-07 08:44:12,STORE_082,Bulawayo_Branch,Buns 6-Pack,130,RT_041,1.26,130
2025-02-08 15:20:42,STORE_089,Bulawayo_Branch,Soft White,82,RT_019,1.11,82
2025-06-06 23:44:32,STORE_066,Harare_Southerton,Whole Wheat,251,RT_028,1.49,251
2025-03-03 21:23:37,STORE_076,Chitungwiza_Depot,High Energy Brown,235,RT_030,1.24,235
2025-01-06 09:43:30,STORE_136,Masvingo_Branch,High Energy Brown,143,RT_026,1.45,143
2025-06-17 19:40:38,STORE_006,Kwekwe_Depot,Wholegrain Brown,67,RT_021,1.52,67
2025-06-23 11:04:27,STORE_048,Harare_Willowvale,High Energy Brown,56,RT_036,1.3,56
2025-04-10 08:07:31,STORE_067,Masvingo_Branch,High Energy Brown,87,RT_030,1.29,87
2025-04-27 19:19:45,STORE_053,Mutare_Branch,High Energy White,119,RT_035,1.45,119
2025-07-04 03:23:21,STORE_076,Marondera_Depot,Whole Wheat,232,RT_024,1.41,232
2025-07-18 11:00:41,STORE_015,Bulawayo_Branch,Buns 6-Pack,94,RT_035,1.07,94
2025-02-17 08:19:58,STORE_031,Kwekwe_Depot,High Energy Brown,95,RT_031,1.32,95
2025-05-15 12:35:03,STORE_005,Gweru_Branch,Buns 6-Pack,18,RT_001,1.28,18
2025-07-19 19:45:26,STORE_079,Kwekwe_Depot,High Energy Brown,207,RT_037,1.29,207
2025-06-17 06:15:00,STORE_089,Marondera_Depot,High Energy Brown,95,RT_035,1.35,95
2025-05-14 03:30:17,STORE_085,Kwekwe_Depot,Soft White,294,RT_025,1.24,294
2025-01-05 11:59:02,STORE_022,Harare_Willowvale,Buns 6-Pack,317,RT_045,1.25,317
2025-01-16 19:35:28,STORE_110,Gweru_Branch,Mini Rolls 6-Pack,135,RT_048,0.91,135
2025-05-31 19:13:32,STORE_007,Masvingo_Branch,High Energy White,68,RT_002,1.26,68
2025-02-24 13:23:17,STORE_049,Harare_Southerton,Soft White,35,RT_039,1.13,35
2025-07-10 10:13:34,STORE_093,Marondera_Depot,High Energy White,274,RT_020,1.31,274
2025-07-13 11:29:33,STORE_028,Harare_Willowvale,Family Loaf,83,RT_004,2.15,83
2025-05-21 19:33:35,STORE_055,Gweru_Branch,High Energy Brown,300,RT_004,1.24,300
2025-02-20 16:07:03,STORE_114,Bindura_Depot,High Energy White,223,RT_045,1.32,223
2025-07-28 23:58:16,STORE_086,Harare_Southerton,High Energy White,257,RT_027,1.25,257
2025-01-21 16:22:16,STORE_066,Harare_Willowvale,High Energy Brown,215,RT_022,1.49,215
2025-07-11 18:52:00,STORE_105,Chitungwiza_Depot,High Energy White,40,RT_012,1.5,40
2025-04-11 13:27:38,STORE_090,Mutare_Branch,High Energy White,263,RT_042,1.35,263
2025-06-14 20:53:19,STORE_062,Bulawayo_Branch,Family Loaf,274,RT_049,2.24,274
2025-01-10 00:24:51,STORE_024,Chitungwiza_Depot,Soft White,263,RT_035,1.35,263
2025-03-26 20:30:26,STORE_011,Bulawayo_Branch,High Energy Brown,146,RT_049,1.33,146
2025-03-16 22:27:47,STORE_053,Kwekwe_Depot,High Energy White,130,RT_010,1.44,130
2025-05-12 17:39:17,STORE_053,Masvingo_Branch,Soft White,143,RT_045,1.24,143
2025-12-05 00:00:00,STORE_014,Masvingo_Branch,High Energy Brown,104,RT_003,1.49,104
2025-04-28 01:44:44,STORE_133,Bindura_Depot,Seed Loaf,317,RT_016,1.59,317
2025-01-01 06:40:22,STORE_038,Marondera_Depot,High Energy White,317,RT_033,1.47,317
2025-05-28 01:43:55,STORE_015,Bulawayo_Branch,High Energy Brown,64,RT_009,1.26,64
2025-03-04 21:02:41,STORE_103,Masvingo_Branch,Seed Loaf,156,RT_020,1.45,156
2025-03-17 01:06:39,STORE_005,Harare_Willowvale,Seed Loaf,247,RT_045,1.43,247
2025-01-31 12:39:48,STORE_081,Mutare_Branch,Family Loaf,268,RT_005,2.25,268
2025-07-12 10:33:56,STORE_007,Kwekwe_Depot,Family Loaf,168,RT_015,2.13,168
2025-01-23 22:57:18,STORE_127,Bindura_Depot,SoapBar,93,RT_040,0.99,93
2025-06-21 20:31:08,STORE_072,Marondera_Depot,Mini Rolls 6-Pack,266,RT_025,0.92,266
2025-03-19 00:24:28,STORE_035,Bindura_Depot,Mini Rolls 6-Pack,270,RT_035,0.94,270
2025-06-13 08:41:35,STORE_103,Marondera_Depot,Whole Wheat,261,RT_047,1.39,261
2025-02-04 08:00:22,STORE_109,Harare_Willowvale,Soft White,261,RT_026,1.35,261
2025-03-15 06:20:34,STORE_136,Mutare_Branch,High Energy White,150,RT_004,1.3,150
2025-07-03 01:00:28,STORE_096,Gweru_Branch,Seed Loaf,153,RT_019,1.57,153
2025-03-14 09:42:15,STORE_043,Chitungwiza_Depot,Wholegrain Brown,5,RT_044,1.34,5
2025-05-29 22:16:39,STORE_086,Harare_Southerton,Buns 6-Pack,225,RT_026,1.26,225
2025-04-29 10:15:37,STORE_057,Bindura_Depot,High Energy Brown,254,RT_015,1.24,254
2025-06-22 21:16:28,STORE_104,Masvingo_Branch,High Energy White,66,RT_047,1.25,66
2025-05-15 14:49:42,STORE_073,Marondera_Depot,Seed Loaf,181,RT_016,1.62,181
2025-03-27 16:12:04,STORE_042,Bindura_Depot,Soft White,252,RT_014,1.12,252
2025-03-13 00:40:21,STORE_136,Masvingo_Branch,High Energy Brown,53,RT_006,1.38,53
2025-03-06 23:27:38,STORE_086,Bindura_Depot,Family Loaf,196,RT_045,2.13,196
2025-07-10 13:13:25,STORE_006,Masvingo_Branch,Buns 6-Pack,201,RT_049,1.22,201
2025-01-26 06:35:21,STORE_118,Marondera_Depot,Buns 6-Pack,195,RT_020,1.2,195
2025-07-23 18:06:06,STORE_021,Bindura_Depot,Wholegrain Brown,154,RT_024,1.44,154
2025-05-16 20:16:58,STORE_101,Mutare_Branch,Buns 6-Pack,143,RT_042,1.06,143
2025-07-03 13:41:07,STORE_092,Mutare_Branch,Family Loaf,178,RT_010,2.3,178
2025-03-22 05:22:24,STORE_095,Masvingo_Branch,Buns 6-Pack,184,RT_004,1.17,184
2025-02-15 15:14:23,STORE_072,Marondera_Depot,High Energy Brown,57,RT_010,1.28,57
2025-05-12 12:50:38,STORE_060,Chitungwiza_Depot,Soft White,294,RT_025,1.15,294
2025-05-01 10:15:15,STORE_117,Masvingo_Branch,High Energy Brown,273,RT_024,1.34,273
2025-02-18 04:22:54,STORE_063,Harare_Southerton,Buns 6-Pack,4,RT_043,1.01,4
2025-07-24 16:27:47,STORE_073,Gweru_Branch,High Energy Brown,313,RT_043,1.2,313
2025-05-03 09:49:01,STORE_057,Mutare_Branch,High Energy Brown,110,RT_001,1.27,110
2025-03-16 09:29:59,STORE_131,Kwekwe_Depot,Seed Loaf,178,RT_037,1.57,178
2025-05-03 13:39:08,STORE_018,Mutare_Branch,Whole Wheat,311,RT_028,1.37,311
2025-02-01 04:35:46,STORE_062,Masvingo_Branch,Soft White,290,RT_014,1.23,290
2025-02-13 17:15:41,STORE_005,Masvingo_Branch,Buns 6-Pack,24,RT_048,1.13,24
2025-02-26 22:28:34,STORE_015,Chitungwiza_Depot,Buns 6-Pack,123,RT_038,1.07,123
2025-04-05 20:36:50,STORE_013,Chitungwiza_Depot,Mini Rolls 6-Pack,206,RT_022,0.95,206
2025-06-30 19:21:54,STORE_035,Harare_Willowvale,Wholegrain Brown,285,RT_035,1.31,285
2025-05-21 19:00:11,STORE_023,Masvingo_Branch,Seed Loaf,158,RT_029,1.59,158
2025-02-06 10:24:47,STORE_026,Harare_Southerton,Whole Wheat,297,RT_005,1.47,297
2025-06-16 09:11:15,STORE_060,Bulawayo_Branch,High Energy White,5,RT_029,1.37,5
2025-07-30 14:00:47,STORE_086,Mutare_Branch,Seed Loaf,145,RT_013,1.48,145
2025-03-27 00:50:00,STORE_094,Gweru_Branch,Seed Loaf,257,RT_038,1.42,257
2025-02-15 08:09:02,STORE_022,Kwekwe_Depot,Mini Rolls 6-Pack,190,RT_008,1.1,190
2025-04-07 09:41:55,STORE_079,Chitungwiza_Depot,High Energy White,194,RT_042,1.31,194
2025-05-27 00:43:44,STORE_044,Gweru_Branch,Whole Wheat,199,RT_036,1.55,199
2025-04-03 21:16:47,STORE_053,Masvingo_Branch,Wholegrain Brown,71,RT_028,1.48,71
2025-02-18 15:30:28,STORE_096,Masvingo_Branch,High Energy Brown,140,RT_044,1.24,140
2025-04-01 15:45:28,STORE_070,Marondera_Depot,Seed Loaf,21,RT_029,1.53,21
2025-03-15 05:29:41,STORE_077,Gweru_Branch,High Energy White,317,RT_035,1.21,317
2025-07-16 11:22:06,STORE_131,,Soft White,32,RT_007,,32
2025-07-03 17:03:48,STORE_100,Masvingo_Branch,Mini Rolls 6-Pack,114,RT_046,1.14,114
2025-03-20 10:13:16,STORE_027,Mutare_Branch,High Energy White,184,RT_049,1.34,184
,STORE_063,Mutare_Branch,Soft White,225,RT_046,1.3,225
2025-01-18 14:06:38,STORE_114,Harare_Willowvale,Buns 6-Pack,30,RT_021,1.06,30
2025-05-15 02:20:53,STORE_123,Chitungwiza_Depot,Seed Loaf,51,RT_033,1.69,51
2025-01-12 00:16:39,STORE_103,Gweru_Branch,Mini Rolls 6-Pack,67,RT_008,0.94,67
2025-05-13 03:02:04,STORE_024,Bulawayo_Branch,Mini Rolls 6-Pack,25,RT_006,1.13,25
2025-02-23 01:18:17,STORE_101,Mutare_Branch,Buns 6-Pack,271,RT_018,1.28,271
2025-01-09 16:19:31,STORE_024,Masvingo_Branch,Wholegrain Brown,28,RT_044,1.45,28
2025-03-26 07:09:37,STORE_067,Masvingo_Branch,Soft White,27,RT_037,1.29,27
2025-07-06 19:21:53,STORE_089,Gweru_Branch,High Energy Brown,117,RT_046,1.28,117
2025-05-13 22:08:28,STORE_014,Marondera_Depot,High Energy White,214,RT_017,1.24,214
2025-05-09 13:13:09,STORE_046,Chitungwiza_Depot,Seed Loaf,190,RT_030,1.66,190
2025-07-14 19:20:13,STORE_066,Harare_Willowvale,Seed Loaf,99,RT_001,1.54,99
2025-07-05 08:55:42,STORE_056,Marondera_Depot,Wholegrain Brown,136,RT_026,1.3,136
2025-05-16 16:39:47,STORE_027,Kwekwe_Depot,High Energy White,27,RT_012,1.31,27
2025-04-30 15:21:08,STORE_078,Harare_Willowvale,Soft White,175,RT_019,1.29,175
2025-05-30 11:49:17,STORE_060,Harare_Southerton,Soft White,70,RT_042,1.38,70
2025-01-16 23:18:24,STORE_047,Gweru_Branch,WholgrainBrown,281,RT_020,1.54,281
2025-07-29 17:36:19,STORE_068,Harare_Southerton,Whole Wheat,250,RT_011,1.45,250
2025-06-18 07:23:51,STORE_090,Bulawayo_Branch,Wholegrain Brown,14,RT_029,1.42,14
2025-06-03 19:29:15,STORE_094,Bindura_Depot,Family Loaf,186,RT_021,2.15,186
2025-02-06 10:50:07,STORE_023,Harare_Southerton,Whole Wheat,84,RT_031,1.47,84
2025-02-03 21:05:09,STORE_072,Masvingo_Branch,Mini Rolls 6-Pack,101,RT_005,1.16,101
2025-02-25 12:08:04,STORE_042,Kwekwe_Depot,High Energy White,98,RT_018,1.33,98
2025-04-20 18:10:17,STORE_133,Mutare_Branch,Mini Rolls 6-Pack,272,RT_034,1.0,272
2025-02-09 00:31:24,STORE_059,Chitungwiza_Depot,Seed Loaf,84,RT_011,1.63,84
2025-04-02 18:54:31,STORE_131,Bindura_Depot,Whole Wheat,59,RT_007,1.53,59
2025-06-24 20:38:42,STORE_068,Harare_Southerton,High Energy White,261,RT_009,1.38,261
2025-04-25 06:03:23,STORE_062,Harare_Southerton,Seed Loaf,89,RT_003,1.6,89
2025-02-02 21:24:12,STORE_028,Bindura_Depot,High Energy White,252,RT_011,1.47,252
2025-06-16 03:59:04,STORE_048,Harare_Southerton,Mini Rolls 6-Pack,111,RT_008,1.08,111
2025-03-29 21:41:42,STORE_079,Bulawayo_Branch,Mini Rolls 6-Pack,164,RT_026,0.9,164
2025-01-13 23:08:33,STORE_101,Harare_Southerton,Buns 6-Pack,315,RT_029,1.09,315
2025-02-07 17:14:41,STORE_118,Gweru_Branch,Buns 6-Pack,91,RT_042,1.14,91
2025-07-04 23:03:13,STORE_066,Mutare_Branch,High Energy Brown,187,RT_014,1.37,187
2025-03-01 05:22:14,STORE_078,Bulawayo_Branch,Seed Loaf,315,RT_046,1.63,315
2025-03-10 10:35:18,STORE_063,Kwekwe_Depot,Buns 6-Pack,5,RT_035,1.13,5
2025-07-29 14:21:59,STORE_018,Harare_Willowvale,Seed Loaf,55,RT_027,1.65,55
2025-07-20 23:14:46,STORE_083,Mutare_Branch,Whole Wheat,94,RT_027,1.6,94
2025-02-20 07:00:37,STORE_112,Harare_Willowvale,Mini Rolls 6-Pack,587,RT_047,1.15,587
2025-03-12 15:35:28,STORE_053,Marondera_Depot,Family Loaf,257,RT_021,2.18,257
2025-07-18 05:40:41,STORE_077,Masvingo_Branch,Wholegrain Brown,79,RT_004,1.39,79
2025-01-10 10:13:42,STORE_012,Bindura_Depot,High Energy White,45,RT_002,1.47,45
2025-03-11 20:18:42,STORE_052,Bulawayo_Branch,Seed Loaf,141,RT_017,1.53,141
2025-01-06 19:42:19,STORE_117,Chitungwiza_Depot,High Energy Brown,277,RT_034,1.22,277
2025-03-12 23:27:26,STORE_080,Marondera_Depot,Mini Rolls 6-Pack,247,RT_015,0.93,247
2025-07-25 02:10:55,STORE_048,Mutare_Branch,Mini Rolls 6-Pack,251,RT_012,1.05,251
2025-03-18 17:02:15,STORE_119,Marondera_Depot,High Energy Brown,476,RT_045,1.34,476
2025-06-21 04:21:21,STORE_046,Gweru_Branch,Buns 6-Pack,180,RT_019,1.0,180
2025-02-25 18:18:31,STORE_045,Kwekwe_Depot,SoapBar,46,RT_035,1.42,46
2025-02-14 23:36:53,STORE_105,Harare_Willowvale,Whole Wheat,61,RT_003,1.44,61
2025-02-22 14:39:43,STORE_091,Harare_Willowvale,Buns 6-Pack,237,RT_026,1.12,237
2025-02-26 20:51:18,STORE_063,Masvingo_Branch,Whole Wheat,260,RT_013,1.39,260
2025-03-04 21:45:48,STORE_057,Harare_Willowvale,Whole Wheat,60,RT_030,1.37,60
2025-05-14 15:58:38,STORE_009,Masvingo_Branch,Seed Loaf,139,RT_003,1.48,139
2025-06-28 08:40:15,STORE_097,Kwekwe_Depot,High Energy White,187,RT_041,1.4,187
2025-05-20 17:51:14,STORE_110,Mutare_Branch,Buns 6-Pack,261,RT_047,1.13,261
2025-01-08 01:57:48,STORE_131,Mutare_Branch,Mini Rolls 6-Pack,175,RT_009,1.11,175
2025-02-27 08:53:00,STORE_068,Harare_Willowvale,Whole Wheat,96,RT_016,1.49,96
2025-04-14 15:33:36,STORE_027,Harare_Southerton,High Energy White,168,RT_027,1.37,168
2025-03-24 02:25:36,STORE_106,Mutare_Branch,Wholegrain Brown,258,RT_044,1.59,258
2025-06-24 05:36:10,STORE_100,Kwekwe_Depot,High Energy White,47,RT_047,1.42,47
2025-06-04 16:22:00,STORE_003,Harare_Southerton,High Energy Brown,25,RT_006,1.25,25
2025-07-16 17:32:22,STORE_016,Gweru_Branch,Mini Rolls 6-Pack,302,RT_044,0.95,302
2025-03-22 04:45:40,STORE_089,Gweru_Branch,Buns 6-Pack,42,RT_033,1.08,42
2025-07-27 18:23:03,STORE_073,Bindura_Depot,Wholegrain Brown,95,RT_037,1.34,95
2025-01-27 19:42:16,STORE_090,Marondera_Depot,High Energy Brown,167,RT_003,1.34,167
2025-01-01 11:35:43,STORE_083,Bulawayo_Branch,Seed Loaf,251,RT_023,1.66,251
2025-06-22 07:27:40,STORE_005,Bindura_Depot,Buns 6-Pack,123,RT_012,1.08,123
2025-05-05 23:38:26,STORE_016,Gweru_Branch,Buns 6-Pack,124,RT_041,1.03,124
2025-05-29 09:06:21,STORE_030,Harare_Willowvale,Buns 6-Pack,246,RT_038,1.23,246
2025-03-14 16:39:17,STORE_125,Bulawayo_Branch,Buns 6-Pack,284,RT_045,1.09,284
2025-04-26 04:25:40,STORE_137,Chitungwiza_Depot,Seed Loaf,175,RT_028,1.56,175
2025-06-17 03:44:23,STORE_011,Bulawayo_Branch,Whole Wheat,63,RT_005,1.58,63
2025-01-24 00:00:14,STORE_013,Harare_Willowvale,High Energy White,299,RT_024,1.46,299
2025-07-10 10:56:27,STORE_058,Gweru_Branch,Mini Rolls 6-Pack,160,RT_006,0.99,160
2025-06-25 21:02:33,STORE_063,Chitungwiza_Depot,Mini Rolls 6-Pack,243,RT_047,1.19,243
2025-01-19 22:12:36,STORE_128,Masvingo_Branch,Soft White,308,RT_037,1.32,308
2025-06-28 04:48:22,STORE_092,Bindura_Depot,High Energy Brown,281,RT_028,1.29,281
2025-03-22 10:27:46,STORE_032,Harare_Southerton,Buns 6-Pack,11,RT_023,1.28,11
2025-03-05 06:52:57,STORE_093,Marondera_Depot,Whole Wheat,204,RT_023,1.39,204
2025-04-12 13:55:10,STORE_075,Mutare_Branch,Seed Loaf,150,RT_006,1.4,150
2025-03-21 00:01:51,STORE_062,Gweru_Branch,Soft White,138,RT_046,1.38,138
2025-03-07 05:24:59,STORE_090,Harare_Willowvale,Buns 6-Pack,19,RT_014,1.26,19
2025-02-14 15:31:09,STORE_032,Masvingo_Branch,Whole Wheat,48,RT_042,1.41,48
2025-01-27 23:42:50,STORE_106,Kwekwe_Depot,Soft White,303,RT_038,1.13,303
2025-02-08 05:32:11,STORE_055,Bulawayo_Branch,High Energy White,225,RT_022,1.3,225
2025-03-26 17:36:13,STORE_078,Gweru_Branch,Buns 6-Pack,137,RT_021,1.17,137
2025-06-20 00:32:29,STORE_058,Gweru_Branch,Mini Rolls 6-Pack,223,RT_049,1.13,223
2025-07-18 02:01:39,STORE_134,Bindura_Depot,Whole Wheat,73,RT_040,1.6,73
2025-01-25 06:07:17,STORE_007,Harare_Willowvale,High Energy Brown,155,RT_030,1.4,155
2025-04-20 13:36:57,STORE_028,Kwekwe_Depot,Wholegrain Brown,205,RT_028,1.6,205
2025-06-14 10:35:16,STORE_061,Bulawayo_Branch,High Energy Brown,206,RT_015,1.22,206
2025-04-08 20:29:21,STORE_041,Gweru_Branch,Soft White,268,RT_007,1.17,268
2025-07-01 12:33:15,STORE_012,Kwekwe_Depot,High Energy White,140,RT_044,1.34,140
2025-05-18 19:20:55,STORE_044,Chitungwiza_Depot,Mini Rolls 6-Pack,11,RT_040,1.06,11
2025-06-14 11:50:23,STORE_109,Mutare_Branch,Buns 6-Pack,20,RT_005,1.11,20
2025-05-19 21:12:42,STORE_025,Mutare_Branch,Mini Rolls 6-Pack,65,RT_026,1.03,65
2025-01-01 14:21:52,STORE_013,Chitungwiza_Depot,Soft White,17,RT_015,1.35,17
2025-04-17 10:53:38,STORE_035,Chitungwiza_Depot,Buns 6-Pack,317,RT_046,1.15,317
2025-01-18 19:58:30,STORE_126,Harare_Southerton,Family Loaf,17,RT_008,2.23,17
2025-02-20 14:28:13,STORE_073,Chitungwiza_Depot,Mini Rolls 6-Pack,313,RT_003,1.16,313
2025-03-19 16:26:27,STORE_106,Chitungwiza_Depot,Buns 6-Pack,70,RT_041,1.14,70
2025-05-09 00:46:09,STORE_075,Chitungwiza_Depot,Mini Rolls 6-Pack,91,RT_036,0.97,91
2025-02-19 10:22:04,STORE_137,Marondera_Depot,High Energy White,246,RT_025,1.2,246
2025-07-03 03:24:37,STORE_057,Chitungwiza_Depot,Mini Rolls 6-Pack,226,RT_038,1.18,226
2025-01-09 06:56:17,STORE_044,Chitungwiza_Depot,Soft White,223,RT_041,1.23,223
2025-07-23 15:08:09,STORE_134,Chitungwiza_Depot,Seed Loaf,14,RT_026,1.55,14
2025-07-09 05:01:44,STORE_122,Marondera_Depot,Buns 6-Pack,111,RT_044,1.23,111
2025-03-01 14:55:00,STORE_013,Mutare_Branch,Family Loaf,29,RT_049,2.36,29
2025-06-15 02:18:37,STORE_099,Kwekwe_Depot,Buns 6-Pack,280,RT_041,1.21,280
2025-01-30 13:28:51,STORE_001,Bulawayo_Branch,Wholegrain Brown,256,RT_010,1.55,256
2025-02-14 05:21:28,STORE_016,Marondera_Depot,Buns 6-Pack,111,RT_035,1.18,111
2025-02-07 13:20:11,STORE_003,Kwekwe_Depot,Whole Wheat,144,RT_045,1.39,144
2025-05-27 15:33:00,STORE_095,Marondera_Depot,Soft White,228,RT_005,1.16,228
2025-04-22 22:37:12,STORE_027,Kwekwe_Depot,Seed Loaf,195,RT_003,1.54,195
2025-01-07 08:32:28,STORE_026,Kwekwe_Depot,Whole Wheat,257,RT_028,1.55,257
2025-04-19 13:43:58,STORE_046,Harare_Willowvale,Buns 6-Pack,34,RT_007,1.22,34
2025-01-08 10:13:47,STORE_102,Masvingo_Branch,Wholegrain Brown,297,RT_008,1.33,297
2025-07-10 01:57:08,STORE_131,Harare_Willowvale,Mini Rolls 6-Pack,30,RT_044,1.12,30
2025-01-30 09:17:45,STORE_044,Bulawayo_Branch,Family Loaf,303,RT_024,2.21,303
2025-02-18 00:28:07,STORE_048,Harare_Southerton,High Energy Brown,194,RT_042,1.35,194
2025-07-05 05:27:31,STORE_106,Gweru_Branch,Whole Wheat,64,RT_022,1.55,64
2025-03-20 15:10:32,STORE_052,Bindura_Depot,Family Loaf,158,RT_048,2.27,158
2025-01-10 08:16:40,STORE_015,Harare_Southerton,Buns 6-Pack,47,RT_037,1.21,47
2025-01-08 05:22:15,STORE_072,Harare_Southerton,Family Loaf,139,RT_031,2.35,139
2025-01-13 06:59:59,STORE_036,Bindura_Depot,Seed Loaf,103,RT_005,1.54,103
2025-04-15 09:14:33,STORE_138,Gweru_Branch,Family Loaf,295,RT_043,2.32,295
2025-06-05 17:10:58,STORE_120,Harare_Willowvale,High Energy Brown,9,RT_041,1.22,9
2025-04-19 11:12:00,STORE_137,Mutare_Branch,Family Loaf,8,RT_004,2.4,8
2025-05-21 17:13:49,STORE_080,Kwekwe_Depot,High Energy Brown,207,RT_008,1.45,207
2025-06-10 10:13:12,STORE_060,Marondera_Depot,Whole Wheat,288,RT_020,1.65,288
2025-06-14 04:15:40,STORE_090,Harare_Southerton,Whole Wheat,163,RT_042,1.59,163
2025-06-28 08:24:35,STORE_096,Mutare_Branch,Whole Wheat,162,RT_018,1.37,162
2025-03-13 15:35:05,STORE_097,Harare_Southerton,Buns 6-Pack,302,RT_039,1.0,302
2025-02-24 14:05:02,STORE_033,Bindura_Depot,Mini Rolls 6-Pack,233,RT_014,1.11,233
2025-04-05 02:45:26,STORE_089,Masvingo_Branch,Soft White,309,RT_033,1.16,309
2025-05-25 22:50:55,STORE_095,Mutare_Branch,Mini Rolls 6-Pack,249,RT_022,1.19,249
2025-07-18 20:41:26,STORE_087,Chitungwiza_Depot,Whole Wheat,266,RT_044,1.6,266
2025-06-26 18:02:37,STORE_057,Masvingo_Branch,Whole Wheat,55,RT_010,1.36,55
2025-04-07 02:25:43,STORE_048,Bulawayo_Branch,High Energy White,231,RT_046,1.33,231
2025-05-04 13:39:26,STORE_131,Mutare_Branch,Seed Loaf,47,RT_024,1.61,47
2025-03-03 23:29:53,STORE_103,Bulawayo_Branch,Seed Loaf,135,RT_048,1.48,135
2025-03-23 12:25:35,STORE_089,Bindura_Depot,High Energy Brown,52,RT_047,1.38,52
2025-05-19 23:03:25,STORE_003,Harare_Willowvale,Family Loaf,154,RT_009,2.27,154
2025-07-20 04:36:41,STORE_100,Mutare_Branch,Whole Wheat,172,RT_038,1.49,172
2025-07-10 14:39:47,STORE_024,Bulawayo_Branch,Buns 6-Pack,219,RT_009,1.18,219
2025-01-18 08:54:04,STORE_018,Bindura_Depot,Buns 6-Pack,24,RT_005,1.21,24
2025-01-30 12:02:45,STORE_043,Gweru_Branch,Whole Wheat,249,RT_027,1.48,249
2025-03-25 17:17:49,STORE_086,Kwekwe_Depot,Buns 6-Pack,296,RT_004,1.1,296
2025-06-10 11:45:52,STORE_030,,Seed Loaf,281,RT_014,1.43,281
2025-06-06 17:36:24,STORE_096,Masvingo_Branch,Seed Loaf,74,RT_024,1.56,74
2025-06-12 21:30:50,STORE_074,Harare_Willowvale,Soft White,47,RT_021,1.13,47
2025-04-16 15:27:14,STORE_052,Marondera_Depot,Buns 6-Pack,26,RT_012,1.27,26
2025-01-11 21:36:08,STORE_043,Harare_Southerton,Family Loaf,279,RT_021,2.39,279
2025-05-03 22:04:28,STORE_061,Gweru_Branch,Whole Wheat,173,RT_024,1.42,173
2025-07-22 10:05:59,STORE_119,Chitungwiza_Depot,High Energy White,212,RT_007,1.26,212
2025-03-18 20:11:10,STORE_038,Gweru_Branch,Family Loaf,124,RT_027,2.34,124
2025-04-09 08:25:52,STORE_107,Bulawayo_Branch,Whole Wheat,246,RT_013,1.6,246
2025-01-18 08:26:42,STORE_106,Mutare_Branch,High Energy Brown,84,RT_029,1.23,84
2025-04-08 14:44:00,STORE_085,Chitungwiza_Depot,Mini Rolls 6-Pack,308,RT_039,1.09,308
2025-07-19 09:35:46,STORE_108,Mutare_Branch,High Energy White,276,RT_044,1.29,276
2025-03-03 20:57:34,STORE_071,Marondera_Depot,High Energy Brown,134,RT_003,1.32,134
2025-07-09 14:11:00,STORE_067,Kwekwe_Depot,Family Loaf,160,RT_026,2.27,160
2025-01-18 08:14:07,STORE_032,Bindura_Depot,High Energy White,183,RT_049,1.32,183
2025-05-01 05:59:59,STORE_115,Chitungwiza_Depot,Soft White,177,RT_018,1.15,177
2025-03-11 17:35:45,STORE_099,Mutare_Branch,Seed Loaf,214,RT_013,1.66,214
2025-02-27 05:39:29,STORE_024,Chitungwiza_Depot,Family Loaf,307,RT_040,2.2,307
2025-07-04 17:41:41,STORE_082,Mutare_Branch,High Energy White,271,RT_008,1.31,271
2025-01-28 23:54:13,STORE_051,Masvingo_Branch,Mini Rolls 6-Pack,48,RT_043,1.15,48
2025-01-13 22:20:01,STORE_128,Chitungwiza_Depot,Mini Rolls 6-Pack,162,RT_038,1.08,162
2025-01-21 19:59:31,STORE_111,Chitungwiza_Depot,Mini Rolls 6-Pack,20,RT_020,1.05,20
2025-05-24 17:24:19,STORE_035,Gweru_Branch,Wholegrain Brown,124,RT_036,1.56,124
2025-02-24 19:01:11,STORE_029,Kwekwe_Depot,Family Loaf,260,RT_029,2.25,260
2025-06-13 18:31:48,STORE_056,Bindura_Depot,Seed Loaf,163,RT_023,1.42,163
2025-04-01 15:19:04,STORE_021,Bindura_Depot,Wholegrain Brown,40,RT_013,1.44,40
2025-05-12 07:35:43,STORE_102,Masvingo_Branch,Whole Wheat,131,RT_041,1.45,131
2025-01-17 09:56:15,STORE_043,Masvingo_Branch,Seed Loaf,172,RT_021,1.49,172
2025-06-26 21:41:37,STORE_081,Chitungwiza_Depot,Seed Loaf,51,RT_023,1.4,51
2025-06-19 03:38:26,STORE_095,Harare_Willowvale,Whole Wheat,205,RT_030,1.57,205
2025-01-21 04:13:47,STORE_101,Chitungwiza_Depot,Mini Rolls 6-Pack,283,RT_032,0.93,283
2025-02-02 04:23:16,STORE_035,Masvingo_Branch,High Energy Brown,83,RT_030,1.38,83
2025-06-11 16:44:56,STORE_076,Mutare_Branch,Soft White,246,RT_025,1.15,246
2025-02-27 05:30:14,STORE_036,Bindura_Depot,High Energy White,266,RT_044,1.44,266
2025-07-04 10:42:46,STORE_104,Harare_Willowvale,High Energy Brown,62,RT_029,1.28,62
2025-07-06 04:04:23,STORE_031,Harare_Willowvale,Soft White,50,RT_026,1.1,50
2025-01-01 01:08:58,STORE_097,Masvingo_Branch,High Energy Brown,94,RT_002,1.4,94
2025-02-12 15:18:29,STORE_038,Harare_Willowvale,Whole Wheat,288,RT_036,,288
2025-02-01 09:23:08,STORE_047,Harare_Willowvale,Seed Loaf,271,RT_031,,271
2025-05-06 10:38:39,STORE_061,Bindura_Depot,Seed Loaf,205,RT_013,1.48,205
2025-02-23 04:21:17,STORE_118,Harare_Southerton,Soft Whtie,294,RT_003,1.39,294
2025-02-25 08:36:09,STORE_128,Harare_Southerton,Wholegrain Brown,209,RT_023,1.57,209
2025-05-02 21:25:44,STORE_089,Marondera_Depot,Buns 6-Pack,183,RT_044,1.07,183
2025-05-16 07:17:31,STORE_017,Masvingo_Branch,Whole Wheat,65,RT_021,1.6,65
2025-03-25 13:56:54,STORE_053,Masvingo_Branch,Buns 6-Pack,169,RT_022,1.05,169
2025-06-08 07:35:15,STORE_023,Harare_Willowvale,Whole Wheat,192,RT_036,1.52,192
2025-06-02 05:08:24,STORE_107,Marondera_Depot,Seed Loaf,166,RT_005,1.56,166
2025-02-09 00:08:36,STORE_110,Harare_Willowvale,Mini Rolls 6-Pack,235,RT_032,1.15,235
2025-05-28 00:12:34,STORE_095,Bulawayo_Branch,Mini Rolls 6-Pack,31,RT_046,1.19,31
2025-07-02 19:03:31,STORE_059,Harare_Southerton,High Energy White,32,RT_019,1.28,32
2025-02-27 13:26:56,STORE_006,Harare_Willowvale,Mini Rolls 6-Pack,200,RT_017,1.06,200
2025-06-05 14:24:03,STORE_114,Masvingo_Branch,Family Loaf,125,RT_013,2.21,125
2025-07-02 04:44:33,STORE_095,Bulawayo_Branch,Mini Rolls 6-Pack,208,RT_010,0.94,208
2025-02-17 06:52:52,STORE_121,Chitungwiza_Depot,Buns 6-Pack,30,RT_007,1.15,30
2025-01-05 20:54:48,STORE_016,Gweru_Branch,Buns 6-Pack,250,RT_013,1.1,250
2025-02-12 08:39:45,STORE_017,Harare_Willowvale,Family Loaf,267,RT_026,2.23,267
2025-05-28 20:18:44,STORE_079,Harare_Willowvale,High Energy Brown,223,RT_033,1.29,223
2025-02-17 10:58:41,STORE_035,Bindura_Depot,Wholegrain Brown,85,RT_003,1.59,85
2025-07-13 17:43:02,STORE_075,Kwekwe_Depot,Mini Rolls 6-Pack,73,RT_039,1.14,73
2025-04-28 05:15:30,STORE_134,Bindura_Depot,Soft White,94,RT_045,1.12,94
2025-06-16 13:33:54,STORE_016,Bulawayo_Branch,Soft White,317,RT_044,1.31,317
2025-05-02 15:54:59,STORE_046,Harare_Willowvale,High Energy Brown,5,RT_037,1.3,5
2025-04-29 08:18:45,STORE_072,Masvingo_Branch,Soft White,253,RT_038,1.28,253
2025-01-18 07:02:19,STORE_011,Gweru_Branch,Seed Loaf,228,RT_001,1.41,228
2025-01-25 03:29:32,STORE_059,Kwekwe_Depot,Wholegrain Brown,163,RT_009,1.55,163
2025-02-19 17:38:04,STORE_123,Gweru_Branch,WholeWheat,65,,1.49,65
2025-05-06 21:24:57,STORE_087,Marondera_Depot,Mini Rolls 6-Pack,200,RT_035,0.93,200
2025-01-04 10:59:43,STORE_025,Bulawayo_Branch,Seed Loaf,277,RT_014,1.58,277
2025-04-02 05:15:17,STORE_113,Marondera_Depot,Whole Wheat,286,RT_027,1.59,286
2025-07-22 08:53:45,STORE_136,Harare_Southerton,Mini Rolls 6-Pack,254,RT_036,1.07,254
2025-06-11 02:14:29,STORE_128,Bindura_Depot,Wholegrain Brown,226,RT_030,1.5,226
2025-01-10 13:06:05,STORE_062,Masvingo_Branch,Seed Loaf,255,RT_049,1.47,255
2025-02-21 00:31:25,STORE_073,Mutare_Branch,Whole Wheat,146,RT_003,1.56,146
2025-04-21 00:22:29,STORE_027,Gweru_Branch,Seed Loaf,191,RT_024,1.46,191
2025-04-04 04:13:38,STORE_111,Bulawayo_Branch,Family Loaf,296,RT_004,2.14,296
2025-03-19 23:15:49,STORE_061,Chitungwiza_Depot,Family Loaf,265,RT_012,2.28,265
2025-06-18 02:58:23,STORE_034,Harare_Willowvale,Buns 6-Pack,132,RT_040,1.24,132
2025-07-03 17:03:48,STORE_100,Masvingo_Branch,Mini Rolls 6-Pack,114,RT_046,1.14,114
2025-01-01 21:26:15,STORE_082,Harare_Southerton,Whole Wheat,126,RT_039,1.51,126
2025-07-24 09:44:11,STORE_118,Chitungwiza_Depot,High Energy Brown,33,RT_002,1.49,33
2025-04-09 12:35:58,STORE_083,Harare_Southerton,Seed Loaf,104,RT_049,1.5,104
2025-04-19 21:14:19,STORE_107,Kwekwe_Depot,Whole Wheat,173,RT_049,1.47,173
2025-01-26 13:36:17,STORE_046,Bindura_Depot,High Energy Brown,241,RT_026,1.44,241
2025-06-11 01:24:31,STORE_008,Marondera_Depot,Seed Loaf,172,RT_034,1.59,172
2025-03-07 22:42:47,STORE_042,Bindura_Depot,Soft White,145,RT_043,1.14,145
2025-01-31 05:05:20,STORE_028,Gweru_Branch,Whole Wheat,7,RT_030,1.46,7
2025-01-02 17:02:25,STORE_114,Masvingo_Branch,Wholegrain Brown,259,RT_034,1.55,259
2025-03-05 12:51:04,STORE_001,Masvingo_Branch,Family Loaf,103,RT_022,2.15,103
2025-01-20 07:05:08,STORE_036,Bulawayo_Branch,Soft White,174,RT_040,1.18,174
2025-02-20 19:50:01,STORE_114,Masvingo_Branch,Buns 6-Pack,32,RT_026,1.26,32
2025-03-24 19:01:54,STORE_015,Marondera_Depot,Whole Wheat,197,RT_025,1.62,197
2025-07-13 17:03:33,STORE_040,Bulawayo_Branch,High Energy White,203,RT_035,1.29,203
2025-02-25 09:25:56,STORE_069,Bulawayo_Branch,Wholegrain Brown,80,RT_034,1.42,80
2025-04-15 18:58:03,STORE_097,Gweru_Branch,Buns 6-Pack,261,RT_037,1.2,261
2025-02-05 17:41:26,STORE_094,Harare_Willowvale,Wholegrain Brown,168,RT_044,1.31,168
2025-03-15 20:24:15,STORE_118,Masvingo_Branch,Family Loaf,30,RT_021,2.32,30
2025-01-12 15:29:12,STORE_016,Marondera_Depot,Wholegrain Brown,128,RT_030,1.37,128
2025-03-08 05:03:42,STORE_026,Bindura_Depot,Whole Wheat,156,RT_034,1.36,156
2025-05-17 00:08:41,STORE_135,Chitungwiza_Depot,Whole Wheat,142,RT_006,1.54,142
2025-02-21 18:50:20,STORE_043,Marondera_Depot,Buns 6-Pack,230,RT_032,1.05,230
2025-01-09 21:01:53,STORE_022,Chitungwiza_Depot,Wholegrain Brown,182,RT_038,1.59,182
2025-07-14 00:55:21,STORE_001,Mutare_Branch,High Energy White,178,RT_004,1.26,178
2025-05-16 10:51:27,STORE_010,Bindura_Depot,Wholegrain Brown,61,RT_036,1.49,61
2025-07-09 13:57:21,STORE_007,Kwekwe_Depot,Whole Wheat,305,RT_047,1.38,305
2025-04-02 05:37:18,STORE_058,Gweru_Branch,Seed Loaf,88,RT_006,1.47,88
2025-02-09 16:12:55,STORE_034,Marondera_Depot,Buns 6-Pack,180,RT_016,1.27,180
2025-02-10 22:50:36,STORE_041,Mutare_Branch,Whole Wheat,124,RT_021,1.48,124
2025-07-23 17:43:52,STORE_064,Bulawayo_Branch,Family Loaf,305,RT_008,2.27,305
2025-05-04 14:38:42,STORE_001,Mutare_Branch,High Energy White,150,RT_046,1.26,150
2025-04-17 22:50:58,STORE_050,Chitungwiza_Depot,Whole Wheat,257,RT_024,1.55,257
2025-01-29 14:28:41,STORE_028,Kwekwe_Depot,Family Loaf,18,RT_028,2.19,18
2025-02-09 12:12:33,STORE_041,Harare_Willowvale,Mini Rolls 6-Pack,315,RT_045,,315
2025-07-30 08:56:18,STORE_038,Kwekwe_Depot,Whole Wheat,137,RT_048,,137
2025-04-07 20:32:32,STORE_125,Masvingo_Branch,Seed Loaf,309,RT_005,1.56,309
2025-01-29 01:57:57,STORE_138,Harare_Willowvale,Family Loaf,115,RT_031,2.37,115
2025-06-04 16:10:38,STORE_095,Marondera_Depot,Wholegrain Brown,196,RT_010,1.6,196
2025-01-24 13:45:21,STORE_046,Marondera_Depot,Family Loaf,288,RT_012,2.19,288
2025-04-14 00:08:11,STORE_133,Bindura_Depot,Soft White,158,RT_044,1.37,158
2025-05-17 05:29:47,STORE_083,Mutare_Branch,Mini Rolls 6-Pack,278,RT_017,0.98,278
2025-05-26 15:41:59,STORE_074,Bindura_Depot,High Energy White,230,RT_008,1.42,230
2025-07-10 07:45:49,STORE_120,Kwekwe_Depot,Seed Loaf,84,RT_009,1.42,84
2025-06-07 16:06:58,STORE_099,Gweru_Branch,High Energy Brown,279,RT_014,1.33,279
2025-03-06 07:50:21,STORE_051,Bulawayo_Branch,Family Loaf,49,RT_030,2.26,49
2025-01-14 01:49:35,STORE_041,Harare_Southerton,Whole Wheat,196,RT_003,1.61,196
2025-03-02 22:54:00,STORE_125,Masvingo_Branch,Whole Wheat,55,RT_033,1.47,55
2025-03-05 05:23:30,STORE_025,Bindura_Depot,Seed Loaf,47,RT_033,1.57,47
2025-06-17 22:22:28,STORE_128,Gweru_Branch,Soft White,170,RT_027,1.33,170
2025-02-14 07:53:14,STORE_138,Kwekwe_Depot,Wholegrain Brown,243,RT_042,1.4,243
2025-01-10 12:18:59,STORE_116,Bindura_Depot,Buns 6-Pack,59,RT_033,1.12,59
2025-04-16 02:11:00,STORE_065,Harare_Southerton,Seed Loaf,164,RT_029,1.46,164
2025-02-18 19:45:46,STORE_126,Gweru_Branch,Buns 6-Pack,311,RT_029,1.08,311
2025-07-12 16:58:39,STORE_026,Harare_Southerton,Family Loaf,140,RT_035,2.22,140
2025-06-23 14:17:25,STORE_126,Gweru_Branch,Seed Loaf,230,RT_006,1.58,230
2025-03-15 22:04:36,STORE_078,Gweru_Branch,High Energy Brown,318,RT_024,1.3,318
2025-01-05 23:00:10,STORE_049,Chitungwiza_Depot,Seed Loaf,223,RT_043,1.46,223
2025-01-06 00:57:57,STORE_012,Masvingo_Branch,Wholegrain Brown,117,RT_017,1.34,117
2025-01-01 08:18:02,STORE_071,Bulawayo_Branch,High Energy Brown,121,RT_044,1.24,121
2025-06-15 17:32:55,STORE_072,Harare_Willowvale,High Energy White,120,RT_007,1.46,120
2025-04-10 12:44:29,STORE_095,Gweru_Branch,High Energy White,29,RT_007,1.41,29
2025-01-28 08:39:59,STORE_100,Bulawayo_Branch,Seed Loaf,282,RT_045,1.57,282
2025-07-16 05:19:31,STORE_113,Gweru_Branch,High Energy Brown,168,RT_041,1.28,168
2025-04-17 11:21:20,STORE_071,Masvingo_Branch,High Energy White,39,RT_009,1.28,39
2025-02-04 05:09:41,STORE_033,Gweru_Branch,Soft White,315,RT_003,1.23,315
2025-01-16 15:13:36,STORE_116,Marondera_Depot,Wholegrain Brown,104,RT_022,1.33,104
2025-05-08 20:16:27,STORE_076,Mutare_Branch,Seed Loaf,286,RT_026,1.62,286
2025-01-06 12:44:03,STORE_135,Bindura_Depot,Seed Loaf,71,RT_010,1.6,71
2025-05-03 07:55:20,STORE_018,Mutare_Branch,Buns 6-Pack,256,RT_044,1.02,256
2025-06-04 04:40:50,STORE_018,Bulawayo_Branch,Mini Rolls 6-Pack,289,RT_046,1.05,289
2025-03-18 22:26:02,STORE_084,Harare_Willowvale,High Energy White,58,RT_029,1.39,58
2025-05-30 14:47:21,STORE_015,Mutare_Branch,Buns 6-Pack,278,RT_026,1.02,278
2025-07-09 12:30:16,STORE_004,Harare_Willowvale,Buns 6-Pack,92,RT_004,1.17,92
2025-02-28 21:24:28,STORE_092,Bulawayo_Branch,Whole Wheat,88,RT_044,1.37,88
2025-03-15 12:07:31,STORE_067,Gweru_Branch,High Energy Brown,111,,1.37,111
2025-01-21 20:32:31,STORE_046,Gweru_Branch,Seed Loaf,237,RT_019,1.58,237
2025-06-08 05:50:13,STORE_135,Harare_Willowvale,High Energy White,69,RT_033,1.24,69
2025-05-16 01:11:40,STORE_019,Masvingo_Branch,High Energy Brown,207,RT_045,1.38,207
2025-01-18 05:53:56,STORE_094,Harare_Willowvale,Family Loaf,190,RT_026,2.31,190
2025-06-07 17:12:32,STORE_041,Mutare_Branch,Family Loaf,43,RT_036,2.14,43
2025-03-16 11:36:29,STORE_103,Kwekwe_Depot,Seed Loaf,111,RT_015,1.51,111
2025-02-13 16:02:42,STORE_100,Bulawayo_Branch,High Energy Brown,124,RT_044,1.5,124
2025-05-26 19:19:49,STORE_020,Harare_Southerton,High Energy Brown,221,RT_007,1.24,221
2025-03-27 02:53:41,STORE_107,Bulawayo_Branch,Soft White,25,RT_044,1.27,25
2025-05-01 10:13:39,STORE_003,Gweru_Branch,Wholegrain Brown,66,RT_021,1.52,66
2025-03-21 08:40:25,STORE_109,Chitungwiza_Depot,Soft White,129,RT_008,1.38,129
2025-06-15 21:20:34,STORE_051,Gweru_Branch,Whole grain Brown,295,RT_019,1.6,295
2025-04-17 20:14:21,STORE_068,Bindura_Depot,Seed Loaf,161,RT_025,1.55,161
2025-05-13 10:09:34,STORE_098,Bulawayo_Branch,Whole Wheat,67,RT_031,1.46,67
2025-03-08 02:01:56,STORE_087,Harare_Willowvale,Wholegrain Brown,193,RT_045,1.38,193
2025-03-01 02:29:23,STORE_019,Chitungwiza_Depot,Seed Loaf,115,RT_034,1.65,115
2025-05-13 16:41:11,STORE_086,Harare_Southerton,Whole Wheat,277,RT_020,1.42,277
2025-07-13 05:28:55,STORE_123,Harare_Southerton,High Energy Brown,240,RT_035,1.42,240
2025-07-14 14:22:56,STORE_078,Gweru_Branch,High Energy White,266,RT_024,1.28,266
2025-07-15 11:09:33,STORE_082,Bulawayo_Branch,Wholegrain Brown,274,RT_027,1.35,274
2025-01-25 18:58:32,STORE_096,Gweru_Branch,High Energy Brown,49,RT_034,1.4,49
2025-02-13 23:49:46,STORE_004,Bindura_Depot,Soft White,232,RT_017,1.11,232
2025-07-24 14:29:18,STORE_114,Bulawayo_Branch,Buns 6-Pack,73,RT_046,1.02,73
2025-07-07 10:22:03,STORE_092,Harare_Southerton,Family Loaf,66,RT_011,2.16,66
2025-04-03 23:39:11,STORE_071,Gweru_Branch,Mini Rolls 6-Pack,148,RT_040,1.06,148
2025-07-06 20:18:01,STORE_139,Harare_Willowvale,Mini Rolls 6-Pack,27,RT_040,0.95,27
2025-04-13 08:23:46,STORE_095,Bindura_Depot,Family Loaf,220,RT_020,2.21,220
2025-03-07 00:45:35,STORE_078,Bulawayo_Branch,Family Loaf,309,RT_007,2.12,309
2025-04-06 02:35:16,STORE_126,Gweru_Branch,WholgrainBrown,281,RT_009,1.54,281
2025-04-19 18:22:13,STORE_113,Masvingo_Branch,High Energy Brown,305,RT_010,1.28,305
2025-03-26 02:16:35,STORE_037,Harare_Southerton,Whole Wheat,38,RT_049,1.49,38
2025-05-21 13:55:31,STORE_040,Masvingo_Branch,Whole Wheat,188,RT_033,1.61,188
2025-01-08 03:30:23,STORE_022,Harare_Southerton,Soft White,274,RT_014,1.28,274
2025-04-15 02:20:06,STORE_111,Harare_Willowvale,Wholegrain Brown,94,RT_020,1.38,94
2025-07-14 16:02:33,STORE_027,Kwekwe_Depot,High Energy Brown,230,RT_032,1.29,230
2025-07-15 06:08:25,STORE_106,Gweru_Branch,High Energy White,220,RT_007,1.22,220
2025-05-15 11:07:39,STORE_094,Kwekwe_Depot,Family Loaf,23,RT_009,2.13,23
2025-03-16 17:23:02,STORE_076,Mutare_Branch,Seed Loaf,21,RT_004,1.64,21
2025-03-19 22:20:14,STORE_057,Gweru_Branch,Soft White,249,RT_047,1.26,249
2025-01-06 04:56:53,STORE_092,Chitungwiza_Depot,Wholegrain Brown,146,RT_027,1.34,146
2025-03-23 13:04:32,STORE_119,Marondera_Depot,Whole Wheat,202,RT_038,1.42,202
2025-01-09 06:16:46,STORE_045,Masvingo_Branch,Wholegrain Brown,213,RT_007,1.49,213
2025-01-09 14:52:28,STORE_138,Harare_Southerton,Wholegrain Brown,172,RT_031,1.31,172
2025-06-20 04:12:35,STORE_023,Chitungwiza_Depot,Wholegrain Brown,215,RT_018,1.52,215
2025-07-11 04:37:08,STORE_103,Harare_Southerton,Mini Rolls 6-Pack,118,RT_004,0.93,118
2025-04-16 18:09:04,STORE_085,Bindura_Depot,Whole Wheat,106,RT_024,1.58,106
2025-05-08 10:50:31,STORE_102,Masvingo_Branch,Wholegrain Brown,281,RT_009,1.4,281
2025-06-27 02:36:11,STORE_034,Chitungwiza_Depot,Seed Loaf,291,RT_031,1.54,291
2025-05-02 19:10:01,STORE_085,Masvingo_Branch,High Energy White,280,RT_015,1.29,280
2025-05-12 14:02:34,STORE_130,Bindura_Depot,High Energy Brown,245,RT_027,1.34,245
2025-02-22 04:59:44,STORE_063,Gweru_Branch,High Energy Brown,187,RT_009,1.25,187
2025-02-11 15:52:17,STORE_065,Mutare_Branch,Whole Wheat,199,RT_008,1.61,199
2025-07-30 08:09:43,STORE_106,Mutare_Branch,Seed Loaf,190,RT_014,1.62,190
2025-02-20 10:52:02,STORE_115,Bindura_Depot,Whole Wheat,7,RT_009,1.61,7
2025-04-10 16:51:31,STORE_085,Harare_Southerton,Whole Wheat,130,RT_027,1.47,130
2025-05-02 16:00:05,STORE_115,Harare_Southerton,High Energy White,198,RT_009,1.44,198
2025-05-28 23:09:32,STORE_062,Chitungwiza_Depot,Seed Loaf,59,RT_006,1.62,59
2025-04-18 21:29:48,STORE_136,Harare_Willowvale,Whole Wheat,32,RT_030,1.38,32
2025-06-07 04:39:25,STORE_087,Chitungwiza_Depot,High Energy White,48,RT_029,1.26,48
2025-04-05 21:37:03,STORE_057,Harare_Willowvale,Soft White,153,RT_049,1.32,153
2025-06-12 18:38:38,STORE_122,Chitungwiza_Depot,Soft White,273,RT_040,1.36,273
2025-05-14 17:55:26,STORE_138,Masvingo_Branch,Buns 6-Pack,87,RT_002,1.28,87
2025-06-08 06:13:11,STORE_059,Masvingo_Branch,High Energy Brown,89,RT_008,1.43,89
2025-03-10 14:07:49,STORE_047,Harare_Southerton,Soft White,232,RT_035,1.25,232
2025-04-21 16:30:54,STORE_017,Chitungwiza_Depot,Seed Loaf,146,RT_032,1.61,146
2025-07-29 04:53:19,STORE_075,Marondera_Depot,Buns 6-Pack,3,RT_032,1.01,3
2025-05-26 19:37:25,STORE_122,Masvingo_Branch,Soft White,230,RT_019,1.37,230
2025-05-14 23:49:24,STORE_006,Marondera_Depot,Seed Loaf,284,RT_006,1.43,284
2025-03-18 19:31:48,STORE_055,Gweru_Branch,Family Loaf,167,RT_032,2.38,167
2025-06-04 19:26:02,STORE_136,Harare_Southerton,High Energy White,131,RT_019,1.33,131
2025-04-29 01:52:41,STORE_099,Bulawayo_Branch,High Energy White,82,RT_012,1.37,82
2025-02-23 16:24:06,STORE_117,Harare_Willowvale,Seed Loaf,267,RT_010,1.58,267
2025-07-21 10:26:32,STORE_072,Harare_Southerton,Soft White,195,RT_006,1.21,195
2025-01-25 16:25:20,STORE_080,Gweru_Branch,Buns 6-Pack,263,RT_022,1.09,263
2025-05-12 15:53:05,STORE_076,Harare_Willowvale,Buns 6-Pack,185,RT_018,1.25,185
2025-07-25 07:11:08,STORE_081,Kwekwe_Depot,Wholegrain Brown,79,RT_044,1.35,79
2025-05-13 01:20:42,STORE_019,Bindura_Depot,Mini Rolls 6-Pack,17,RT_017,0.99,17
2025-06-04 04:16:48,STORE_055,Harare_Southerton,Family Loaf,250,RT_028,2.29,250
2025-04-29 01:44:35,STORE_068,Bindura_Depot,Buns 6-Pack,280,RT_008,1.28,280
2025-02-25 16:20:33,STORE_069,Chitungwiza_Depot,High Energy White,254,RT_016,1.45,254
2025-03-08 07:06:01,STORE_088,Gweru_Branch,Wholegrain Brown,223,RT_023,1.53,223
2025-07-06 06:11:49,STORE_012,Bindura_Depot,Family Loaf,57,RT_024,2.37,57
2025-04-29 00:32:54,STORE_050,Bulawayo_Branch,Wholegrain Brown,224,RT_037,1.39,224
2025-05-02 02:15:54,STORE_027,Bindura_Depot,Soft White,179,RT_034,1.11,179
2025-04-13 00:25:24,STORE_101,Bulawayo_Branch,Soft White,266,RT_007,1.38,266
2025-01-13 00:18:24,STORE_116,Masvingo_Branch,Family Loaf,268,RT_031,2.19,268
2025-07-03 08:23:49,STORE_119,Mutare_Branch,Wholegrain Brown,77,RT_024,1.37,77
2025-03-22 13:50:48,STORE_136,Bindura_Depot,Buns 6-Pack,156,RT_015,1.01,156
2025-03-09 10:20:38,STORE_024,Marondera_Depot,Soft White,31,RT_038,1.21,31
2025-07-02 23:27:56,STORE_016,Bindura_Depot,Wholegrain Brown,227,RT_046,1.32,227
2025-03-08 23:17:45,STORE_097,Mutare_Branch,Soft White,133,RT_036,1.34,133
2025-05-10 12:42:54,STORE_004,Gweru_Branch,Whole Wheat,166,RT_020,1.56,166
2025-01-07 05:26:17,STORE_056,Masvingo_Branch,Mini Rolls 6-Pack,127,RT_040,1.2,127
2025-03-01 05:40:37,STORE_031,Kwekwe_Depot,Wholegrain Brown,23,RT_044,1.57,23
2025-02-15 19:06:18,STORE_066,Harare_Southerton,Wholegrain Brown,317,RT_041,1.51,317
2025-03-03 18:48:59,STORE_086,Masvingo_Branch,Whole Wheat,307,RT_040,1.35,307
2025-05-05 16:29:27,STORE_106,Kwekwe_Depot,Mini Rolls 6-Pack,268,RT_003,,268
2025-01-20 05:38:29,STORE_022,Kwekwe_Depot,Soft White,124,RT_021,1.13,124
2025-01-08 19:38:30,STORE_086,Harare_Southerton,Whole Whet,123,RT_024,1.37,123
2025-03-08 04:06:49,STORE_136,Bindura_Depot,Whole Wheat,67,RT_043,1.44,67
2025-07-26 18:51:56,STORE_137,Marondera_Depot,Mini Rolls 6-Pack,223,RT_015,0.94,223
2025-02-21 04:23:21,STORE_053,Harare_Southerton,High Energy White,113,RT_005,1.44,113
2025-06-06 08:32:05,STORE_020,Mutare_Branch,Seed Loaf,230,RT_014,1.55,230
2025-04-23 10:34:51,STORE_003,Mutare_Branch,Soft White,61,RT_001,1.32,61
2025-02-17 15:15:41,STORE_050,Harare_Southerton,Whole Wheat,7,RT_049,1.53,7
2025-01-09 09:04:39,STORE_056,Mutare_Branch,Mini Rolls 6-Pack,163,RT_048,1.16,163
2025-05-08 23:55:16,STORE_136,Bulawayo_Branch,High Energy White,262,RT_029,1.36,262
2025-02-03 03:58:50,STORE_069,Bulawayo_Branch,Whole Wheat,100,RT_015,1.61,100
2025-05-01 22:17:24,STORE_058,Marondera_Depot,Wholegrain Brown,153,RT_023,1.44,153
2025-06-28 07:13:50,STORE_095,Marondera_Depot,Mini Rolls 6-Pack,100,RT_014,1.13,100
2025-01-26 14:39:06,STORE_085,Kwekwe_Depot,High Energy White,266,RT_008,1.27,266
2025-03-09 18:25:13,STORE_004,Harare_Willowvale,Soft White,188,RT_019,1.34,188
2025-05-22 19:44:28,STORE_015,Gweru_Branch,Buns 6-Pack,33,RT_012,1.17,33
2025-04-07 05:48:28,STORE_069,Gweru_Branch,High Energy White,144,RT_004,1.22,144
2025-02-08 09:10:19,STORE_052,Bindura_Depot,Buns 6-Pack,220,RT_003,1.19,220
2025-07-26 18:22:37,STORE_082,Marondera_Depot,Mini Rolls 6-Pack,163,RT_044,1.16,163
2025-03-17 05:33:18,STORE_029,Kwekwe_Depot,High Energy Brown,66,RT_002,1.4,66
2025-05-08 07:17:57,STORE_055,Marondera_Depot,Whole Wheat,276,RT_030,1.44,276
2025-02-22 04:36:48,STORE_040,Harare_Willowvale,SoapBar,67,RT_021,1.43,67
2025-02-15 12:11:35,STORE_139,Masvingo_Branch,Family Loaf,121,RT_033,2.32,121
2025-05-24 11:03:17,STORE_069,Harare_Willowvale,Whole Wheat,186,RT_049,1.52,186
2025-01-13 17:48:31,STORE_002,Chitungwiza_Depot,High Energy White,228,RT_040,1.42,228
2025-02-28 04:47:07,STORE_106,Marondera_Depot,Whole Wheat,91,RT_014,1.64,91
2025-03-05 00:12:41,STORE_069,Bulawayo_Branch,Mini Rolls 6-Pack,117,RT_012,1.0,117
2025-01-19 16:39:41,STORE_043,Masvingo_Branch,Seed Loaf,60,RT_019,1.48,60
2025-04-09 20:15:29,STORE_086,Harare_Southerton,Wholegrain Brown,138,RT_004,1.35,138
2025-07-18 02:12:09,STORE_035,Harare_Southerton,High Energy White,288,RT_005,1.35,288
2025-02-08 17:42:33,STORE_103,Bindura_Depot,Seed Loaf,161,RT_049,1.49,161
2025-02-14 20:30:16,STORE_109,Bulawayo_Branch,Whole Wheat,55,RT_032,1.4,55
2025-01-19 08:40:44,STORE_117,Kwekwe_Depot,Wholegrain Brown,267,RT_015,1.37,267
2025-07-02 12:39:16,STORE_037,Harare_Southerton,Mini Rolls 6-Pack,10,RT_027,1.03,10
2025-05-23 20:54:56,STORE_134,Masvingo_Branch,Mini Rolls 6-Pack,138,RT_006,0.96,138
2025-04-24 08:11:52,STORE_021,Masvingo_Branch,Seed Loaf,140,RT_017,1.54,140
2025-04-09 17:47:05,STORE_059,Masvingo_Branch,Wholegrain Brown,106,RT_030,1.32,106
2025-07-04 06:58:13,STORE_109,Harare_Southerton,High Energy White,234,RT_021,1.23,234
2025-06-17 01:09:56,STORE_044,Marondera_Depot,Family Loaf,94,RT_049,2.12,94
2025-04-18 08:22:45,STORE_023,Kwekwe_Depot,Buns 6-Pack,209,RT_034,1.13,209
2025-05-05 06:43:31,STORE_124,Bulawayo_Branch,Wholegrain Brown,163,RT_033,1.46,163
2025-03-30 06:49:02,STORE_009,Kwekwe_Depot,High Energy Brown,25,RT_012,1.22,25
2025-04-25 00:26:45,STORE_002,Harare_Willowvale,High Energy Brown,211,RT_023,1.37,211
2025-02-21 16:57:23,STORE_027,Mutare_Branch,Buns 6-Pack,87,RT_047,1.27,87
2025-01-09 00:37:44,STORE_037,Kwekwe_Depot,Soft White,72,RT_039,1.17,72
2025-05-15 01:39:58,STORE_121,Mutare_Branch,Whole Wheat,264,RT_035,1.42,264
2025-06-06 04:25:27,STORE_050,Bulawayo_Branch,Mini Rolls 6-Pack,130,RT_002,0.97,130
2025-05-22 22:00:06,STORE_100,Masvingo_Branch,High Energy White,171,RT_037,1.49,171
2025-01-26 14:31:32,STORE_062,Harare_Southerton,Wholegrain Brown,136,RT_011,1.38,136
2025-06-21 10:43:39,STORE_025,Harare_Southerton,Seed Loaf,296,RT_028,1.45,296
2025-07-03 20:52:52,STORE_054,Harare_Willowvale,Seed Loaf,278,RT_018,1.67,278
2025-05-05 03:23:36,STORE_023,Gweru_Branch,Buns 6-Pack,315,RT_011,1.24,315
2025-02-16 22:30:47,STORE_075,Mutare_Branch,Seed Loaf,102,RT_038,1.5,102
2025-05-02 02:14:58,STORE_059,Kwekwe_Depot,High Energy Brown,167,RT_038,1.33,167
2025-02-23 09:12:18,STORE_055,Gweru_Branch,Whole Wheat,296,RT_048,1.55,296
2025-07-09 01:43:59,STORE_035,Mutare_Branch,High Energy Brown,181,RT_016,1.45,181
2025-01-31 10:24:39,STORE_035,Kwekwe_Depot,Whole Wheat,282,RT_033,1.63,282
2025-03-20 00:00:00,STORE_062,Kwekwe_Depot,Whole Wheat,138,RT_024,1.39,138
2025-03-20 22:21:18,STORE_109,Masvingo_Branch,Family Loaf,294,RT_047,2.16,294
2025-05-21 11:46:31,STORE_037,Harare_Southerton,Soft White,79,RT_005,1.18,79
2025-12-05 00:00:00,STORE_013,Kwekwe_Depot,Whole Wheat,45,RT_029,1.4,45
2025-07-09 23:23:26,STORE_074,Gweru_Branch,Soft White,187,RT_007,1.25,187
2025-01-13 02:28:36,STORE_021,Mutare_Branch,Mini Rolls 6-Pack,150,RT_014,1.19,150
2025-05-02 09:09:40,STORE_063,Harare_Willowvale,High Energy Brown,248,RT_015,1.33,248
2025-05-27 18:25:24,STORE_125,Masvingo_Branch,Soft White,31,RT_015,1.32,31
2025-03-17 21:09:28,STORE_041,Bindura_Depot,High Energy Brown,52,RT_025,1.28,52
2025-02-24 20:17:17,STORE_025,Chitungwiza_Depot,High Energy Brown,269,RT_043,1.3,269
2025-02-20 02:01:01,STORE_127,Masvingo_Branch,Buns 6-Pack,170,RT_043,1.04,170
2025-03-01 03:21:01,STORE_079,Marondera_Depot,High Energy White,236,RT_008,1.39,236
2025-06-29 04:06:26,STORE_013,Bindura_Depot,Mini Rolls 6-Pack,211,RT_028,1.17,211
2025-04-29 19:52:54,STORE_106,Mutare_Branch,High Energy White,101,RT_043,1.26,101
2025-04-12 23:23:00,STORE_071,Bulawayo_Branch,Mini Rolls 6-Pack,127,RT_043,1.0,127
2025-01-05 17:49:19,STORE_003,Bulawayo_Branch,High Energy Brown,124,RT_041,1.45,124
2025-07-24 10:55:59,STORE_078,Harare_Southerton,Wholegrain Brown,217,RT_022,1.43,217
2025-01-12 02:12:59,STORE_082,Masvingo_Branch,Mini Rolls 6-Pack,237,RT_043,1.02,237
2025-01-28 13:22:12,STORE_074,Harare_Willowvale,Wholegrain Brown,188,RT_016,1.45,188
2025-04-27 11:30:11,STORE_130,Bulawayo_Branch,Seed Loaf,158,RT_035,1.62,158
2025-07-06 08:30:10,STORE_062,Harare_Southerton,Whole Wheat,12,RT_012,1.45,12
2025-06-13 18:42:20,STORE_005,Mutare_Branch,High Energy Brown,159,RT_024,1.32,159
2025-05-18 00:47:08,STORE_013,Masvingo_Branch,Seed Loaf,93,RT_013,1.4,93
2025-03-24 05:28:47,STORE_055,Harare_Southerton,Buns 6-Pack,185,RT_044,1.25,185
2025-05-10 19:01:42,STORE_075,Marondera_Depot,Mini Rolls 6-Pack,205,RT_041,0.94,205
2025-02-19 15:47:27,STORE_038,Masvingo_Branch,Buns 6-Pack,261,RT_039,1.23,261
2025-02-04 22:15:21,STORE_061,Bindura_Depot,High Energy Brown,53,RT_026,1.28,53
2025-07-20 15:37:27,STORE_023,Chitungwiza_Depot,Mini Rolls 6-Pack,168,RT_032,0.97,168
2025-01-29 08:59:10,STORE_087,Mutare_Branch,Wholegrain Brown,201,RT_029,1.39,201
2025-03-29 22:07:57,STORE_101,Harare_Southerton,Wholegrain Brown,276,RT_042,1.49,276
2025-05-08 19:59:33,STORE_021,Harare_Southerton,High Energy White,308,RT_023,1.4,308
2025-05-24 21:40:38,STORE_065,Mutare_Branch,Wholegrain Brown,203,RT_014,1.52,203
2025-03-12 03:46:38,STORE_074,Harare_Willowvale,High Energy White,53,RT_015,1.49,53
2025-06-22 20:32:01,STORE_033,Bindura_Depot,Mini Rolls 6-Pack,144,RT_035,1.14,144
2025-03-31 21:27:04,STORE_088,Marondera_Depot,Seed Loaf,151,RT_016,1.48,151
2025-04-01 16:39:18,STORE_061,Harare_Willowvale,Buns 6-Pack,196,RT_047,1.03,196
2025-01-17 10:54:32,STORE_110,Harare_Willowvale,Whole Wheat,124,RT_040,1.62,124
2025-04-16 02:25:45,STORE_133,Bindura_Depot,Mini Rolls 6-Pack,8,RT_011,1.19,8
2025-04-26 19:52:51,STORE_077,Chitungwiza_Depot,High Energy Brown,108,RT_022,1.44,108
2025-07-10 05:05:43,STORE_088,Marondera_Depot,High Energy White,99,RT_047,1.41,99
2025-04-17 00:50:08,STORE_048,Gweru_Branch,High Energy Brown,85,RT_015,1.43,85
2025-01-31 10:45:23,STORE_117,Kwekwe_Depot,Mini Rolls 6-Pack,253,RT_023,1.02,253
2025-02-05 13:14:00,STORE_087,Mutare_Branch,High Energy White,215,RT_039,1.47,215
2025-06-03 04:24:32,STORE_094,Marondera_Depot,Mini Rolls 6-Pack,211,RT_032,1.14,211
2025-05-13 15:02:09,STORE_024,Mutare_Branch,Wholegrain Brown,250,RT_003,1.32,250
2025-07-07 22:48:43,STORE_126,Harare_Willowvale,High Energy Brown,97,RT_001,1.48,97
2025-01-13 04:50:12,STORE_132,Kwekwe_Depot,Family Loaf,172,RT_031,2.24,172
2025-02-28 12:41:01,STORE_031,,Whole Wheat,41,RT_033,1.64,41
2025-03-24 16:06:02,STORE_110,Masvingo_Branch,Seed Loaf,65,RT_040,1.42,65
2025-05-28 15:35:35,STORE_077,Mutare_Branch,Family Loaf,191,RT_011,2.29,191
2025-07-16 13:08:06,STORE_137,Kwekwe_Depot,Mini Rolls 6-Pack,234,RT_041,1.05,234
2025-05-04 17:05:27,STORE_046,Bindura_Depot,Buns 6-Pack,125,RT_003,1.02,125
2025-03-02 20:50:18,STORE_022,Masvingo_Branch,Wholegrain Brown,115,RT_025,1.31,115
2025-02-02 09:24:18,STORE_004,Harare_Willowvale,Mini Rolls 6-Pack,149,RT_034,1.05,149
2025-03-04 03:28:57,STORE_081,Chitungwiza_Depot,High Energy White,193,RT_013,1.31,193
2025-01-09 22:02:49,STORE_074,Kwekwe_Depot,High Energy Brown,177,RT_045,1.45,177
2025-01-29 16:11:52,STORE_053,Chitungwiza_Depot,High Energy Brown,257,RT_029,1.4,257
2025-03-15 20:11:18,STORE_053,Masvingo_Branch,Soft White,142,RT_042,1.21,142
2025-02-03 00:49:50,STORE_038,Mutare_Branch,Seed Loaf,63,RT_040,1.67,63
2025-01-24 03:43:29,STORE_092,Bulawayo_Branch,Buns 6-Pack,190,RT_025,1.1,190
2025-07-01 04:47:45,STORE_036,Marondera_Depot,Family Loaf,63,RT_013,2.16,63
2025-04-27 13:48:51,STORE_082,Bulawayo_Branch,Mini Rolls 6-Pack,127,RT_004,1.13,127
2025-05-25 02:10:36,STORE_076,Chitungwiza_Depot,Whole Wheat,104,RT_042,1.5,104
2025-01-07 02:52:22,STORE_132,Masvingo_Branch,High Energy White,200,RT_004,1.38,200
2025-04-07 22:24:25,STORE_006,Marondera_Depot,Whole Wheat,112,RT_010,1.65,112
2025-04-15 07:14:58,STORE_110,Harare_Southerton,Whole Whet,60,RT_026,1.39,60
2025-05-01 09:46:49,STORE_116,Masvingo_Branch,Whole Wheat,148,RT_017,1.64,148
2025-01-08 17:25:38,STORE_039,Bulawayo_Branch,Buns 6-Pack,34,RT_018,1.21,34
2025-02-14 09:46:53,STORE_055,Bindura_Depot,Seed Loaf,156,RT_031,1.63,156
2025-03-06 19:34:28,STORE_084,Mutare_Branch,High Energy Brown,195,RT_030,1.38,195
2025-07-08 01:16:43,STORE_115,Kwekwe_Depot,High Energy Brown,224,RT_004,1.23,224
2025-03-02 19:11:27,STORE_076,Gweru_Branch,Mini Rolls 6-Pack,59,RT_037,1.06,59
2025-03-28 01:28:17,STORE_026,Gweru_Branch,Soft White,23,RT_034,1.23,23
2025-07-14 07:05:23,STORE_059,Harare_Southerton,Wholegrain Brown,54,RT_013,1.44,54
2025-01-02 10:13:02,STORE_015,Kwekwe_Depot,High Energy White,229,RT_043,1.31,229
2025-01-01 17:52:03,STORE_040,Masvingo_Branch,Mini Rolls 6-Pack,101,RT_027,1.07,101
2025-03-20 14:31:06,STORE_056,Bulawayo_Branch,Wholegrain Brown,144,RT_019,1.48,144
2025-04-07 08:38:38,STORE_081,Gweru_Branch,Buns 6-Pack,39,RT_046,1.0,39
2025-04-04 21:06:24,STORE_034,Masvingo_Branch,Whole Wheat,210,RT_039,1.59,210
2025-04-02 13:22:21,STORE_001,Marondera_Depot,Wholegrain Brown,37,RT_023,1.48,37
2025-01-22 09:43:16,STORE_005,Gweru_Branch,Mini Rolls 6-Pack,23,RT_045,1.07,23
2025-07-21 17:38:28,STORE_104,Masvingo_Branch,Seed Loaf,98,RT_024,1.59,98
2025-05-11 17:28:01,STORE_062,Bindura_Depot,Whole Wheat,215,RT_020,1.62,215
2025-06-29 16:42:28,STORE_115,Marondera_Depot,Buns 6-Pack,93,RT_045,1.28,93
2025-06-24 02:52:42,STORE_055,Harare_Southerton,Whole Wheat,89,RT_032,1.47,89
2025-03-23 17:39:04,STORE_007,Mutare_Branch,Whole Wheat,83,RT_022,1.37,83
2025-06-21 07:41:39,STORE_072,Chitungwiza_Depot,Family Loaf,228,RT_026,2.26,228
2025-01-09 11:13:56,STORE_134,Gweru_Branch,Family Loaf,279,RT_037,2.17,279
2025-07-19 02:10:06,STORE_039,Kwekwe_Depot,Mini Rolls 6-Pack,9,RT_036,1.0,9
2025-03-31 04:18:12,STORE_032,Bindura_Depot,Mini Rolls 6-Pack,20,RT_025,1.14,20
2025-04-17 08:56:57,STORE_035,Masvingo_Branch,Whole Wheat,223,RT_035,1.58,223
2025-01-04 21:19:43,STORE_020,Chitungwiza_Depot,Coke500ml,48,RT_017,1.48,48
2025-05-08 20:13:14,STORE_103,Marondera_Depot,Family Loaf,170,RT_025,2.32,170
2025-04-18 15:19:13,STORE_015,Mutare_Branch,Wholegrain Brown,246,RT_045,1.51,246
2025-07-11 02:32:40,STORE_058,Marondera_Depot,Family Loaf,39,RT_006,2.3,39
2025-05-07 22:34:40,STORE_117,Harare_Willowvale,Whole Wheat,174,RT_043,1.6,174
2025-05-01 20:48:49,STORE_081,Gweru_Branch,Wholegrain Brown,166,RT_037,1.33,166
2025-01-10 00:02:05,STORE_067,Chitungwiza_Depot,Buns 6-Pack,315,RT_035,1.17,315
2025-03-05 00:22:24,STORE_076,Bulawayo_Branch,High Energy Brown,127,RT_038,1.23,127
2025-04-14 21:36:13,STORE_021,Marondera_Depot,Whole Wheat,123,RT_028,1.6,123
2025-01-06 21:33:10,STORE_118,Bulawayo_Branch,Buns 6-Pack,191,RT_015,1.06,191
2025-05-12 05:24:39,STORE_041,Gweru_Branch,Seed Loaf,158,RT_034,1.54,158
2025-07-11 22:43:02,STORE_041,Harare_Southerton,High Energy Brown,305,RT_021,1.38,305
2025-07-11 13:35:25,STORE_098,Masvingo_Branch,High Energy Brown,164,RT_026,1.21,164
2025-03-28 11:36:24,STORE_003,Marondera_Depot,Wholegrain Brown,278,RT_011,1.33,278
2025-06-04 08:43:09,STORE_106,Bindura_Depot,High Energy White,168,RT_041,1.29,168
2025-06-29 13:04:19,STORE_131,Kwekwe_Depot,Soft White,92,RT_035,1.25,92
2025-02-27 02:26:34,STORE_018,Chitungwiza_Depot,Family Loaf,101,RT_013,2.24,101
2025-07-23 00:35:37,STORE_027,Harare_Willowvale,Seed Loaf,72,RT_026,1.55,72
2025-03-20 10:12:31,STORE_081,Bulawayo_Branch,Whole Wheat,143,RT_003,1.59,143
2025-02-28 18:19:58,STORE_097,Bindura_Depot,Mini Rolls 6-Pack,250,RT_029,1.02,250
2025-01-27 01:06:37,STORE_023,Masvingo_Branch,Whole Wheat,234,RT_015,1.35,234
2025-06-11 09:49:08,STORE_111,Mutare_Branch,Whole Wheat,220,RT_019,1.37,220
2025-03-31 00:06:09,STORE_111,Bindura_Depot,Family Loaf,301,RT_047,2.31,301
2025-07-07 15:48:57,STORE_122,Masvingo_Branch,Wholegrain Brown,216,RT_015,1.56,216
2025-06-09 12:37:10,STORE_081,Bulawayo_Branch,High Energy Brown,20,RT_040,1.44,20
2025-05-27 09:38:35,STORE_028,Masvingo_Branch,Whole Wheat,175,RT_040,1.64,175
2025-06-05 11:03:55,STORE_035,Marondera_Depot,Family Loaf,179,RT_020,2.38,179
2025-01-27 08:19:20,STORE_102,Bulawayo_Branch,High Energy White,116,RT_009,1.36,116
2025-06-24 18:13:23,STORE_028,Harare_Southerton,High Energy Brown,208,RT_038,1.27,208
2025-04-15 23:47:25,STORE_057,Harare_Southerton,Mini Rolls 6-Pack,23,RT_030,1.07,23
2025-02-10 11:38:34,STORE_078,Kwekwe_Depot,Family Loaf,133,RT_011,2.17,133
2025-02-27 21:49:21,STORE_030,Harare_Southerton,High Energy White,266,RT_018,1.24,266
2025-04-25 03:04:45,STORE_077,Mutare_Branch,Family Loaf,104,RT_011,2.21,104
2025-01-12 19:22:34,STORE_054,Masvingo_Branch,Buns 6-Pack,187,RT_023,1.08,187
2025-05-24 11:08:42,STORE_014,Bulawayo_Branch,Wholegrain Brown,136,RT_018,1.44,136
2025-05-06 01:45:49,STORE_091,Harare_Southerton,Seed Loaf,30,RT_005,1.69,30
2025-03-24 22:34:25,STORE_098,Kwekwe_Depot,Seed Loaf,306,RT_018,1.6,306
2025-04-20 02:07:46,STORE_128,Bulawayo_Branch,High Energy Brown,251,RT_049,1.35,251
2025-01-06 18:21:35,STORE_101,Chitungwiza_Depot,Family Loaf,179,RT_018,2.38,179
2025-06-17 22:28:55,STORE_099,Bindura_Depot,Seed Loaf,25,RT_009,1.58,25
2025-03-20 00:00:00,STORE_060,Bulawayo_Branch,Family Loaf,225,RT_020,2.31,225
2025-07-26 01:19:02,STORE_005,Bindura_Depot,Buns 6-Pack,20,RT_018,1.17,20
2025-03-24 19:06:28,STORE_057,Bindura_Depot,Family Loaf,116,RT_020,2.29,116
2025-07-14 18:42:03,STORE_034,Mutare_Branch,Seed Loaf,194,RT_017,1.6,194
2025-01-19 18:48:45,STORE_120,Bulawayo_Branch,Wholegrain Brown,9,RT_027,1.56,9
2025-01-29 06:29:07,STORE_127,Harare_Willowvale,High Energy White,59,RT_006,1.25,59
2025-03-20 11:13:37,STORE_021,Mutare_Branch,High Energy Brown,278,RT_044,1.39,278
2025-02-13 06:52:21,STORE_067,Harare_Southerton,High Energy White,187,RT_031,1.25,187
2025-05-10 06:01:03,STORE_031,Bindura_Depot,Mini Rolls 6-Pack,109,RT_026,0.97,109
2025-07-29 01:30:17,STORE_099,Harare_Southerton,Family Loaf,225,RT_043,2.39,225
2025-04-22 05:40:04,STORE_110,Bulawayo_Branch,Milk1L,279,RT_035,1.43,279
2025-03-06 06:00:52,STORE_089,Chitungwiza_Depot,Seed Loaf,98,RT_019,1.49,98
2025-05-29 17:32:21,STORE_032,Bulawayo_Branch,Seed Loaf,101,RT_040,1.4,101
2025-03-11 00:32:03,STORE_042,Bulawayo_Branch,Wholegrain Brown,104,RT_011,1.5,104
2025-05-08 10:23:06,STORE_061,Bindura_Depot,Soft White,37,RT_008,1.24,37
2025-01-25 22:49:08,STORE_006,Gweru_Branch,High Energy Brown,161,RT_029,1.27,161
2025-06-09 00:26:52,STORE_091,Harare_Southerton,Wholegrain Brown,33,RT_018,1.34,33
2025-03-09 16:08:19,STORE_042,Harare_Southerton,Seed Loaf,81,RT_016,1.64,81
2025-05-26 23:07:57,STORE_041,Masvingo_Branch,Wholegrain Brown,250,RT_013,1.43,250
2025-01-15 11:27:24,STORE_120,Masvingo_Branch,High Energy White,135,RT_012,1.23,135
2025-04-23 13:58:14,STORE_027,Kwekwe_Depot,High Energy White,33,RT_008,1.23,33
2025-05-21 10:11:33,STORE_124,Kwekwe_Depot,Wholegrain Brown,316,RT_013,1.48,316
2025-04-11 20:16:25,STORE_009,Mutare_Branch,Buns 6-Pack,206,RT_043,1.16,206
2025-03-23 22:38:23,STORE_002,Bulawayo_Branch,Whole Wheat,189,RT_021,1.38,189
2025-06-05 01:44:35,STORE_133,Chitungwiza_Depot,Buns 6-Pack,152,RT_031,1.11,152
2025-07-14 05:27:07,STORE_011,Harare_Willowvale,Seed Loaf,182,RT_044,1.56,182
2025-06-28 15:17:52,STORE_103,Marondera_Depot,Soft White,298,RT_048,1.4,298
2025-06-25 01:30:40,STORE_117,Gweru_Branch,Soft White,34,RT_025,1.19,34
2025-03-21 01:25:07,STORE_105,Gweru_Branch,Family Loaf,28,RT_018,2.38,28
2025-06-09 11:05:13,STORE_027,Chitungwiza_Depot,Family Loaf,104,RT_038,2.19,104
2025-03-22 02:59:55,STORE_110,Gweru_Branch,Buns 6-Pack,206,RT_011,1.24,206
2025-01-17 08:54:34,STORE_005,Masvingo_Branch,Seed Loaf,306,RT_040,1.49,306
2025-04-21 09:02:05,STORE_003,Bulawayo_Branch,Wholegrain Brown,259,RT_035,1.44,259
2025-06-07 14:58:43,STORE_027,Bindura_Depot,Family Loaf,233,RT_030,2.15,233
2025-06-16 05:23:36,STORE_092,Harare_Willowvale,Wholegrain Brown,188,RT_025,1.55,188
2025-02-15 17:00:44,STORE_115,Harare_Willowvale,High Energy Brown,234,RT_027,1.46,234
2025-07-18 18:42:44,STORE_128,Harare_Willowvale,Soft White,246,RT_019,1.14,246
2025-03-17 07:55:26,STORE_072,Harare_Willowvale,High Energy Brown,279,RT_040,1.41,279
2025-03-06 02:54:30,STORE_134,Harare_Southerton,Buns 6-Pack,225,RT_009,1.15,225
2025-03-26 05:57:54,STORE_002,Harare_Willowvale,Buns 6-Pack,59,RT_020,1.1,59
2025-03-31 10:12:40,STORE_025,Marondera_Depot,High Energy Brown,230,RT_035,1.39,230
2025-03-31 15:10:00,STORE_074,Masvingo_Branch,High Energy White,159,RT_007,1.24,159
2025-07-07 22:25:38,STORE_015,Mutare_Branch,Wholegrain Brown,162,RT_030,1.38,162
2025-03-05 05:08:50,STORE_030,Marondera_Depot,Buns 6-Pack,157,RT_024,1.08,157
2025-01-14 12:42:44,STORE_025,Harare_Willowvale,Seed Loaf,100,RT_035,1.56,100
2025-04-13 12:51:00,STORE_060,Harare_Southerton,Mini Rolls 6-Pack,108,RT_032,1.14,108
2025-01-12 07:11:04,STORE_078,Bindura_Depot,Family Loaf,157,RT_013,2.25,157
2025-02-01 22:59:18,STORE_104,Masvingo_Branch,High Energy Brown,286,RT_006,1.36,286
2025-05-04 17:14:28,STORE_087,Gweru_Branch,High Energy Brown,233,RT_028,1.21,233
2025-05-31 07:21:14,STORE_016,Marondera_Depot,High Energy Brown,85,RT_020,1.48,85
2025-03-13 12:03:12,STORE_114,Mutare_Branch,High Energy Brown,157,RT_003,1.3,157
2025-02-03 14:33:53,STORE_019,Harare_Willowvale,Wholegrain Brown,241,RT_007,1.46,241
2025-05-26 00:32:51,STORE_002,Bindura_Depot,Buns 6-Pack,152,RT_015,1.05,152
2025-01-08 02:35:01,STORE_047,Mutare_Branch,Family Loaf,223,RT_004,2.33,223
2025-05-28 20:02:35,STORE_073,Harare_Willowvale,High Energy Brown,64,RT_045,1.38,64
2025-02-18 22:27:01,STORE_035,Mutare_Branch,High Energy White,177,RT_022,1.48,177
2025-06-12 02:14:41,STORE_132,Mutare_Branch,Whole Wheat,269,RT_011,1.62,269
2025-04-18 09:22:24,STORE_015,Mutare_Branch,Buns 6-Pack,157,RT_004,1.25,157
2025-01-02 12:32:42,STORE_115,Harare_Southerton,Mini Rolls 6-Pack,110,RT_013,1.01,110
2025-04-20 06:21:41,STORE_011,Mutare_Branch,Seed Loaf,50,RT_030,1.59,50
2025-01-13 13:54:40,STORE_007,Harare_Willowvale,Buns 6-Pack,299,RT_020,1.17,299
2025-05-15 12:10:46,STORE_025,Harare_Southerton,Whole Wheat,291,RT_013,1.36,291
2025-07-26 03:43:22,STORE_135,Mutare_Branch,Family Loaf,275,RT_048,2.24,275
2025-06-15 01:55:57,STORE_115,Chitungwiza_Depot,Soft White,117,RT_026,1.11,117
2025-03-19 23:01:54,STORE_103,Harare_Southerton,Wholegrain Brown,12,RT_014,1.39,12
2025-04-02 00:17:18,STORE_105,Bindura_Depot,Soft White,225,RT_045,1.15,225
2025-04-30 07:48:25,STORE_037,Mutare_Branch,Soft White,296,RT_044,1.33,296
2025-01-20 03:43:36,STORE_063,Kwekwe_Depot,High Energy White,178,RT_023,1.37,178
2025-02-06 18:43:45,STORE_120,Gweru_Branch,High Energy White,220,RT_022,1.47,220
2025-05-04 01:56:08,STORE_038,Harare_Willowvale,Mini Rolls 6-Pack,139,RT_038,1.06,139
2025-05-06 22:06:07,STORE_018,Chitungwiza_Depot,Whole Wheat,315,RT_019,1.4,315
2025-06-20 19:05:39,STORE_096,Mutare_Branch,Family Loaf,93,RT_043,2.38,93
2025-07-25 20:35:39,STORE_045,Kwekwe_Depot,High Energy Brown,111,RT_008,1.39,111
2025-02-15 21:56:14,STORE_105,Harare_Southerton,Family Loaf,142,RT_017,2.33,142
2025-05-08 13:28:19,STORE_060,Kwekwe_Depot,Soft White,206,RT_010,1.24,206
2025-05-01 01:02:45,STORE_017,Bindura_Depot,High Energy White,203,RT_025,1.22,203
2025-02-13 16:48:22,STORE_063,Chitungwiza_Depot,High Energy Brown,55,RT_049,1.42,55
2025-01-29 12:57:40,STORE_030,Gweru_Branch,Buns 6-Pack,59,RT_044,1.02,59
2025-01-07 08:40:56,STORE_096,Harare_Willowvale,Whole Wheat,213,RT_011,1.53,213
2025-04-20 12:04:24,STORE_127,Bulawayo_Branch,Soft White,80,RT_031,1.22,80
2025-07-18 10:40:22,STORE_005,Kwekwe_Depot,High Energy White,45,RT_025,1.36,45
2025-03-04 10:08:53,STORE_033,Gweru_Branch,High Energy White,123,RT_037,1.23,123
2025-03-25 17:07:54,STORE_074,Harare_Southerton,Wholegrain Brown,194,RT_033,1.59,194
2025-01-07 12:38:09,STORE_056,Mutare_Branch,Whole Wheat,118,RT_002,1.4,118
2025-05-28 17:04:24,STORE_019,Mutare_Branch,High Energy Brown,12,RT_041,1.47,12
2025-01-05 10:55:03,STORE_001,Harare_Willowvale,Coke500ml,215,RT_044,1.65,215
2025-05-26 11:50:50,STORE_092,Gweru_Branch,Buns 6-Pack,116,RT_011,1.12,116
2025-01-22 14:43:47,STORE_099,Chitungwiza_Depot,Seed Loaf,271,RT_028,1.63,271
2025-05-08 02:01:08,STORE_064,Gweru_Branch,High Energy Brown,316,RT_002,1.25,316
2025-07-05 07:29:46,STORE_037,Bulawayo_Branch,Mini Rolls 6-Pack,127,RT_022,1.16,127
2025-03-12 23:13:50,STORE_082,Bulawayo_Branch,Family Loaf,151,RT_001,2.37,151
2025-03-08 01:38:17,STORE_078,Masvingo_Branch,Buns 6-Pack,156,RT_044,1.13,156
2025-07-27 14:03:11,STORE_011,Marondera_Depot,Mini Rolls 6-Pack,25,RT_042,0.96,25
2025-06-09 01:23:23,STORE_064,Kwekwe_Depot,Whole Wheat,164,RT_018,1.43,164
2025-04-27 14:31:38,STORE_078,Harare_Southerton,High Energy Brown,219,RT_012,1.34,219
2025-06-02 06:13:17,STORE_004,Marondera_Depot,Buns 6-Pack,44,RT_032,1.02,44
2025-04-11 02:58:19,STORE_046,Marondera_Depot,Family Loaf,166,RT_024,2.3,166
2025-03-02 17:56:15,STORE_049,Masvingo_Branch,Whole Wheat,82,RT_003,1.57,82
2025-01-25 05:40:35,STORE_080,Kwekwe_Depot,Family Loaf,51,RT_038,2.2,51
2025-05-31 23:38:08,STORE_018,Marondera_Depot,Family Loaf,186,RT_001,2.38,186
2025-01-07 14:47:30,STORE_092,Marondera_Depot,Family Loaf,92,RT_006,2.39,92
2025-06-19 22:19:43,STORE_037,Harare_Willowvale,Soft White,25,RT_016,1.37,25
2025-06-08 05:21:51,STORE_131,Gweru_Branch,High Energy Brown,279,RT_011,1.37,279
2025-04-12 17:05:33,STORE_003,Kwekwe_Depot,Mini Rolls 6-Pack,35,RT_019,0.91,35
2025-07-21 17:54:44,STORE_056,Harare_Southerton,Coke500ml,236,RT_039,1.18,236
2025-04-23 07:06:29,STORE_051,Bulawayo_Branch,Family Loaf,192,RT_038,2.29,192
2025-07-09 00:28:04,STORE_106,Bindura_Depot,Mini Rolls 6-Pack,265,RT_047,1.08,265
2025-07-12 18:24:25,STORE_023,Marondera_Depot,High Energy Brown,109,RT_017,1.47,109
2025-04-13 13:22:15,STORE_049,Marondera_Depot,Mini Rolls 6-Pack,133,RT_017,1.01,133
2025-02-21 15:05:45,STORE_064,Bindura_Depot,High Energy White,63,RT_024,1.33,63
2025-03-12 00:00:00,STORE_113,Harare_Southerton,Seed Loaf,129,RT_040,1.41,129
2025-06-14 00:51:56,STORE_037,Mutare_Branch,Mini Rolls 6-Pack,82,RT_039,1.01,82
2025-02-10 04:38:16,STORE_027,Harare_Southerton,High Energy Brown,29,RT_014,1.21,29
2025-05-13 00:31:58,STORE_077,Harare_Southerton,Seed Loaf,129,RT_014,1.57,129
2025-02-03 22:30:08,STORE_002,Gweru_Branch,Mini Rolls 6-Pack,89,RT_013,1.02,89
2025-05-07 16:40:22,STORE_078,Chitungwiza_Depot,Seed Loaf,208,RT_044,1.62,208
2025-02-03 05:23:01,STORE_124,Bulawayo_Branch,Soft White,251,RT_033,1.37,251
2025-06-18 16:51:50,STORE_114,Harare_Southerton,Wholegrain Brown,156,RT_024,1.54,156
2025-02-26 03:17:04,STORE_015,Gweru_Branch,Seed Loaf,7,RT_021,1.68,7
2025-02-27 11:10:50,STORE_059,Chitungwiza_Depot,High Energy Brown,275,RT_047,1.3,275
2025-07-22 00:32:47,STORE_117,Harare_Southerton,Whole Wheat,84,RT_009,1.52,84
2025-05-09 12:23:51,STORE_137,Gweru_Branch,Mini Rolls 6-Pack,196,RT_049,1.1,196
2025-03-13 22:16:06,STORE_137,Gweru_Branch,High Energy White,295,RT_012,1.21,295
2025-06-22 05:59:56,STORE_096,Masvingo_Branch,High Energy White,29,RT_018,1.24,29
2025-02-08 13:49:11,STORE_112,Bindura_Depot,Whole Wheat,5,RT_003,1.51,5
2025-01-29 21:50:38,STORE_078,Masvingo_Branch,Buns 6-Pack,38,RT_029,1.26,38
2025-05-29 12:19:55,STORE_083,Harare_Southerton,Whole Wheat,208,RT_044,1.55,208
2025-03-26 17:55:53,STORE_034,Bulawayo_Branch,Buns 6-Pack,242,RT_020,1.11,242
2025-07-12 00:47:41,STORE_070,Kwekwe_Depot,High Energy White,141,RT_015,1.29,141
2025-04-28 11:17:16,STORE_093,Bindura_Depot,High Energy White,297,RT_017,1.31,297
2025-03-30 14:21:49,STORE_062,Bulawayo_Branch,Wholegrain Brown,161,RT_011,1.49,161
2025-07-11 10:43:13,STORE_100,Chitungwiza_Depot,Wholegrain Brown,143,RT_043,1.58,143
2025-06-10 11:16:04,STORE_030,Harare_Willowvale,Family Loaf,177,RT_001,2.27,177
2025-05-22 19:22:33,STORE_060,Chitungwiza_Depot,Buns 6-Pack,209,RT_001,1.17,209
2025-07-15 01:16:44,STORE_067,Bindura_Depot,High Energy White,309,RT_006,1.21,309
2025-02-20 14:10:47,STORE_079,Harare_Willowvale,High Energy White,59,RT_001,1.4,59
2025-07-21 06:27:00,STORE_096,Harare_Willowvale,Soft White,149,RT_037,1.2,149
2025-03-03 11:19:14,STORE_121,Harare_Willowvale,High Energy White,284,RT_003,1.23,284
2025-05-25 16:21:53,STORE_015,Bindura_Depot,High Energy Brown,171,RT_048,1.24,171
2025-04-26 00:18:13,STORE_018,Harare_Southerton,Seed Loaf,158,RT_002,1.67,158
2025-03-17 19:08:14,STORE_022,Chitungwiza_Depot,High Energy Brown,293,RT_045,1.3,293
2025-02-27 19:37:07,STORE_016,Marondera_Depot,SeedLoaf,4,RT_007,1.49,4
2025-04-07 17:39:16,STORE_118,Harare_Southerton,Mini Rolls 6-Pack,194,RT_017,1.0,194
2025-06-23 20:15:17,STORE_028,Harare_Willowvale,Buns 6-Pack,173,RT_022,1.15,173
2025-07-06 14:06:53,STORE_041,Chitungwiza_Depot,Seed Loaf,164,RT_030,1.6,164
2025-04-02 13:59:58,STORE_129,Kwekwe_Depot,High Energy White,134,RT_026,1.29,134
2025-06-03 05:40:47,STORE_039,Masvingo_Branch,Soft White,277,RT_029,1.17,277
2025-06-25 07:54:03,STORE_064,Harare_Southerton,Mini Rolls 6-Pack,8,RT_007,1.16,8
2025-06-08 00:05:44,STORE_110,Marondera_Depot,Whole Wheat,144,RT_039,1.41,144
2025-05-04 17:07:57,STORE_092,Masvingo_Branch,Buns 6-Pack,312,RT_045,1.23,312
2025-01-25 20:08:01,STORE_069,Masvingo_Branch,Wholegrain Brown,160,RT_022,1.41,160
2025-07-11 14:11:14,STORE_098,Bulawayo_Branch,Wholegrain Brown,31,RT_013,1.48,31
2025-07-25 08:20:11,STORE_125,Bindura_Depot,High Energy White,88,RT_049,1.35,88
2025-04-28 11:53:27,STORE_038,Masvingo_Branch,Whole Wheat,459,RT_042,1.46,459
2025-06-18 04:24:55,STORE_004,Marondera_Depot,Mini Rolls 6-Pack,85,RT_015,1.07,85
2025-07-01 05:55:15,STORE_133,Bulawayo_Branch,Soft White,310,RT_014,1.18,310
2025-07-22 04:35:17,STORE_080,Marondera_Depot,High Energy White,269,RT_022,1.33,269
2025-07-11 23:13:02,STORE_048,Chitungwiza_Depot,Mini Rolls 6-Pack,125,RT_047,1.02,125
2025-07-23 01:59:29,STORE_073,Harare_Southerton,Mini Rolls 6-Pack,269,RT_039,1.12,269
2025-06-09 20:23:12,STORE_054,Masvingo_Branch,Seed Loaf,20,RT_019,1.51,20
2025-05-21 00:09:25,STORE_066,Mutare_Branch,Family Loaf,36,RT_042,2.13,36
2025-07-26 11:59:43,STORE_077,Harare_Willowvale,Whole Wheat,249,RT_018,1.61,249
2025-01-15 11:41:01,STORE_033,Gweru_Branch,Mini Rolls 6-Pack,301,RT_048,1.1,301
2025-05-20 11:29:52,STORE_137,Kwekwe_Depot,Soft White,182,RT_021,1.3,182
2025-05-28 09:34:32,STORE_026,Marondera_Depot,Whole Wheat,294,RT_046,1.46,294
2025-06-07 09:15:09,STORE_056,Bulawayo_Branch,High Energy White,50,RT_036,1.49,50
2025-02-26 06:05:19,STORE_101,Chitungwiza_Depot,Wholegrain Brown,235,RT_019,1.59,235
2025-02-27 02:39:09,STORE_112,Marondera_Depot,Mini Rolls 6-Pack,55,RT_017,0.94,55
2025-04-22 06:21:13,STORE_010,Masvingo_Branch,Family Loaf,20,RT_041,2.18,20
2025-05-05 20:31:43,STORE_024,Kwekwe_Depot,Whole Wheat,270,RT_032,1.48,270
2025-02-06 00:51:46,STORE_084,Bindura_Depot,Mini Rolls 6-Pack,30,RT_045,1.09,30
2025-07-13 17:10:30,STORE_074,Mutare_Branch,Whole Wheat,250,RT_017,1.6,250
2025-01-06 22:45:53,STORE_080,Chitungwiza_Depot,Wholegrain Brown,165,RT_040,1.45,165
2025-04-09 08:59:17,STORE_118,Gweru_Branch,Wholegrain Brown,236,RT_002,1.42,236
2025-06-15 11:33:50,STORE_092,Harare_Willowvale,Whole Wheat,241,RT_014,1.62,241
2025-02-12 20:42:47,STORE_124,Kwekwe_Depot,High Energy Brown,13,RT_027,1.33,13
2025-05-23 02:08:03,STORE_105,Chitungwiza_Depot,Buns 6-Pack,165,RT_010,1.28,165
2025-01-03 15:18:14,STORE_038,Masvingo_Branch,Buns 6-Pack,37,RT_014,1.19,37
2025-07-23 06:56:57,STORE_060,Chitungwiza_Depot,High Energy White,256,RT_039,1.33,256
2025-06-10 13:30:21,STORE_075,Harare_Southerton,Mini Rolls 6-Pack,153,RT_009,1.16,153
2025-07-12 07:45:37,STORE_062,Gweru_Branch,Buns 6-Pack,156,RT_011,1.26,156
2025-06-30 15:41:16,STORE_073,Gweru_Branch,Seed Loaf,189,RT_014,1.53,189
2025-03-03 21:25:19,STORE_032,Gweru_Branch,Mini Rolls 6-Pack,305,RT_017,0.94,305
2025-01-11 23:55:28,STORE_074,Kwekwe_Depot,Buns 6-Pack,296,RT_033,,296
2025-06-13 13:57:14,STORE_009,Chitungwiza_Depot,Family Loaf,111,RT_005,2.26,111
2025-04-11 06:20:41,STORE_105,Kwekwe_Depot,Seed Loaf,96,RT_009,1.55,96
2025-06-16 18:48:18,STORE_113,Mutare_Branch,Wholegrain Brown,299,RT_020,1.45,299
2025-06-19 22:08:36,STORE_050,Chitungwiza_Depot,Soft White,101,RT_029,1.32,101
2025-04-15 21:51:21,STORE_111,Bulawayo_Branch,Buns 6-Pack,36,RT_033,1.12,36
2025-06-18 15:51:11,STORE_016,Harare_Southerton,Wholegrain Brown,287,RT_043,1.55,287
2025-07-06 15:13:22,STORE_106,Masvingo_Branch,Whole Wheat,227,RT_002,1.37,227
2025-04-03 05:32:17,STORE_018,Masvingo_Branch,Soft White,79,RT_042,1.32,79
2025-06-09 15:10:49,STORE_022,Harare_Southerton,Wholegrain Brown,69,RT_012,1.59,69
2025-03-12 08:45:47,STORE_121,Kwekwe_Depot,High Energy White,79,RT_036,1.44,79
2025-02-14 18:01:31,STORE_098,Marondera_Depot,Wholegrain Brown,6,RT_019,1.38,6
2025-06-18 15:18:38,STORE_009,Marondera_Depot,Wholegrain Brown,30,RT_025,1.53,30
2025-02-13 02:09:06,STORE_056,Harare_Southerton,Seed Loaf,5,RT_009,1.59,5
2025-01-11 10:24:55,STORE_005,Gweru_Branch,Soft White,130,RT_045,1.23,130
2025-04-20 07:38:32,STORE_101,Harare_Willowvale,Wholegrain Brown,307,RT_009,1.48,307
2025-04-20 02:26:11,STORE_019,Harare_Willowvale,Seed Loaf,224,RT_028,1.45,224
2025-04-06 12:09:56,STORE_030,Bindura_Depot,High Energy Brown,195,RT_009,1.42,195
2025-07-27 20:21:43,STORE_033,Chitungwiza_Depot,High Energy Brown,316,RT_017,1.47,316
2025-06-08 20:20:18,STORE_110,Mutare_Branch,Whole Wheat,249,RT_013,1.46,249
2025-04-08 14:56:50,STORE_046,Kwekwe_Depot,Seed Loaf,125,RT_003,1.67,125
2025-06-13 04:31:41,STORE_076,Bindura_Depot,Buns 6-Pack,269,RT_049,1.22,269
2025-07-16 00:59:51,STORE_080,Gweru_Branch,Whole Wheat,575,RT_027,1.47,575
2025-06-22 04:31:12,STORE_093,Chitungwiza_Depot,Seed Loaf,251,RT_046,1.66,251
2025-01-28 11:52:01,STORE_123,Kwekwe_Depot,High Energy Brown,90,RT_007,1.32,90
2025-03-08 11:30:09,STORE_064,Bulawayo_Branch,High Energy White,262,RT_006,1.36,262
2025-03-01 13:53:01,STORE_138,Gweru_Branch,High Energy Brown,36,RT_014,1.23,36
2025-07-02 02:15:03,STORE_032,Marondera_Depot,Whole Wheat,204,RT_046,1.51,204
2025-07-17 22:44:13,STORE_047,Bindura_Depot,Soft White,315,RT_021,1.35,315
2025-01-20 02:28:42,STORE_115,Chitungwiza_Depot,Whole Wheat,66,RT_028,1.61,66
2025-01-02 20:48:17,STORE_013,Kwekwe_Depot,Buns 6-Pack,254,RT_021,1.04,254
2025-04-20 13:04:16,STORE_139,Gweru_Branch,Soft White,219,RT_047,1.34,219
2025-07-12 07:25:07,STORE_048,Bindura_Depot,Wholegrain Brown,174,RT_046,1.5,174
2025-03-03 13:17:39,STORE_077,Harare_Willowvale,Family Loaf,135,RT_041,2.26,135
2025-04-11 13:52:52,STORE_125,Marondera_Depot,High Energy Brown,255,RT_028,1.37,255
2025-07-11 05:18:06,STORE_127,Masvingo_Branch,Mini Rolls 6-Pack,161,RT_037,1.08,161
2025-02-28 20:56:28,STORE_043,Gweru_Branch,Mini Rolls 6-Pack,81,RT_026,0.99,81
2025-07-11 22:32:02,STORE_016,Mutare_Branch,High Energy White,188,RT_031,1.45,188
2025-01-28 22:42:31,STORE_037,Kwekwe_Depot,Family Loaf,298,RT_038,2.13,298
2025-05-20 02:55:16,STORE_114,Marondera_Depot,High Energy Brown,223,RT_017,1.29,223
2025-07-07 04:21:13,STORE_054,Bindura_Depot,Wholegrain Brown,91,RT_009,1.58,91
2025-07-28 16:16:13,STORE_025,Masvingo_Branch,High Energy White,11,RT_047,1.35,11
2025-04-08 14:22:11,STORE_106,Marondera_Depot,High Energy White,230,RT_015,1.23,230
2025-02-02 22:08:30,STORE_107,Chitungwiza_Depot,High Energy Brown,90,RT_005,1.41,90
2025-04-06 15:36:37,STORE_123,Masvingo_Branch,Wholegrain Brown,102,RT_048,1.3,102
2025-06-29 16:07:45,STORE_068,Chitungwiza_Depot,Buns 6-Pack,4,RT_011,1.26,4
2025-06-06 18:59:15,STORE_061,Gweru_Branch,Wholegrain Brown,316,RT_002,1.49,316
2025-01-31 11:36:59,STORE_076,Masvingo_Branch,Family Loaf,81,RT_049,2.2,81
2025-05-15 22:37:09,STORE_130,Mutare_Branch,Soft White,4,RT_037,1.32,4
2025-05-21 20:49:47,STORE_005,Bindura_Depot,Wholegrain Brown,190,RT_016,1.56,190
2025-04-22 11:47:23,STORE_082,Bindura_Depot,Wholegrain Brown,211,RT_014,1.49,211
2025-04-06 15:15:00,STORE_132,Bindura_Depot,Whole Wheat,236,RT_027,1.43,236
2025-01-20 02:11:18,STORE_064,Bulawayo_Branch,Seed Loaf,54,RT_041,1.67,54
2025-06-21 16:41:59,STORE_118,Marondera_Depot,High Energy White,157,RT_025,1.36,157
2025-03-13 16:23:57,STORE_109,Chitungwiza_Depot,High Energy Brown,252,RT_028,1.29,252
2025-01-22 16:23:41,STORE_112,Harare_Willowvale,Wholegrain Brown,84,RT_048,1.51,84
2025-05-07 15:14:39,STORE_094,Gweru_Branch,Buns 6-Pack,25,RT_031,1.06,25
2025-02-07 15:08:18,STORE_032,Marondera_Depot,High Energy Brown,258,RT_031,1.27,258
2025-03-22 05:03:27,STORE_047,Bindura_Depot,High Energy White,295,RT_031,1.22,295
2025-03-20 07:50:14,STORE_070,Masvingo_Branch,Buns 6-Pack,61,RT_020,1.12,61
2025-03-17 10:11:22,STORE_114,Gweru_Branch,Whole Wheat,300,RT_045,1.5,300
2025-06-20 23:29:53,STORE_121,Marondera_Depot,High Energy Brown,190,RT_003,1.42,190
2025-05-23 03:51:47,STORE_129,Harare_Willowvale,Wholegrain Brown,223,RT_007,1.43,223
2025-06-17 20:02:28,STORE_136,Marondera_Depot,Buns 6-Pack,214,RT_048,1.15,214
2025-06-29 02:34:38,STORE_108,Chitungwiza_Depot,Buns 6-Pack,12,RT_037,1.07,12
2025-05-08 13:26:52,STORE_047,Kwekwe_Depot,Wholegrain Brown,50,RT_015,1.44,50
,STORE_070,Kwekwe_Depot,Wholegrain Brown,125,RT_023,1.36,125
2025-07-04 17:28:36,STORE_087,Marondera_Depot,Seed Loaf,313,RT_034,1.56,313
2025-07-18 13:26:11,STORE_012,Gweru_Branch,Seed Loaf,72,RT_027,1.54,72
2025-03-15 22:52:56,STORE_087,Mutare_Branch,High Energy Brown,209,RT_037,1.28,209
2025-02-12 22:59:44,STORE_067,Mutare_Branch,Mini Rolls 6-Pack,20,RT_017,1.05,20
2025-03-05 00:22:35,STORE_086,Mutare_Branch,Whole Wheat,124,RT_019,1.41,124
2025-04-18 09:52:00,STORE_006,Kwekwe_Depot,High Energy Brown,84,RT_010,1.33,84
2025-06-17 16:31:02,STORE_024,Marondera_Depot,Wholegrain Brown,90,RT_043,1.3,90
2025-04-01 14:15:27,STORE_023,Marondera_Depot,Mini Rolls 6-Pack,61,RT_046,1.08,61
2025-04-18 00:42:42,STORE_006,Marondera_Depot,Buns 6-Pack,268,RT_045,1.06,268
2025-04-13 03:07:11,STORE_136,Harare_Southerton,Wholegrain Brown,310,RT_035,1.55,310
2025-04-18 08:35:07,STORE_122,Masvingo_Branch,Seed Loaf,160,RT_032,1.45,160
2025-03-12 00:00:00,STORE_124,Harare_Southerton,Whole Wheat,239,RT_024,1.55,239
2025-06-15 00:02:20,STORE_064,Masvingo_Branch,SoapBar,53,RT_035,1.44,53
2025-07-05 18:32:09,STORE_052,Mutare_Branch,High Energy Brown,7,RT_008,1.46,7
2025-01-03 20:34:49,STORE_035,Marondera_Depot,Family Loaf,151,RT_011,2.12,151
2025-05-04 11:00:22,STORE_025,Masvingo_Branch,High Energy White,194,RT_049,1.26,194
2025-01-12 06:54:48,STORE_010,Harare_Southerton,Whole Wheat,268,RT_005,1.6,268
2025-06-15 18:58:05,STORE_049,Harare_Southerton,Seed Loaf,20,RT_045,1.69,20
2025-04-25 19:37:06,STORE_125,Bulawayo_Branch,Buns 6-Pack,197,RT_037,1.26,197
2025-05-23 04:38:20,STORE_033,Gweru_Branch,Buns 6-Pack,242,RT_038,1.28,242
2025-04-25 01:22:03,STORE_001,Mutare_Branch,Family Loaf,157,RT_004,2.3,157
2025-05-05 03:27:10,STORE_012,Marondera_Depot,Family Loaf,178,RT_017,2.37,178
2025-02-13 03:15:04,STORE_041,Bulawayo_Branch,High Energy Brown,302,RT_024,1.44,302
2025-06-13 00:55:49,STORE_121,Harare_Willowvale,Wholegrain Brown,293,RT_049,1.46,293
2025-03-31 00:28:52,STORE_048,Chitungwiza_Depot,Soft White,190,RT_035,1.16,190
2025-05-17 00:04:47,STORE_069,Harare_Willowvale,High Energy Brown,139,RT_044,1.44,139
2025-03-02 11:12:49,STORE_013,Mutare_Branch,Mini Rolls 6-Pack,123,RT_019,0.92,123
2025-05-04 14:43:53,STORE_005,Harare_Southerton,High Energy White,305,RT_011,1.42,305
2025-01-27 06:17:22,STORE_024,Bindura_Depot,Mini Rolls 6-Pack,209,RT_048,1.03,209
2025-06-11 00:35:23,STORE_001,Marondera_Depot,Buns 6-Pack,114,RT_045,1.2,114
2025-01-22 17:28:50,STORE_112,Kwekwe_Depot,Soft White,253,RT_048,1.34,253
2025-07-06 18:05:19,STORE_021,Mutare_Branch,Wholegrain Brown,65,RT_035,1.58,65
2025-06-21 04:56:09,STORE_129,Masvingo_Branch,Whole Wheat,249,RT_031,1.39,249
2025-05-12 05:01:41,STORE_111,Bindura_Depot,Whole Wheat,96,RT_027,1.42,96
2025-07-07 10:14:54,STORE_057,Harare_Southerton,Family Loaf,125,RT_013,2.31,125
2025-04-29 15:06:19,STORE_121,Marondera_Depot,Mini Rolls 6-Pack,161,RT_042,1.07,161
2025-05-19 07:52:32,STORE_096,Harare_Southerton,Seed Loaf,257,RT_008,1.6,257
2025-01-27 01:07:57,STORE_097,Marondera_Depot,Seed Loaf,37,RT_004,1.59,37
2025-05-12 07:26:14,STORE_114,Gweru_Branch,Family Loaf,95,RT_018,2.27,95
2025-02-16 23:27:28,STORE_036,Chitungwiza_Depot,Seed Loaf,149,RT_026,1.55,149
2025-07-06 06:35:40,STORE_038,Bulawayo_Branch,Mini Rolls 6-Pack,43,RT_046,1.19,43
2025-05-12 01:43:01,STORE_061,Harare_Willowvale,High Energy Brown,134,RT_004,1.49,134
2025-05-03 13:38:07,STORE_058,Harare_Southerton,Mini Rolls 6-Pack,16,RT_008,1.0,16
2025-01-12 16:26:29,STORE_133,Masvingo_Branch,High Energy Brown,193,RT_023,1.24,193
2025-05-02 02:25:28,STORE_101,Mutare_Branch,Soft White,245,RT_029,1.24,245
2025-02-22 16:37:16,STORE_083,Harare_Southerton,Seed Loaf,157,RT_035,1.61,157
2025-07-09 11:26:30,STORE_108,Masvingo_Branch,Buns 6-Pack,225,RT_020,1.04,225
2025-01-05 02:05:53,STORE_135,Harare_Southerton,Wholegrain Brown,269,RT_024,1.45,269
2025-06-13 22:49:32,STORE_048,Gweru_Branch,Mini Rolls 6-Pack,5,RT_020,1.04,5
2025-03-28 20:46:31,STORE_118,Harare_Willowvale,Whole Wheat,221,RT_010,1.38,221
2025-06-07 10:13:57,STORE_093,Mutare_Branch,Soft White,21,RT_003,1.15,21
2025-06-26 19:14:24,STORE_108,Harare_Willowvale,Wholegrain Brown,116,RT_021,1.4,116
2025-04-27 16:05:46,STORE_036,Harare_Southerton,Buns 6-Pack,91,RT_011,1.14,91
2025-03-21 09:49:21,STORE_100,Bulawayo_Branch,High Energy White,283,RT_039,1.41,283
2025-02-26 02:22:16,STORE_053,Masvingo_Branch,Soft White,80,RT_042,1.32,80
2025-03-01 10:17:19,STORE_113,Marondera_Depot,Family Loaf,234,RT_049,2.12,234
2025-07-03 06:04:47,STORE_105,Masvingo_Branch,Wholegrain Brown,24,RT_004,1.32,24
2025-07-25 02:46:49,STORE_007,Chitungwiza_Depot,Wholegrain Brown,215,RT_022,1.51,215
2025-07-21 08:08:03,STORE_002,Marondera_Depot,Soft White,91,RT_033,1.15,91
2025-03-20 00:00:00,STORE_119,Marondera_Depot,Buns 6-Pack,123,RT_020,1.03,123
2025-02-22 03:46:11,STORE_029,Bindura_Depot,High Energy Brown,198,RT_006,1.49,198
2025-07-28 10:12:42,STORE_036,Masvingo_Branch,Mini Rolls 6-Pack,254,RT_049,1.08,254
2025-01-29 22:02:24,STORE_137,Masvingo_Branch,Soft White,169,RT_031,1.14,169
2025-03-23 19:40:22,STORE_107,Marondera_Depot,Soft White,215,RT_007,1.37,215
2025-02-22 02:26:12,STORE_081,Harare_Willowvale,Buns 6-Pack,202,RT_048,1.14,202
2025-01-16 19:09:41,STORE_053,Gweru_Branch,High Energy White,89,RT_034,1.33,89
2025-02-17 22:56:43,STORE_125,Gweru_Branch,Buns 6-Pack,60,RT_033,1.25,60
2025-06-14 13:24:08,STORE_080,Harare_Willowvale,Seed Loaf,54,RT_037,1.62,54
2025-07-25 03:53:20,STORE_114,Chitungwiza_Depot,Whole Whet,93,RT_022,1.45,93
2025-04-01 05:13:53,STORE_005,Bindura_Depot,Family Loaf,22,RT_025,2.37,22
2025-05-03 06:13:34,STORE_087,Harare_Southerton,Whole Wheat,300,RT_005,1.43,300
2025-07-11 21:37:32,STORE_040,Chitungwiza_Depot,Whole Wheat,164,RT_028,1.58,164
2025-02-20 05:14:03,STORE_095,Bulawayo_Branch,Mini Rolls 6-Pack,86,RT_009,1.12,86
2025-02-07 12:37:02,STORE_109,Marondera_Depot,Buns 6-Pack,167,RT_012,1.01,167
2025-05-22 14:11:34,STORE_058,Harare_Willowvale,Wholegrain Brown,120,RT_020,1.38,120
2025-03-29 21:23:52,STORE_091,Kwekwe_Depot,Family Loaf,179,RT_044,2.18,179
2025-01-11 09:08:01,STORE_028,Masvingo_Branch,SoftWhite,214,RT_037,1.4,214
2025-04-08 04:45:05,STORE_136,Kwekwe_Depot,Soft White,50,RT_049,1.12,50
2025-02-02 14:59:27,STORE_120,Chitungwiza_Depot,Family Loaf,26,RT_031,2.21,26
2025-07-06 16:01:52,STORE_113,Harare_Southerton,Soft White,93,RT_033,1.11,93
2025-06-05 13:12:26,STORE_130,Marondera_Depot,Buns 6-Pack,37,RT_002,1.02,37
2025-07-02 13:30:29,STORE_022,Harare_Southerton,Mini Rolls 6-Pack,220,RT_011,0.92,220
2025-06-04 11:15:22,STORE_139,Bindura_Depot,Mini Rolls 6-Pack,141,RT_018,1.07,141
2025-02-02 00:03:33,STORE_091,Gweru_Branch,Buns 6-Pack,90,RT_002,1.26,90
2025-06-01 16:12:11,STORE_034,Kwekwe_Depot,Coke500ml,14,RT_017,1.36,14
2025-03-26 02:09:01,STORE_070,Harare_Southerton,Soft White,226,RT_028,1.21,226
2025-03-24 12:13:42,STORE_076,Mutare_Branch,Buns 6-Pack,164,RT_004,1.21,164
2025-07-13 22:20:47,STORE_125,Marondera_Depot,Whole Wheat,33,RT_046,1.42,33
2025-03-01 05:09:51,STORE_028,Marondera_Depot,High Energy White,164,RT_026,1.32,164
2025-06-30 00:47:43,STORE_058,Marondera_Depot,Soft White,308,RT_012,1.21,308
2025-04-23 12:31:36,STORE_075,Gweru_Branch,Buns 6-Pack,153,RT_006,1.26,153
2025-02-10 23:29:24,STORE_033,Harare_Southerton,High Energy Brown,284,RT_016,1.38,284
2025-05-18 16:44:06,STORE_007,Harare_Willowvale,Soft White,43,RT_028,1.2,43
2025-02-14 14:05:12,STORE_118,Gweru_Branch,Mini Rolls 6-Pack,308,RT_042,0.97,308
2025-06-30 02:07:21,STORE_042,Marondera_Depot,Soft Whtie,282,RT_028,1.14,282
2025-05-03 15:54:33,STORE_121,Harare_Southerton,Soft White,129,RT_017,1.17,129
2025-02-10 09:42:58,STORE_116,Kwekwe_Depot,High Energy White,256,RT_047,1.46,256
2025-01-04 11:37:45,STORE_129,Mutare_Branch,Mini Rolls 6-Pack,73,RT_013,1.06,73
2025-07-16 09:48:48,STORE_074,Bindura_Depot,Mini Rolls 6-Pack,244,RT_022,1.18,244
2025-05-24 18:59:09,STORE_105,Bulawayo_Branch,Whole Wheat,288,RT_024,1.41,288
2025-03-18 12:45:03,STORE_035,Harare_Willowvale,High Energy Brown,24,RT_016,1.25,24
2025-02-18 01:18:30,STORE_017,Harare_Southerton,Soft White,187,,1.35,187
2025-07-01 12:43:11,STORE_058,Marondera_Depot,High Energy White,266,RT_048,1.41,266
2025-03-02 06:26:28,STORE_031,Marondera_Depot,Whole Wheat,314,RT_027,1.53,314
2025-05-29 06:01:14,STORE_106,Harare_Willowvale,Seed Loaf,308,RT_023,1.63,308
2025-04-19 07:03:43,STORE_085,Kwekwe_Depot,High Energy Brown,185,RT_041,1.4,185
2025-03-11 13:32:14,STORE_100,Kwekwe_Depot,Mini Rolls 6-Pack,241,RT_039,1.09,241
2025-01-07 05:32:39,STORE_062,Mutare_Branch,Soft White,268,RT_024,1.2,268
2025-04-05 20:10:53,STORE_139,Harare_Southerton,Seed Loaf,256,RT_021,1.62,256
2025-06-08 10:38:13,STORE_012,Mutare_Branch,High Energy White,273,RT_033,1.43,273
2025-04-13 19:55:27,STORE_111,Bindura_Depot,High Energy White,318,RT_029,1.29,318
2025-01-31 17:23:09,STORE_081,Chitungwiza_Depot,Soft White,174,RT_038,1.16,174
2025-07-06 10:05:20,STORE_029,Harare_Willowvale,High Energy Brown,138,RT_017,1.39,138
2025-01-14 14:31:11,STORE_023,Bulawayo_Branch,High Energy White,178,RT_020,1.37,178
2025-04-14 00:56:41,STORE_124,Harare_Willowvale,Buns 6-Pack,221,RT_042,1.08,221
2025-01-31 03:14:40,STORE_031,Marondera_Depot,Buns 6-Pack,178,RT_041,1.2,178
2025-01-02 09:53:39,STORE_011,Mutare_Branch,Family Loaf,280,RT_001,2.29,280
2025-04-25 16:08:51,STORE_104,Harare_Southerton,Soft White,277,RT_016,1.39,277
2025-02-10 02:38:15,STORE_136,Harare_Southerton,Family Loaf,90,RT_008,2.39,90
2025-03-17 09:20:38,STORE_001,Marondera_Depot,Sugar2kg,309,RT_045,1.47,309
2025-03-28 05:20:07,STORE_139,Masvingo_Branch,Soft White,4,RT_015,1.24,4
2025-04-29 01:44:46,STORE_124,Chitungwiza_Depot,Soft White,50,RT_045,1.23,50
2025-07-04 11:51:35,STORE_126,Masvingo_Branch,High Energy Brown,260,RT_004,1.37,260
2025-05-05 09:50:14,STORE_080,Bindura_Depot,Family Loaf,152,RT_003,2.21,152
2025-02-22 05:40:07,STORE_062,Mutare_Branch,Buns 6-Pack,134,RT_026,1.28,134
2025-05-27 23:04:59,STORE_005,Gweru_Branch,Mini Rolls 6-Pack,7,RT_036,1.11,7
2025-03-11 13:30:24,STORE_068,Marondera_Depot,Whole Wheat,53,RT_002,1.56,53
2025-02-15 17:33:30,STORE_043,Harare_Willowvale,Soft White,206,RT_003,1.31,206
2025-01-20 05:29:02,STORE_101,Marondera_Depot,High Energy White,248,RT_019,1.4,248
2025-04-21 08:02:25,STORE_021,Kwekwe_Depot,Seed Loaf,234,RT_039,1.47,234
2025-04-02 16:05:37,STORE_075,Chitungwiza_Depot,Whole Wheat,125,RT_013,1.64,125
2025-04-15 08:51:37,STORE_100,Mutare_Branch,Buns 6-Pack,62,RT_001,1.29,62
2025-01-18 16:34:34,STORE_073,Harare_Willowvale,Buns 6-Pack,207,RT_031,1.03,207
2025-03-31 11:02:13,STORE_098,Kwekwe_Depot,Family Loaf,185,RT_038,2.32,185
2025-06-12 08:33:11,STORE_057,Marondera_Depot,Mini Rolls 6-Pack,24,RT_009,1.18,24
2025-02-10 08:52:04,STORE_048,Harare_Southerton,Buns 6-Pack,100,RT_034,1.29,100
2025-05-16 06:56:02,STORE_016,Masvingo_Branch,Seed Loaf,52,RT_044,1.51,52
2025-06-05 09:38:36,STORE_129,Chitungwiza_Depot,Soft White,257,RT_041,1.26,257
2025-01-06 23:59:09,STORE_087,Mutare_Branch,High Energy White,85,RT_039,1.2,85
2025-01-10 23:59:56,STORE_051,Chitungwiza_Depot,Buns 6-Pack,262,RT_043,1.02,262
2025-06-12 07:11:40,STORE_113,Mutare_Branch,Whole Wheat,316,RT_018,1.37,316
2025-02-21 20:03:53,STORE_040,Masvingo_Branch,Soft White,71,RT_002,1.17,71
2025-04-03 23:59:28,STORE_115,Harare_Willowvale,Seed Loaf,27,RT_042,1.52,27
2025-06-02 05:45:50,STORE_029,Marondera_Depot,Soft White,99,RT_028,1.39,99
2025-07-13 17:32:25,STORE_128,Gweru_Branch,Mini Rolls 6-Pack,43,RT_004,0.9,43
2025-06-25 14:44:51,STORE_131,Harare_Southerton,Family Loaf,198,RT_008,2.22,198
2025-02-07 03:40:16,STORE_010,Bindura_Depot,Soft White,229,RT_032,1.23,229
2025-07-16 13:41:43,STORE_037,Masvingo_Branch,Whole Wheat,102,RT_024,1.53,102
2025-05-17 16:25:37,STORE_089,Masvingo_Branch,Buns 6-Pack,195,RT_027,1.05,195
2025-06-15 14:30:57,STORE_107,Masvingo_Branch,High Energy Brown,166,RT_029,1.26,166
2025-01-24 19:23:37,STORE_032,Harare_Southerton,Whole Wheat,43,RT_004,1.56,43
2025-04-19 02:40:54,STORE_084,Marondera_Depot,High Energy Brown,179,RT_035,1.44,179
2025-07-29 16:24:38,STORE_071,Kwekwe_Depot,High Energy White,252,RT_009,1.25,252
2025-03-17 21:34:02,STORE_009,Bindura_Depot,Seed Loaf,238,RT_008,1.56,238
2025-01-30 11:56:40,STORE_088,Mutare_Branch,Mini Rolls 6-Pack,103,RT_032,0.96,103
2025-05-26 20:00:30,STORE_071,Bulawayo_Branch,Seed Loaf,59,RT_021,1.66,59
2025-07-24 16:07:46,STORE_106,Mutare_Branch,Mini Rolls 6-Pack,166,RT_021,0.91,166
2025-06-22 09:07:50,STORE_028,Masvingo_Branch,Seed Loaf,22,RT_019,1.65,22
2025-01-31 18:49:46,STORE_078,Marondera_Depot,Seed Loaf,112,RT_037,1.45,112
2025-05-23 17:32:22,STORE_108,Marondera_Depot,High Energy White,94,RT_035,1.3,94
2025-05-05 05:06:42,STORE_036,Marondera_Depot,High Energy Brown,111,RT_037,1.25,111
2025-07-20 15:22:10,STORE_022,Kwekwe_Depot,High Energy White,135,RT_020,1.32,135
2025-05-17 10:57:10,STORE_118,Kwekwe_Depot,Seed Loaf,45,RT_015,1.63,45
2025-07-12 18:33:57,STORE_031,Bindura_Depot,High Energy White,184,RT_014,1.38,184
2025-07-21 14:33:29,STORE_112,Bulawayo_Branch,Soft White,39,RT_044,1.2,39
2025-06-05 21:42:17,STORE_071,Harare_Willowvale,Family Loaf,133,RT_013,2.19,133
2025-06-04 05:32:39,STORE_111,Masvingo_Branch,Seed Loaf,280,RT_007,1.44,280
2025-02-02 02:28:27,STORE_037,Bindura_Depot,Family Loaf,317,RT_019,2.17,317
2025-04-03 06:14:25,STORE_029,Bindura_Depot,High Energy White,12,RT_041,1.2,12
2025-06-09 07:15:00,STORE_094,Harare_Willowvale,Family Loaf,12,RT_003,2.23,12
2025-04-23 21:55:15,STORE_131,Harare_Willowvale,Soft White,180,RT_048,1.33,180
2025-02-22 01:34:08,STORE_120,Chitungwiza_Depot,High Energy White,151,RT_004,1.26,151
2025-04-21 11:13:59,STORE_115,Mutare_Branch,High Energy White,222,RT_007,1.25,222
2025-06-04 19:13:09,STORE_038,Harare_Southerton,Family Loaf,39,RT_016,2.14,39
2025-01-14 18:18:58,STORE_078,Kwekwe_Depot,High Energy White,7,RT_025,1.25,7
2025-02-19 11:13:35,STORE_097,Chitungwiza_Depot,Wholegrain Brown,122,RT_036,1.3,122
2025-03-26 00:33:23,STORE_108,Mutare_Branch,High Energy White,290,RT_035,1.43,290
2025-03-29 16:03:07,STORE_137,Mutare_Branch,Whole Wheat,295,RT_036,1.47,295
2025-05-19 13:15:42,STORE_039,Bulawayo_Branch,Seed Loaf,272,RT_023,1.42,272
2025-06-18 08:37:19,STORE_062,Mutare_Branch,Seed Loaf,271,RT_002,1.7,271
2025-05-05 05:36:18,STORE_042,Masvingo_Branch,Buns 6-Pack,201,RT_033,1.1,201
2025-03-26 12:47:47,STORE_128,Chitungwiza_Depot,Whole Wheat,116,RT_002,1.52,116
2025-06-11 14:25:13,STORE_054,Kwekwe_Depot,Buns 6-Pack,132,RT_049,1.26,132
2025-07-07 20:22:18,STORE_024,Bindura_Depot,Soft White,52,RT_023,1.22,52
2025-02-16 02:05:17,STORE_128,Kwekwe_Depot,Seed Loaf,245,,1.6,245
2025-03-29 12:43:55,STORE_059,Mutare_Branch,Whole Wheat,117,RT_017,1.64,117
2025-03-01 19:58:21,STORE_061,Kwekwe_Depot,Soft White,238,RT_026,1.26,238
2025-04-22 23:44:24,STORE_126,Marondera_Depot,Wholegrain Brown,22,RT_040,1.3,22
2025-03-24 07:31:45,STORE_069,Harare_Southerton,High Energy Brown,312,RT_005,1.45,312
2025-04-21 08:56:04,STORE_010,Mutare_Branch,High Energy White,63,RT_013,1.46,63
2025-01-08 14:56:01,STORE_114,Mutare_Branch,Buns 6-Pack,309,RT_027,1.28,309
2025-03-11 10:32:46,STORE_056,Bindura_Depot,Family Loaf,52,RT_023,2.25,52
2025-01-16 12:24:43,STORE_109,Harare_Willowvale,Whole Wheat,222,RT_022,1.48,222
2025-02-06 00:31:01,STORE_125,Harare_Willowvale,High Energy Brown,294,RT_004,1.29,294
2025-02-07 19:20:02,STORE_022,Chitungwiza_Depot,Wholegrain Brown,154,RT_005,1.38,154
2025-01-07 13:14:48,STORE_054,Bindura_Depot,Mini Rolls 6-Pack,257,RT_042,0.93,257
2025-04-15 22:23:06,STORE_044,Chitungwiza_Depot,High Energy Brown,270,RT_036,1.32,270
2025-05-25 13:59:54,STORE_118,Harare_Southerton,Whole Wheat,39,RT_048,1.46,39
2025-03-14 14:01:11,STORE_081,Mutare_Branch,High Energy Brown,127,RT_041,1.47,127
2025-04-16 09:15:04,STORE_034,Chitungwiza_Depot,Sugar2kg,246,RT_006,1.56,246
2025-07-17 22:49:13,STORE_036,Mutare_Branch,Buns 6-Pack,102,RT_035,1.17,102
2025-04-10 01:39:16,STORE_019,Chitungwiza_Depot,Soft White,263,RT_047,1.2,263
2025-07-07 21:11:35,STORE_055,Gweru_Branch,Buns 6-Pack,117,RT_038,1.13,117
2025-01-17 07:42:04,STORE_104,Gweru_Branch,Buns 6-Pack,295,RT_010,1.29,295
2025-03-28 09:29:27,STORE_030,Chitungwiza_Depot,Mini Rolls 6-Pack,239,RT_003,1.01,239
2025-04-03 22:35:12,STORE_027,Masvingo_Branch,High Energy White,235,RT_002,1.24,235
2025-05-14 04:45:20,STORE_086,Kwekwe_Depot,Whole Wheat,84,RT_026,1.39,84
2025-03-22 02:46:23,STORE_003,Harare_Southerton,Buns 6-Pack,51,RT_022,1.15,51
2025-05-01 14:47:11,STORE_044,Bindura_Depot,Mini Rolls 6-Pack,121,RT_040,1.08,121
2025-04-20 15:54:34,STORE_106,Kwekwe_Depot,Whole Wheat,129,RT_002,1.39,129
2025-04-24 21:34:10,STORE_055,Harare_Southerton,Mini Rolls 6-Pack,38,RT_030,1.0,38
2025-04-23 13:29:05,STORE_062,Harare_Willowvale,Family Loaf,233,RT_020,2.33,233
2025-07-10 09:35:55,STORE_028,Harare_Willowvale,Mini Rolls 6-Pack,232,RT_042,1.0,232
2025-07-06 02:09:29,STORE_014,Harare_Willowvale,Seed Loaf,121,RT_045,1.66,121
2025-06-09 09:13:42,STORE_005,Bulawayo_Branch,Whole Wheat,26,RT_021,1.35,26
2025-06-25 05:40:49,STORE_006,Bindura_Depot,High Energy Brown,250,RT_023,1.44,250
2025-02-03 06:01:15,STORE_053,Masvingo_Branch,High Energy Brown,253,RT_043,1.47,253
2025-01-16 02:01:46,STORE_049,Mutare_Branch,High Energy Brown,131,RT_001,1.35,131
2025-03-10 04:35:09,STORE_029,Mutare_Branch,High Energy Brown,179,RT_042,1.27,179
2025-03-07 13:09:29,STORE_007,Kwekwe_Depot,Soft White,168,RT_017,1.16,168
2025-03-27 14:15:50,STORE_105,Chitungwiza_Depot,Whole Wheat,25,RT_010,1.6,25
2025-01-27 21:07:46,STORE_058,Chitungwiza_Depot,Mini Rolls 6-Pack,139,RT_001,1.16,139
2025-05-19 21:58:53,STORE_112,Chitungwiza_Depot,Soft White,47,RT_045,1.4,47
2025-07-21 18:37:24,STORE_120,Marondera_Depot,Buns 6-Pack,190,RT_040,1.11,190
2025-04-14 12:22:22,STORE_094,Bulawayo_Branch,High Energy White,77,RT_035,1.45,77
2025-07-24 06:39:04,STORE_027,Masvingo_Branch,Mini Rolls 6-Pack,219,RT_047,1.08,219
2025-05-10 03:01:40,STORE_079,Bindura_Depot,Mini Rolls 6-Pack,75,RT_028,1.08,75
2025-06-13 16:43:05,STORE_021,Gweru_Branch,Soft White,174,RT_015,1.15,174
2025-04-09 00:44:32,STORE_057,Marondera_Depot,Buns 6-Pack,253,RT_003,1.2,253
2025-01-05 21:55:28,STORE_012,Marondera_Depot,High Energy White,67,RT_009,1.44,67
2025-02-16 00:40:08,STORE_078,Marondera_Depot,Buns 6-Pack,67,RT_019,1.27,67
,STORE_006,Masvingo_Branch,Whole Wheat,70,RT_030,1.43,70
2025-02-12 13:50:21,STORE_083,Chitungwiza_Depot,Whole Wheat,79,RT_040,1.49,79
2025-05-28 02:07:47,STORE_085,Mutare_Branch,High Energy White,167,RT_013,1.44,167
2025-05-01 01:38:24,STORE_016,Masvingo_Branch,Mini Rolls 6-Pack,169,RT_035,1.05,169
2025-02-01 17:20:55,STORE_056,Marondera_Depot,High Energy Brown,417,RT_035,1.45,417
2025-07-07 12:55:05,STORE_114,Mutare_Branch,Seed Loaf,155,RT_015,1.58,155
2025-05-08 22:52:39,STORE_134,Masvingo_Branch,High Energy White,211,RT_042,1.48,211
2025-04-26 14:33:20,STORE_016,Harare_Willowvale,High Energy White,246,RT_001,1.31,246
2025-03-15 01:55:27,STORE_015,Kwekwe_Depot,Mini Rolls 6-Pack,156,RT_023,1.03,156
2025-03-19 22:20:15,STORE_022,Masvingo_Branch,Family Loaf,85,RT_027,2.1,85
2025-03-21 15:28:09,STORE_138,Bulawayo_Branch,Mini Rolls 6-Pack,50,RT_030,1.18,50
2025-03-23 00:26:33,STORE_121,Masvingo_Branch,High Energy Brown,60,RT_034,1.46,60
2025-04-29 13:58:54,STORE_044,Masvingo_Branch,High Energy White,121,RT_040,1.5,121
2025-05-21 18:00:53,STORE_071,Harare_Willowvale,Buns 6-Pack,141,RT_023,1.17,141
2025-04-02 03:40:39,STORE_109,Harare_Southerton,Whole Wheat,92,RT_011,1.42,92
2025-01-31 21:04:27,STORE_063,Harare_Willowvale,High Energy Brown,32,RT_036,1.41,32
2025-05-25 14:16:47,STORE_132,Masvingo_Branch,Seed Loaf,69,RT_035,1.52,69
2025-04-27 09:49:31,STORE_073,Chitungwiza_Depot,Seed Loaf,31,RT_020,1.43,31
2025-02-13 20:38:34,STORE_120,Chitungwiza_Depot,Seed Loaf,86,RT_034,1.42,86
2025-03-28 14:27:06,STORE_061,Bindura_Depot,Whole Wheat,124,RT_009,1.56,124
2025-01-30 04:36:29,STORE_052,Bulawayo_Branch,Mini Rolls 6-Pack,179,RT_035,1.11,179
2025-01-07 01:18:56,STORE_035,Bulawayo_Branch,Sugar2kg,148,RT_013,1.57,148
2025-04-30 16:04:20,STORE_112,Mutare_Branch,High Energy White,71,RT_002,1.39,71
2025-07-30 16:18:08,STORE_033,Bindura_Depot,Mini Rolls 6-Pack,187,RT_044,0.97,187
2025-03-06 14:37:46,STORE_124,Bindura_Depot,Buns 6-Pack,290,RT_038,1.16,290
2025-01-26 05:35:39,STORE_046,Marondera_Depot,Whole Wheat,288,RT_026,1.4,288
2025-04-06 23:20:05,STORE_115,Chitungwiza_Depot,High Energy White,135,RT_001,1.41,135
2025-05-11 21:55:29,STORE_094,Mutare_Branch,Mini Rolls 6-Pack,228,RT_032,0.95,228
2025-03-25 06:51:58,STORE_059,Gweru_Branch,Mini Rolls 6-Pack,45,RT_042,0.94,45
2025-04-03 17:39:29,STORE_017,Marondera_Depot,Whole Wheat,168,RT_049,1.48,168
2025-06-15 16:05:54,STORE_068,Mutare_Branch,Mini Rolls 6-Pack,278,RT_039,0.91,278
2025-02-05 22:21:30,STORE_083,Bulawayo_Branch,Seed Loaf,210,RT_034,1.44,210
2025-01-04 18:55:59,STORE_023,Marondera_Depot,High Energy Brown,46,RT_032,1.26,46
2025-05-29 23:47:54,STORE_088,Bulawayo_Branch,Mini Rolls 6-Pack,317,RT_048,1.05,317
2025-04-12 13:22:13,STORE_024,Marondera_Depot,Soft White,249,RT_007,1.17,249
2025-03-07 09:32:32,STORE_050,Gweru_Branch,Seed Loaf,252,RT_021,1.46,252
2025-01-07 19:57:26,STORE_086,Bulawayo_Branch,Soft White,4,RT_039,1.12,4
2025-03-28 23:26:22,STORE_012,Gweru_Branch,Mini Rolls 6-Pack,55,RT_029,0.95,55
2025-03-17 09:13:51,STORE_048,Gweru_Branch,Soft White,97,RT_003,1.35,97
2025-01-25 21:50:59,STORE_017,Masvingo_Branch,Mini Rolls 6-Pack,225,RT_048,0.92,225
2025-05-28 01:18:35,STORE_077,Bulawayo_Branch,Wholegrain Brown,73,RT_011,1.59,73
2025-04-21 02:27:20,STORE_017,Kwekwe_Depot,Mini Rolls 6-Pack,270,RT_016,1.07,270
2025-03-01 09:47:49,STORE_011,Marondera_Depot,Whole Wheat,37,RT_003,1.45,37
2025-06-05 15:59:23,STORE_007,Marondera_Depot,Mini Rolls 6-Pack,77,RT_018,1.15,77
2025-05-02 19:34:01,STORE_010,Marondera_Depot,High Energy White,104,RT_031,1.46,104
2025-03-05 04:31:41,STORE_075,Kwekwe_Depot,Seed Loaf,93,RT_014,1.61,93
2025-03-25 13:11:48,STORE_115,Bulawayo_Branch,Wholegrain Brown,176,RT_039,1.55,176
2025-05-29 12:32:57,STORE_124,Chitungwiza_Depot,Whole Wheat,279,RT_040,1.37,279
2025-01-23 07:04:12,STORE_101,Harare_Willowvale,Wholegrain Brown,582,RT_009,1.41,582
2025-06-12 21:09:49,STORE_101,Bindura_Depot,Mini Rolls 6-Pack,159,RT_001,0.91,159
2025-02-15 19:24:34,STORE_113,Masvingo_Branch,High Energy White,156,RT_031,1.47,156
2025-03-22 19:17:20,STORE_002,Bulawayo_Branch,High Energy Brown,131,RT_044,1.43,131
2025-07-17 12:38:38,STORE_111,Bindura_Depot,Buns 6-Pack,160,RT_022,1.11,160
2025-05-05 09:04:49,STORE_016,Masvingo_Branch,Mini Rolls 6-Pack,87,RT_035,0.96,87
2025-06-21 09:26:09,STORE_122,Bindura_Depot,Soft White,256,RT_037,1.21,256
2025-07-14 13:42:30,STORE_032,Harare_Willowvale,High Energy White,229,RT_013,1.41,229
2025-03-06 15:16:21,STORE_127,Masvingo_Branch,Wholegrain Brown,201,RT_008,1.31,201
2025-06-17 00:57:25,STORE_048,Kwekwe_Depot,Mini Rolls 6-Pack,291,RT_025,0.98,291
2025-01-27 01:00:56,STORE_068,Harare_Willowvale,Wholegrain Brown,279,RT_047,1.45,279
2025-03-24 12:01:20,STORE_020,Mutare_Branch,Soft White,19,RT_012,1.39,19
2025-06-24 05:17:42,STORE_020,Mutare_Branch,High Energy White,43,RT_019,1.41,43
2025-05-06 11:54:12,STORE_092,Mutare_Branch,High Energy White,70,RT_004,1.26,70
2025-05-09 09:06:29,STORE_098,Gweru_Branch,Buns 6-Pack,234,RT_045,1.26,234
2025-05-27 19:42:08,STORE_067,Masvingo_Branch,High Energy Brown,221,RT_013,1.49,221
2025-03-02 00:29:33,STORE_133,Masvingo_Branch,Seed Loaf,269,RT_044,1.69,269
2025-05-03 20:56:36,STORE_090,Mutare_Branch,Wholegrain Brown,261,RT_014,1.46,261
2025-02-20 17:30:30,STORE_032,Kwekwe_Depot,Mini Rolls 6-Pack,270,RT_046,1.0,270
2025-06-20 15:10:47,STORE_027,Mutare_Branch,Whole Wheat,102,RT_024,1.4,102
2025-05-23 08:40:59,STORE_120,Kwekwe_Depot,High Energy Brown,310,RT_027,1.31,310
2025-07-06 05:31:39,STORE_016,Mutare_Branch,Wholegrain Brown,206,RT_023,1.55,206
2025-05-31 22:05:22,STORE_054,Masvingo_Branch,High Energy White,273,RT_037,1.33,273
2025-02-09 08:50:47,STORE_027,Gweru_Branch,Mini Rolls 6-Pack,210,RT_013,1.13,210
2025-05-11 21:49:12,STORE_046,Bindura_Depot,High Energy White,266,RT_027,1.49,266
2025-05-31 21:48:50,STORE_093,Gweru_Branch,High Energy Brown,264,RT_022,1.27,264
2025-07-02 05:52:20,STORE_063,Chitungwiza_Depot,Whole Wheat,132,RT_048,1.53,132
2025-06-11 11:37:55,STORE_006,Masvingo_Branch,High Energy White,58,RT_043,1.26,58
2025-02-21 04:34:48,STORE_093,Kwekwe_Depot,Whole Wheat,12,RT_011,1.47,12
2025-06-05 17:33:20,STORE_066,Kwekwe_Depot,Soft White,108,RT_013,1.33,108
2025-07-22 16:04:18,STORE_038,Masvingo_Branch,High Energy Brown,38,RT_047,1.24,38
2025-04-20 04:29:12,STORE_011,Bulawayo_Branch,Buns 6-Pack,34,RT_024,1.26,34
2025-06-05 14:39:36,STORE_120,Chitungwiza_Depot,High Energy Brown,269,RT_044,1.39,269
2025-07-14 04:47:54,STORE_107,Masvingo_Branch,Wholegrain Brown,199,RT_039,1.56,199
2025-07-05 19:57:42,STORE_053,Bulawayo_Branch,Family Loaf,27,RT_030,2.35,27
2025-02-21 11:22:01,STORE_012,Harare_Willowvale,Wholegrain Brown,168,RT_018,1.31,168
2025-05-13 15:11:38,STORE_097,Mutare_Branch,Mini Rolls 6-Pack,318,RT_009,1.01,318
2025-01-03 01:43:02,STORE_086,Chitungwiza_Depot,Soft White,81,RT_035,1.34,81
2025-05-17 07:04:00,STORE_114,Harare_Willowvale,Wholegrain Brown,286,RT_007,1.49,286
2025-06-06 18:10:17,STORE_075,Bindura_Depot,High Energy Brown,218,RT_026,1.23,218
2025-01-26 07:52:50,STORE_044,Masvingo_Branch,Soft White,282,RT_040,1.2,282
2025-01-09 15:36:59,STORE_038,Masvingo_Branch,Soft White,32,RT_042,1.16,32
2025-03-20 00:00:00,STORE_063,Harare_Southerton,Family Loaf,25,RT_039,2.12,25
2025-05-11 21:30:11,STORE_136,Harare_Willowvale,Seed Loaf,132,RT_036,1.49,132
2025-03-14 18:26:46,STORE_007,Bindura_Depot,Buns 6-Pack,252,RT_028,1.19,252
2025-06-07 05:49:35,STORE_018,Kwekwe_Depot,Wholegrain Brown,271,RT_014,1.5,271
2025-07-05 09:58:22,STORE_105,Chitungwiza_Depot,Mini Rolls 6-Pack,57,RT_036,1.15,57
2025-01-19 17:58:08,STORE_031,Harare_Willowvale,Family Loaf,19,RT_041,2.35,19
2025-07-30 15:33:07,STORE_078,Harare_Willowvale,Soft White,108,RT_045,1.24,108
2025-01-24 12:22:02,STORE_094,Marondera_Depot,Buns 6-Pack,172,RT_013,1.24,172
2025-06-27 18:31:28,STORE_081,Kwekwe_Depot,High Energy White,31,RT_020,1.41,31
2025-01-24 11:57:25,STORE_029,Harare_Southerton,High Energy White,63,RT_027,1.4,63
2025-05-25 19:27:41,STORE_020,Chitungwiza_Depot,Milk1L,32,RT_015,2.26,32
2025-04-30 01:27:26,STORE_136,Marondera_Depot,Mini Rolls 6-Pack,91,RT_028,1.04,91
2025-03-23 05:15:59,STORE_074,Mutare_Branch,Wholegrain Brown,224,RT_034,1.56,224
2025-06-26 06:49:25,STORE_043,Marondera_Depot,Seed Lof,275,RT_013,1.46,275
2025-02-08 04:58:26,STORE_122,Harare_Willowvale,High Energy Brown,80,RT_046,1.24,80
2025-05-25 17:48:23,STORE_111,Bindura_Depot,High Energy Brown,45,RT_020,1.31,45
2025-07-06 14:25:01,STORE_010,Harare_Southerton,Family Loaf,281,RT_014,2.11,281
2025-02-20 21:07:34,STORE_127,Chitungwiza_Depot,High Energy White,63,RT_004,1.24,63
2025-03-04 12:31:22,STORE_091,Bulawayo_Branch,Buns 6-Pack,264,RT_036,1.17,264
2025-02-01 03:33:27,STORE_001,Chitungwiza_Depot,Soft White,109,RT_012,1.26,109
2025-06-09 12:18:42,STORE_009,Harare_Willowvale,High Energy White,206,RT_017,1.48,206
2025-05-31 06:05:29,STORE_103,Harare_Southerton,Wholegrain Brown,56,RT_036,1.55,56
2025-02-06 04:09:14,STORE_097,Harare_Willowvale,High Energy White,74,RT_045,1.25,74
2025-04-23 20:36:41,STORE_028,Marondera_Depot,Family Loaf,190,RT_049,2.34,190
2025-03-19 12:42:21,STORE_118,Kwekwe_Depot,WholeWheat,306,RT_003,1.57,306
2025-05-10 14:05:55,STORE_118,Gweru_Branch,Mini Rolls 6-Pack,266,RT_020,1.13,266
2025-01-17 18:12:27,STORE_091,Harare_Willowvale,Seed Loaf,251,RT_017,1.42,251
2025-06-16 23:11:47,STORE_129,Mutare_Branch,Buns 6-Pack,60,RT_020,1.11,60
2025-05-12 22:59:07,STORE_116,Masvingo_Branch,Whole Wheat,271,RT_048,1.62,271
2025-07-30 07:50:10,STORE_041,Kwekwe_Depot,High Energy White,291,RT_033,1.27,291
2025-06-08 11:18:36,STORE_073,Chitungwiza_Depot,High Energy White,30,RT_016,1.32,30
2025-04-14 20:23:38,STORE_035,Chitungwiza_Depot,Family Loaf,151,RT_045,2.21,151
2025-02-03 11:18:32,STORE_102,Bulawayo_Branch,Seed Loaf,3,RT_028,1.61,3
2025-05-04 05:59:24,STORE_008,Mutare_Branch,Buns 6-Pack,65,RT_029,1.13,65
2025-07-13 17:50:52,STORE_060,Bindura_Depot,Family Loaf,24,RT_001,2.34,24
2025-03-13 18:24:06,STORE_050,Masvingo_Branch,High Energy White,189,RT_003,1.27,189
2025-06-14 01:28:18,STORE_087,Bindura_Depot,High Energy White,258,RT_005,1.27,258
2025-06-14 16:42:28,STORE_078,Gweru_Branch,Whole Wheat,56,RT_012,1.59,56
2025-03-08 13:18:03,STORE_129,Kwekwe_Depot,High Energy White,225,RT_028,1.35,225
2025-06-14 02:24:40,STORE_103,Bindura_Depot,High Energy White,64,RT_028,1.44,64
2025-03-22 11:35:57,STORE_041,Mutare_Branch,High Energy White,304,RT_011,1.26,304
2025-02-06 05:00:11,STORE_110,Bulawayo_Branch,High Energy Brown,127,RT_029,1.39,127
2025-04-23 06:38:56,STORE_040,Kwekwe_Depot,Mini Rolls 6-Pack,112,RT_032,0.92,112
2025-02-09 21:49:56,STORE_020,Mutare_Branch,Buns 6-Pack,121,RT_015,1.21,121
2025-07-20 20:08:14,STORE_061,Marondera_Depot,Whole Wheat,142,RT_010,1.38,142
2025-01-28 23:20:26,STORE_092,Chitungwiza_Depot,Family Loaf,307,RT_028,2.28,307
2025-02-16 09:09:34,STORE_105,Gweru_Branch,High Energy White,307,RT_006,1.45,307
2025-03-24 12:22:23,STORE_113,Harare_Willowvale,High Energy Brown,284,RT_022,1.37,284
2025-06-16 15:07:16,STORE_042,Mutare_Branch,Buns 6-Pack,72,RT_041,1.16,72
2025-01-28 07:55:31,STORE_098,Harare_Willowvale,Family Loaf,46,RT_037,2.12,46
2025-01-05 14:10:05,STORE_117,Kwekwe_Depot,High Energy Brown,186,RT_014,1.28,186
2025-03-21 06:15:20,STORE_019,Harare_Southerton,High Energy Brown,61,RT_008,1.35,61
2025-01-11 13:46:45,STORE_069,Gweru_Branch,Whole Wheat,310,RT_038,1.36,310
2025-06-03 07:21:36,STORE_036,Mutare_Branch,Whole Wheat,177,RT_048,1.62,177
2025-04-10 22:20:12,STORE_050,Bulawayo_Branch,Seed Loaf,163,RT_024,1.48,163
2025-02-14 23:47:19,STORE_029,Chitungwiza_Depot,Wholegrain Brown,29,RT_030,1.46,29
2025-07-21 04:52:48,STORE_003,Harare_Willowvale,Whole Wheat,131,RT_047,1.35,131
2025-02-22 01:42:45,STORE_027,Bindura_Depot,High Energy White,60,RT_013,1.36,60
2025-01-07 12:09:27,STORE_135,Marondera_Depot,High Energy Brown,247,RT_009,1.48,247
2025-05-30 20:52:29,STORE_074,Bindura_Depot,High Energy White,252,RT_035,1.28,252
2025-06-20 23:08:13,STORE_017,Gweru_Branch,Mini Rolls 6-Pack,147,RT_033,1.15,147
2025-01-07 03:28:21,STORE_086,Harare_Willowvale,Family Loaf,20,RT_033,2.33,20
2025-07-29 21:35:13,STORE_028,Harare_Southerton,Buns 6-Pack,126,RT_025,1.29,126
2025-02-18 08:03:33,STORE_043,Harare_Southerton,Seed Loaf,182,RT_014,1.5,182
2025-05-13 22:56:35,STORE_069,Bindura_Depot,High Energy Brown,136,RT_041,1.42,136
2025-05-22 14:56:41,STORE_057,Harare_Willowvale,Seed Loaf,263,RT_009,1.48,263
2025-04-22 22:54:51,STORE_022,Gweru_Branch,Buns 6-Pack,93,RT_030,1.06,93
2025-05-12 10:39:42,STORE_122,Gweru_Branch,Mini Rolls 6-Pack,216,RT_027,1.05,216
2025-06-25 17:28:34,STORE_081,Mutare_Branch,Soft White,233,RT_016,1.31,233
2025-06-11 16:20:23,STORE_085,Mutare_Branch,Mini Rolls 6-Pack,257,RT_046,1.08,257
2025-07-18 06:03:07,STORE_123,Kwekwe_Depot,Family Loaf,111,RT_002,2.1,111
2025-01-21 17:56:42,STORE_029,Bindura_Depot,Family Loaf,208,RT_026,2.22,208
2025-04-15 02:11:27,STORE_123,Marondera_Depot,Soft White,264,RT_016,1.15,264
2025-03-22 12:26:19,STORE_089,Chitungwiza_Depot,Family Loaf,184,RT_039,2.17,184
2025-07-25 02:39:29,STORE_099,Harare_Willowvale,High Energy White,40,RT_035,1.33,40
2025-07-24 13:58:40,STORE_036,Mutare_Branch,High Energy Brown,196,RT_001,1.27,196
2025-01-15 10:52:29,STORE_100,Marondera_Depot,High Energy Brown,267,RT_024,1.34,267
2025-03-04 04:08:24,STORE_008,Masvingo_Branch,Mini Rolls 6-Pack,198,RT_002,1.01,198
2025-01-10 21:44:20,STORE_030,Kwekwe_Depot,Wholegrain Brown,216,RT_046,1.58,216
2025-05-17 17:22:16,STORE_004,Kwekwe_Depot,Buns 6-Pack,22,RT_038,1.09,22
2025-06-23 03:04:11,STORE_019,Marondera_Depot,Buns 6-Pack,46,RT_025,1.13,46
2025-07-04 09:30:36,STORE_058,Bulawayo_Branch,Family Loaf,116,RT_013,2.2,116
2025-01-26 11:58:12,STORE_011,Mutare_Branch,Soft White,129,RT_028,1.23,129
2025-01-04 14:30:16,STORE_023,Mutare_Branch,Seed Loaf,314,RT_017,1.65,314
2025-02-19 08:33:43,STORE_080,Bulawayo_Branch,Seed Loaf,71,RT_014,1.48,71
2025-02-10 21:01:14,STORE_017,Chitungwiza_Depot,Seed Loaf,49,RT_043,1.66,49
2025-04-15 19:35:48,STORE_005,Marondera_Depot,Whole Wheat,25,RT_012,1.65,25
2025-02-07 13:45:19,STORE_085,Harare_Willowvale,High Energy White,8,RT_005,1.43,8
2025-07-12 03:52:32,STORE_133,Masvingo_Branch,Soft White,209,RT_002,1.37,209
2025-05-03 12:05:40,STORE_057,Marondera_Depot,Seed Loaf,316,RT_010,1.51,316
2025-07-30 00:00:41,STORE_004,Mutare_Branch,Family Loaf,196,RT_042,2.22,196
2025-07-03 18:19:10,STORE_129,Masvingo_Branch,High Energy White,67,RT_039,1.35,67
2025-04-20 00:50:26,STORE_137,Bindura_Depot,High Energy White,19,RT_045,1.4,19
2025-06-23 17:24:06,STORE_108,Harare_Willowvale,High Energy White,244,RT_004,1.23,244
2025-03-23 13:11:40,STORE_050,Marondera_Depot,Whole Wheat,300,RT_009,1.41,300
2025-02-16 16:18:43,STORE_126,Masvingo_Branch,Whole Wheat,92,RT_036,1.57,92
2025-03-02 15:05:31,STORE_080,Bindura_Depot,High Energy Brown,32,RT_007,1.41,32
2025-03-12 16:31:51,STORE_073,Gweru_Branch,Seed Loaf,253,RT_011,1.45,253
2025-05-12 09:54:51,STORE_061,Bindura_Depot,SeedLoaf,315,RT_014,1.7,315
2025-06-19 12:48:29,STORE_064,Masvingo_Branch,High Energy Brown,257,RT_026,1.3,257
2025-01-05 12:31:59,STORE_060,Harare_Southerton,Seed Loaf,296,RT_030,1.46,296
2025-01-10 07:38:33,STORE_103,Gweru_Branch,Buns 6-Pack,32,RT_019,1.06,32
2025-05-17 09:05:01,STORE_032,Marondera_Depot,Family Loaf,87,RT_019,2.23,87
2025-02-15 09:10:46,STORE_101,Harare_Southerton,Whole grain Brown,22,RT_017,1.47,22
2025-04-27 07:40:01,STORE_026,Mutare_Branch,Wholegrain Brown,15,RT_020,1.5,15
2025-01-29 13:44:25,STORE_071,Marondera_Depot,Soft White,216,RT_042,1.17,216
2025-06-14 07:30:46,STORE_020,Mutare_Branch,Seed Loaf,197,RT_002,1.63,197
2025-06-21 23:07:41,STORE_046,Marondera_Depot,High Energy White,228,RT_027,1.36,228
2025-06-09 04:26:46,STORE_036,Bindura_Depot,Wholegrain Brown,300,RT_025,1.55,300
2025-01-08 06:25:01,STORE_125,Mutare_Branch,Wholegrain Brown,31,RT_049,1.42,31
2025-06-08 17:58:41,STORE_038,Gweru_Branch,Whole Wheat,150,RT_016,1.51,150
2025-02-17 02:58:15,STORE_093,Mutare_Branch,Mini Rolls 6-Pack,306,RT_028,1.15,306
2025-04-02 16:21:15,STORE_065,Kwekwe_Depot,Mini Rolls 6-Pack,111,RT_041,1.06,111
2025-01-02 09:00:34,STORE_038,Masvingo_Branch,Whole Wheat,138,RT_038,1.39,138
2025-07-17 06:54:25,STORE_058,Bindura_Depot,Mini Rolls 6-Pack,210,RT_026,1.12,210
2025-02-21 03:47:27,STORE_032,Bindura_Depot,Family Loaf,199,RT_021,2.29,199
2025-07-17 08:17:48,STORE_055,Kwekwe_Depot,Soft White,166,RT_023,1.24,166
2025-01-07 00:21:16,STORE_077,Masvingo_Branch,Mini Rolls 6-Pack,30,RT_036,1.17,30
2025-06-25 04:22:43,STORE_100,Mutare_Branch,Whole Wheat,115,RT_019,1.54,115
2025-07-08 11:56:11,STORE_133,Bindura_Depot,Mini Rolls 6-Pack,22,RT_030,1.14,22
2025-07-15 15:32:41,STORE_126,Masvingo_Branch,High Energy Brown,277,RT_015,1.24,277
2025-02-16 00:13:40,STORE_021,Mutare_Branch,Wholegrain Brown,136,RT_022,1.59,136
2025-06-15 17:55:39,STORE_104,Bulawayo_Branch,Buns 6-Pack,212,RT_008,1.02,212
2025-05-20 14:59:10,STORE_089,Bindura_Depot,Family Loaf,229,RT_010,2.29,229
2025-03-12 00:00:00,STORE_042,Kwekwe_Depot,High Energy White,98,RT_018,1.33,98
2025-01-06 04:42:14,STORE_078,Harare_Willowvale,Wholegrain Brown,46,RT_005,1.54,46
2025-07-22 22:05:27,STORE_042,Gweru_Branch,Seed Loaf,112,RT_005,1.7,112
2025-02-01 20:23:41,STORE_050,Masvingo_Branch,Buns 6-Pack,140,RT_031,1.21,140
2025-03-10 09:09:47,STORE_006,Harare_Southerton,Buns 6-Pack,227,RT_007,1.18,227
2025-04-27 02:48:37,STORE_060,Bulawayo_Branch,Buns 6-Pack,290,RT_039,1.22,290
2025-06-12 16:06:19,STORE_071,Harare_Southerton,Family Loaf,89,RT_047,2.25,89
2025-04-22 12:28:57,STORE_108,Bindura_Depot,Seed Loaf,32,RT_026,1.68,32
2025-04-09 01:32:41,STORE_085,Harare_Southerton,Family Loaf,176,RT_002,2.1,176
2025-03-24 17:45:03,STORE_020,Kwekwe_Depot,Seed Loaf,76,RT_010,1.48,76
2025-07-09 19:04:15,STORE_074,Marondera_Depot,Whole Wheat,60,RT_036,1.42,60
2025-05-27 02:24:21,STORE_012,Masvingo_Branch,High Energy Brown,179,RT_035,1.4,179
2025-07-22 14:24:44,STORE_024,Chitungwiza_Depot,Wholegrain Brown,44,RT_009,1.5,44
2025-06-13 15:38:02,STORE_084,Harare_Southerton,Wholegrain Brown,319,RT_028,1.58,319
2025-06-11 05:55:30,STORE_013,Bindura_Depot,Buns 6-Pack,193,RT_042,1.15,193
2025-04-03 03:57:04,STORE_079,Bindura_Depot,Wholegrain Brown,128,RT_015,1.43,128
2025-07-29 11:58:19,STORE_047,Harare_Willowvale,Whole Wheat,222,RT_005,1.46,222
2025-04-11 08:10:41,STORE_121,Bindura_Depot,High Energy Brown,169,RT_001,1.21,169
2025-01-10 01:27:57,STORE_127,Harare_Southerton,High Energy White,292,RT_010,1.29,292
2025-03-07 20:08:25,STORE_091,Masvingo_Branch,Soft White,135,RT_031,1.24,135
2025-06-26 14:37:07,STORE_027,Gweru_Branch,Buns 6-Pack,254,RT_003,1.23,254
2025-01-15 23:18:40,STORE_097,Kwekwe_Depot,High Energy White,97,RT_017,1.21,97
2025-04-23 04:36:14,STORE_093,Chitungwiza_Depot,Whole Wheat,202,RT_037,1.53,202
2025-03-12 00:00:00,STORE_043,Bulawayo_Branch,Whole Wheat,295,RT_048,1.46,295
2025-03-19 12:52:24,STORE_049,Gweru_Branch,Family Loaf,115,RT_001,2.37,115
2025-04-22 09:46:29,STORE_028,Mutare_Branch,Family Loaf,92,RT_049,2.36,92
2025-05-18 13:23:53,STORE_040,Harare_Willowvale,Whole Wheat,20,RT_042,1.57,20
2025-03-22 13:55:11,STORE_088,Gweru_Branch,Seed Loaf,9,RT_047,1.64,9
2025-07-09 01:48:35,STORE_056,Bulawayo_Branch,Whole Wheat,271,RT_040,1.37,271
2025-04-21 15:16:55,STORE_107,Harare_Southerton,Buns 6-Pack,60,RT_015,1.21,60
2025-02-02 18:40:03,STORE_042,Marondera_Depot,Whole Wheat,51,RT_010,1.45,51
2025-03-30 06:42:19,STORE_128,Harare_Willowvale,High Energy Brown,262,RT_041,1.47,262
2025-02-22 05:37:50,STORE_100,Bulawayo_Branch,Mini Rolls 6-Pack,295,RT_036,0.93,295
2025-01-06 06:15:29,STORE_050,Mutare_Branch,High Energy White,66,RT_040,1.23,66
2025-05-17 21:01:12,STORE_131,,High Energy White,143,RT_037,1.48,143
2025-01-11 05:13:36,STORE_044,Bulawayo_Branch,Whole Wheat,116,RT_013,1.55,116
2025-05-14 02:56:40,STORE_047,Masvingo_Branch,Family Loaf,266,RT_013,2.26,266
2025-06-26 07:00:30,STORE_013,Masvingo_Branch,Whole Wheat,40,RT_036,1.48,40
2025-04-16 15:26:33,STORE_006,Harare_Southerton,Soft White,149,RT_024,1.19,149
2025-02-04 17:24:24,STORE_125,Kwekwe_Depot,High Energy White,268,RT_001,1.29,268
2025-03-20 00:00:00,STORE_135,Chitungwiza_Depot,Seed Loaf,19,RT_034,1.62,19
2025-05-10 12:18:13,STORE_084,Mutare_Branch,Soft White,166,RT_003,1.2,166
2025-03-18 00:27:36,STORE_084,Bulawayo_Branch,High Energy White,133,RT_012,1.43,133
2025-03-01 17:20:25,STORE_115,Chitungwiza_Depot,High Energy Brown,112,RT_011,1.49,112
2025-05-02 23:27:12,STORE_006,Bulawayo_Branch,Whole Wheat,136,RT_009,1.4,136
2025-01-30 20:01:37,STORE_026,Kwekwe_Depot,High Energy White,131,RT_016,1.42,131
2025-03-13 05:09:01,STORE_138,Masvingo_Branch,Buns 6-Pack,174,RT_017,1.28,174
2025-02-15 15:52:03,STORE_052,Marondera_Depot,Buns 6-Pack,201,RT_042,1.15,201
2025-02-14 07:12:53,STORE_018,Chitungwiza_Depot,Family Loaf,104,RT_031,2.27,104
2025-03-09 09:12:14,STORE_086,Kwekwe_Depot,SoftWhite,97,RT_020,1.22,97
2025-02-08 08:28:43,STORE_126,Masvingo_Branch,Seed Loaf,277,RT_029,1.53,277
2025-01-07 03:43:51,STORE_087,Bindura_Depot,Buns 6-Pack,123,RT_011,1.19,123
2025-03-31 00:20:40,STORE_056,Gweru_Branch,High Energy Brown,251,RT_039,1.5,251
2025-01-18 19:40:05,STORE_094,Chitungwiza_Depot,Family Loaf,75,RT_030,2.15,75
2025-06-12 04:22:18,STORE_136,Gweru_Branch,Seed Loaf,4,RT_004,1.57,4
2025-07-07 11:45:29,STORE_016,Masvingo_Branch,Whole Wheat,27,RT_012,1.4,27
2025-03-25 09:13:45,STORE_070,Kwekwe_Depot,High Energy Brown,184,RT_002,1.47,184
2025-01-12 23:20:16,STORE_008,Marondera_Depot,High Energy White,97,RT_015,1.49,97
2025-02-03 18:09:45,STORE_069,Bindura_Depot,Whole Wheat,17,RT_011,1.51,17
2025-06-11 11:47:01,STORE_088,Bindura_Depot,Soft White,90,RT_047,1.33,90
2025-03-05 17:58:26,STORE_057,Gweru_Branch,Mini Rolls 6-Pack,17,RT_035,0.91,17
2025-06-17 20:32:16,STORE_032,Chitungwiza_Depot,High Energy White,215,RT_047,1.48,215
2025-01-18 16:32:42,STORE_067,Marondera_Depot,Soft White,144,RT_048,1.37,144
2025-02-01 00:55:19,STORE_126,Kwekwe_Depot,Whole Wheat,14,RT_029,1.43,14
2025-02-21 06:31:39,STORE_112,Harare_Southerton,High Energy White,35,RT_008,1.45,35
2025-04-19 23:55:27,STORE_042,Bindura_Depot,SoapBar,161,RT_035,1.7,161
2025-05-01 17:38:24,STORE_002,Chitungwiza_Depot,High Energy White,130,RT_048,1.36,130
2025-02-02 23:13:31,STORE_058,Gweru_Branch,High Energy Brown,266,RT_035,1.49,266
2025-05-20 22:31:33,STORE_106,Harare_Southerton,High Energy Brown,11,RT_034,1.45,11
2025-05-29 15:15:00,STORE_097,Harare_Southerton,Family Loaf,125,RT_002,2.26,125
2025-03-10 20:44:12,STORE_005,Harare_Southerton,Family Loaf,254,RT_046,2.27,254
2025-07-24 04:35:15,STORE_015,Gweru_Branch,High Energy White,317,RT_022,1.47,317
2025-01-27 21:28:49,STORE_044,Harare_Willowvale,Buns 6-Pack,293,RT_048,1.27,293
2025-01-23 23:26:36,STORE_004,Mutare_Branch,Buns 6-Pack,6,RT_034,1.21,6
2025-06-05 20:52:29,STORE_014,Gweru_Branch,High Energy White,149,RT_040,1.27,149
2025-03-13 14:10:30,STORE_086,Kwekwe_Depot,Wholegrain Brown,270,RT_032,1.35,270
2025-06-09 03:08:07,STORE_068,Mutare_Branch,Mini Rolls 6-Pack,22,RT_028,1.08,22
2025-02-06 23:42:21,STORE_107,Kwekwe_Depot,Family Loaf,72,RT_019,2.12,72
2025-04-15 21:55:07,STORE_075,Marondera_Depot,Family Loaf,28,RT_010,2.31,28
2025-03-29 10:18:45,STORE_065,Gweru_Branch,Mini Rolls 6-Pack,12,RT_029,1.05,12
2025-06-17 23:10:53,STORE_073,Bindura_Depot,High Energy White,136,RT_047,1.32,136
2025-04-26 02:28:49,STORE_006,Marondera_Depot,High Energy Brown,11,RT_046,1.29,11
2025-07-16 11:37:37,STORE_049,Gweru_Branch,Seed Loaf,56,RT_016,1.48,56
2025-03-24 17:22:13,STORE_044,Bulawayo_Branch,High Energy Brown,306,RT_015,1.21,306
2025-05-15 23:40:07,STORE_138,Marondera_Depot,Buns 6-Pack,179,RT_009,1.15,179
2025-01-02 11:21:59,STORE_053,Mutare_Branch,Seed Loaf,171,RT_048,1.56,171
2025-02-07 04:02:49,STORE_025,Harare_Willowvale,Soft White,136,RT_022,1.32,136
2025-03-15 10:55:02,STORE_104,Marondera_Depot,Soft White,129,RT_017,1.36,129
2025-07-30 11:57:50,STORE_133,Bindura_Depot,HighEnergyWhite,209,RT_024,,209
2025-01-03 08:36:51,STORE_120,Marondera_Depot,Seed Loaf,83,RT_034,1.54,83
2025-05-02 08:56:01,STORE_101,Chitungwiza_Depot,Soft White,311,RT_004,1.16,311
2025-01-18 08:26:03,STORE_116,Bindura_Depot,Buns 6-Pack,317,RT_039,1.07,317
2025-01-20 20:49:08,STORE_058,Mutare_Branch,High Energy Brown,6,RT_024,1.39,6
2025-05-04 16:36:02,STORE_090,Marondera_Depot,Family Loaf,252,RT_008,2.37,252
2025-04-20 02:54:42,STORE_113,Kwekwe_Depot,High Energy White,295,RT_040,1.36,295
2025-05-25 17:54:40,STORE_033,Kwekwe_Depot,High Energy Brown,106,RT_038,1.26,106
2025-07-12 03:02:29,STORE_128,Mutare_Branch,Whole Wheat,140,,1.49,140
2025-04-29 11:06:33,STORE_014,Masvingo_Branch,High Energy White,141,RT_043,1.44,141
2025-02-22 12:24:14,STORE_010,Kwekwe_Depot,Buns 6-Pack,105,RT_005,1.16,105
2025-05-21 00:38:54,STORE_107,Bindura_Depot,Whole Wheat,282,RT_025,1.55,282
2025-07-14 03:01:08,STORE_117,Bindura_Depot,Soft White,244,RT_045,1.29,244
2025-04-08 16:17:49,STORE_115,Bulawayo_Branch,High Energy Brown,18,RT_018,1.3,18
2025-03-23 01:09:47,STORE_103,Chitungwiza_Depot,Family Loaf,34,RT_042,2.24,34
2025-07-20 11:32:40,STORE_081,Kwekwe_Depot,Wholegrain Brown,269,RT_040,1.32,269
2025-01-18 03:26:17,STORE_002,Chitungwiza_Depot,Seed Loaf,103,RT_049,1.5,103
2025-07-08 18:45:14,STORE_017,Gweru_Branch,Soft White,271,RT_040,1.38,271
2025-07-01 03:01:50,STORE_005,Harare_Willowvale,High Energy Brown,201,RT_019,1.42,201
2025-07-14 17:17:34,STORE_048,Kwekwe_Depot,Family Loaf,17,RT_028,2.17,17
2025-07-20 21:05:04,STORE_038,Bulawayo_Branch,High Energy Brown,270,RT_042,1.38,270
2025-12-05 00:00:00,STORE_085,Gweru_Branch,Whole Wheat,34,RT_002,1.63,34
2025-04-30 08:33:10,STORE_105,Chitungwiza_Depot,Family Loaf,203,RT_018,2.29,203
2025-04-29 16:58:19,STORE_024,Bindura_Depot,Wholegrain Brown,124,RT_026,1.57,124
2025-03-02 07:22:38,STORE_095,Harare_Southerton,High Energy Brown,131,RT_033,1.26,131
2025-07-27 05:20:21,STORE_075,Marondera_Depot,Buns 6-Pack,86,RT_019,1.23,86
2025-06-13 07:39:22,STORE_048,Chitungwiza_Depot,Buns 6-Pack,128,RT_025,1.06,128
2025-01-28 12:46:12,STORE_083,Masvingo_Branch,Mini Rolls 6-Pack,39,RT_039,0.91,39
2025-02-01 03:34:36,STORE_112,Gweru_Branch,Family Loaf,223,RT_010,2.14,223
2025-01-25 04:36:52,STORE_006,Marondera_Depot,High Energy White,40,RT_029,1.4,40
2025-07-20 15:35:40,STORE_008,Bulawayo_Branch,High Energy White,183,RT_003,1.35,183
2025-07-12 07:02:11,STORE_059,Chitungwiza_Depot,Seed Loaf,166,RT_031,1.47,166
2025-01-18 13:17:40,STORE_007,Chitungwiza_Depot,Family Loaf,262,RT_005,2.34,262
2025-03-17 03:35:22,STORE_037,Bindura_Depot,Buns 6-Pack,205,RT_019,1.13,205
2025-02-25 23:22:41,STORE_091,Masvingo_Branch,Wholegrain Brown,52,RT_029,1.48,52
2025-01-19 01:04:09,STORE_066,Gweru_Branch,Mini Rolls 6-Pack,12,RT_010,1.18,12
2025-04-14 17:31:29,STORE_127,Bulawayo_Branch,Seed Loaf,140,RT_009,1.53,140
2025-03-26 02:10:06,STORE_137,Bindura_Depot,Soft White,261,RT_014,1.14,261
2025-01-07 08:33:59,STORE_075,Mutare_Branch,High Energy Brown,233,RT_022,1.23,233
2025-05-15 03:23:36,STORE_071,Mutare_Branch,Whole Wheat,73,RT_045,1.49,73
2025-07-18 21:34:26,STORE_125,Chitungwiza_Depot,Wholegrain Brown,203,RT_040,1.6,203
2025-06-16 14:50:13,STORE_128,Masvingo_Branch,Wholegrain Brown,269,RT_038,1.42,269
2025-01-18 12:03:05,STORE_060,Bulawayo_Branch,High Energy White,165,RT_010,1.28,165
2025-07-11 20:31:29,STORE_104,Bulawayo_Branch,Buns 6-Pack,253,RT_049,1.04,253
2025-04-09 00:22:59,STORE_031,Masvingo_Branch,Wholegrain Brown,294,RT_007,1.56,294
2025-03-22 07:41:45,STORE_101,,Buns 6-Pack,264,RT_030,1.04,264
2025-06-30 03:33:34,STORE_099,Chitungwiza_Depot,Seed Loaf,182,RT_033,1.53,182
2025-05-24 23:56:13,STORE_004,Masvingo_Branch,High Energy White,125,RT_048,1.44,125
2025-07-29 11:50:36,STORE_064,Harare_Southerton,Milk1L,92,RT_013,1.41,92
2025-03-31 12:44:51,STORE_136,Masvingo_Branch,High Energy Brown,303,RT_017,1.28,303
2025-01-24 18:46:20,STORE_017,Bindura_Depot,High Energy White,72,RT_021,1.3,72
2025-02-14 23:33:22,STORE_026,Masvingo_Branch,Seed Loaf,200,RT_020,1.6,200
2025-04-09 04:19:44,STORE_055,Gweru_Branch,Whole Wheat,31,RT_031,1.65,31
2025-05-15 08:18:41,STORE_066,Harare_Southerton,High Energy Brown,13,RT_027,1.28,13
2025-07-28 13:59:36,STORE_081,Chitungwiza_Depot,High Energy White,275,RT_001,1.42,275
2025-05-07 02:57:14,STORE_029,Chitungwiza_Depot,Buns 6-Pack,193,RT_019,1.06,193
2025-03-25 22:31:10,STORE_111,Gweru_Branch,Mini Rolls 6-Pack,231,RT_044,0.92,231
2025-02-07 03:08:56,STORE_100,Bindura_Depot,Whole Wheat,169,RT_013,1.61,169
2025-06-16 13:22:34,STORE_085,Marondera_Depot,Soft White,6,RT_027,1.33,6
2025-03-31 09:49:14,STORE_031,Harare_Willowvale,Seed Loaf,120,RT_008,1.44,120
2025-01-11 22:26:29,STORE_104,Harare_Southerton,High Energy Brown,244,RT_005,1.44,244
2025-07-09 13:56:07,STORE_120,Harare_Southerton,Family Loaf,194,RT_030,2.32,194
2025-04-08 13:51:04,STORE_097,Kwekwe_Depot,Seed Loaf,110,RT_029,1.41,110
2025-06-22 06:50:47,STORE_027,Masvingo_Branch,Whole Wheat,150,RT_042,1.63,150
2025-01-08 09:31:08,STORE_099,Marondera_Depot,Whole Wheat,69,RT_011,1.58,69
2025-07-25 18:33:58,STORE_136,Mutare_Branch,Wholegrain Brown,213,RT_013,1.45,213
2025-07-24 03:09:10,STORE_137,Gweru_Branch,Seed Loaf,5,RT_018,1.51,5
2025-02-03 20:40:09,STORE_052,Masvingo_Branch,Seed Loaf,177,RT_010,1.63,177
2025-06-27 14:05:04,STORE_126,Mutare_Branch,Seed Loaf,184,RT_049,1.6,184
2025-05-14 13:11:45,STORE_003,Harare_Willowvale,Whole Wheat,26,RT_018,1.36,26
2025-06-06 13:07:14,STORE_133,Bindura_Depot,Soft White,116,RT_032,1.25,116
2025-05-28 08:25:00,STORE_080,Chitungwiza_Depot,High Energy Brown,56,RT_005,1.26,56
2025-01-19 17:55:15,STORE_035,Bindura_Depot,Buns 6-Pack,211,RT_031,1.04,211
2025-04-19 19:39:36,STORE_065,Bulawayo_Branch,Wholegrain Brown,21,RT_013,1.34,21
2025-07-23 22:38:59,STORE_098,Bulawayo_Branch,Seed Loaf,244,RT_024,1.68,244
2025-01-06 08:58:30,STORE_072,Harare_Willowvale,Soft White,180,RT_006,1.15,180
2025-05-17 14:07:23,STORE_040,Bulawayo_Branch,Soft White,78,RT_031,1.4,78
2025-05-31 04:51:35,STORE_067,Harare_Willowvale,Soft White,183,RT_039,1.33,183
2025-03-30 13:35:26,STORE_120,Bulawayo_Branch,Mini Rolls 6-Pack,179,RT_010,0.98,179
2025-02-19 05:54:09,STORE_081,Bindura_Depot,High Energy White,270,RT_045,1.38,270
2025-07-24 03:22:09,STORE_106,Harare_Willowvale,Soft White,10,RT_035,1.28,10
2025-04-23 09:56:05,STORE_126,Kwekwe_Depot,Soft White,6,RT_003,1.23,6
2025-01-19 17:48:02,STORE_074,Marondera_Depot,Mini Rolls 6-Pack,217,RT_032,0.97,217
2025-05-07 14:47:22,STORE_111,Bindura_Depot,Whole Wheat,56,RT_003,1.61,56
2025-06-03 03:55:31,STORE_077,Mutare_Branch,Family Loaf,284,RT_019,2.12,284
2025-01-17 12:41:20,STORE_138,Chitungwiza_Depot,Soft White,313,RT_041,1.26,313
2025-04-19 14:16:26,STORE_133,Kwekwe_Depot,High Energy White,32,RT_029,1.39,32
2025-03-04 13:35:47,STORE_028,Bindura_Depot,Whole Wheat,188,RT_048,1.35,188
2025-03-28 00:59:36,STORE_081,Kwekwe_Depot,Mini Rolls 6-Pack,106,RT_037,0.95,106
2025-02-07 08:57:08,STORE_092,Bulawayo_Branch,Mini Rolls 6-Pack,286,RT_005,1.04,286
2025-01-07 20:42:27,STORE_073,Chitungwiza_Depot,Whole Wheat,63,RT_026,1.51,63
2025-06-22 15:02:00,STORE_039,Harare_Willowvale,Soft White,246,RT_019,1.29,246
2025-06-29 05:00:02,STORE_013,Harare_Willowvale,High Energy Brown,156,RT_023,1.29,156
2025-07-26 06:44:58,STORE_115,Chitungwiza_Depot,Mini Rolls 6-Pack,316,RT_010,1.04,316
2025-02-06 16:50:50,STORE_008,Mutare_Branch,Milk1L,185,RT_047,1.05,185
2025-01-12 17:05:30,STORE_032,Bulawayo_Branch,Seed Loaf,143,RT_018,1.58,143
2025-03-02 09:11:32,STORE_066,Mutare_Branch,Buns 6-Pack,300,RT_014,1.12,300
2025-04-06 04:06:59,STORE_006,Mutare_Branch,Seed Loaf,290,RT_032,1.44,290
2025-02-23 02:23:46,STORE_011,Masvingo_Branch,High Energy Brown,251,RT_002,1.43,251
2025-03-04 15:25:19,STORE_035,Chitungwiza_Depot,Seed Loaf,10,RT_007,1.63,10
2025-06-07 00:29:54,STORE_134,Chitungwiza_Depot,Wholegrain Brown,201,RT_002,1.33,201
2025-05-05 20:07:54,STORE_139,Gweru_Branch,Mini Rolls 6-Pack,4,RT_012,1.17,4
2025-04-23 02:43:19,STORE_028,Bulawayo_Branch,Buns 6-Pack,284,RT_005,1.06,284
2025-01-10 08:49:19,STORE_130,Harare_Willowvale,Wholegrain Brown,398,RT_038,1.33,398
2025-05-29 06:55:28,STORE_105,Chitungwiza_Depot,High Energy White,266,RT_003,1.33,266
2025-06-09 03:24:32,STORE_011,Marondera_Depot,Whole Wheat,164,RT_028,1.4,164
2025-04-27 23:10:10,STORE_026,Bindura_Depot,Soft White,291,RT_007,1.18,291
2025-07-27 18:03:58,STORE_138,Harare_Willowvale,Seed Loaf,154,RT_001,1.42,154
2025-04-18 00:10:06,STORE_095,Harare_Southerton,Whole Wheat,283,RT_030,1.6,283
2025-01-24 03:02:53,STORE_007,Kwekwe_Depot,SoapBar,104,RT_017,1.06,104
2025-01-17 04:13:56,STORE_101,Chitungwiza_Depot,Family Loaf,176,RT_029,2.17,176
2025-04-08 15:45:34,STORE_015,Masvingo_Branch,Mini Rolls 6-Pack,319,RT_030,1.18,319
2025-04-26 19:48:30,STORE_096,Bulawayo_Branch,Mini Rolls 6-Pack,25,RT_034,0.93,25
2025-03-16 09:18:15,STORE_112,Chitungwiza_Depot,Mini Rolls 6-Pack,204,RT_033,1.1,204
2025-01-13 05:53:00,STORE_086,Mutare_Branch,High Energy White,245,RT_037,1.46,245
2025-07-19 01:10:10,STORE_021,Bulawayo_Branch,High Energy White,43,RT_046,1.25,43
2025-01-26 19:13:00,STORE_073,Chitungwiza_Depot,Mini Rolls 6-Pack,120,RT_048,1.14,120
2025-06-24 04:23:44,STORE_056,Bulawayo_Branch,Wholegrain Brown,97,RT_001,1.45,97
2025-05-14 05:10:00,STORE_056,Masvingo_Branch,Soft White,291,RT_002,1.19,291
2025-07-11 08:09:34,STORE_028,Bindura_Depot,Buns 6-Pack,191,RT_002,1.22,191
2025-07-29 21:38:29,STORE_042,Chitungwiza_Depot,High Energy Brown,46,RT_030,1.36,46
2025-07-05 04:51:07,STORE_139,Gweru_Branch,Wholegrain Brown,138,RT_036,1.49,138
2025-01-03 07:25:42,STORE_121,Kwekwe_Depot,Buns 6-Pack,295,RT_018,1.18,295
2025-05-05 02:17:49,STORE_078,Mutare_Branch,Mini Rolls 6-Pack,178,RT_001,0.94,178
2025-02-20 11:38:29,STORE_117,Chitungwiza_Depot,Whole Wheat,277,RT_024,1.55,277
2025-04-30 20:51:15,STORE_055,Bindura_Depot,High Energy Brown,262,RT_010,1.38,262
2025-01-23 22:58:29,STORE_083,Kwekwe_Depot,High Energy Brown,270,RT_013,1.36,270
2025-02-28 22:06:09,STORE_116,Gweru_Branch,Wholegrain Brown,245,RT_017,1.49,245
2025-06-25 12:30:29,STORE_110,Kwekwe_Depot,Mini Rolls 6-Pack,30,RT_048,1.02,30
2025-04-06 22:46:25,STORE_031,Gweru_Branch,Seed Loaf,210,RT_026,1.57,210
2025-05-13 16:56:13,STORE_133,Kwekwe_Depot,Whole Wheat,94,RT_013,1.55,94
2025-03-12 18:05:00,STORE_023,Chitungwiza_Depot,Seed Loaf,315,RT_034,1.68,315
2025-06-05 18:37:14,STORE_082,Bindura_Depot,Seed Loaf,287,RT_028,1.45,287
2025-02-07 01:07:22,STORE_129,Bindura_Depot,Whole Wheat,196,RT_009,1.58,196
2025-04-27 13:39:46,STORE_130,Kwekwe_Depot,Whole Wheat,182,RT_011,1.51,182
2025-05-08 12:45:54,STORE_078,Harare_Southerton,Soft White,136,RT_038,1.17,136
2025-03-01 07:50:19,STORE_044,Marondera_Depot,Family Loaf,215,RT_041,2.4,215
2025-04-15 19:14:20,STORE_112,Bindura_Depot,Mini Rolls 6-Pack,106,RT_015,1.13,106
2025-04-11 10:26:36,STORE_128,Gweru_Branch,Seed Loaf,45,RT_025,1.45,45
2025-02-25 14:25:58,STORE_050,Kwekwe_Depot,High Energy Brown,27,RT_033,1.28,27
2025-04-18 08:48:17,STORE_038,Bulawayo_Branch,High Energy White,48,RT_046,1.33,48
2025-06-23 23:25:41,STORE_105,,Buns 6-Pack,317,RT_017,1.01,317
2025-02-10 00:25:21,STORE_108,Mutare_Branch,Wholegrain Brown,258,RT_046,1.31,258
2025-02-23 10:41:03,STORE_116,Harare_Southerton,Buns 6-Pack,29,RT_046,1.08,29
2025-06-05 20:46:33,STORE_098,Harare_Willowvale,Buns 6-Pack,181,,1.06,181
2025-04-18 06:13:34,STORE_027,Bulawayo_Branch,Seed Loaf,153,RT_014,1.5,153
2025-04-26 09:42:57,STORE_098,Harare_Willowvale,Buns 6-Pack,134,RT_040,1.0,134
2025-04-30 10:13:55,STORE_031,Harare_Southerton,Whole Wheat,318,RT_046,1.36,318
2025-07-26 13:44:24,STORE_093,Harare_Willowvale,Soft White,211,RT_026,1.36,211
2025-01-30 11:29:06,STORE_074,Kwekwe_Depot,Whole Wheat,192,RT_049,1.64,192
2025-06-02 11:09:45,STORE_077,Bindura_Depot,Mini Rolls 6-Pack,298,RT_021,0.92,298
2025-07-09 01:08:18,STORE_056,Bindura_Depot,Seed Loaf,105,RT_039,1.47,105
2025-03-16 13:33:19,STORE_012,Chitungwiza_Depot,Seed Loaf,187,RT_026,1.67,187
2025-04-26 04:57:01,STORE_098,Harare_Willowvale,Seed Loaf,317,RT_021,1.57,317
2025-02-14 15:16:40,STORE_079,Mutare_Branch,Mini Rolls 6-Pack,133,RT_038,1.11,133
2025-04-10 22:35:39,STORE_057,Chitungwiza_Depot,Mini Rolls 6-Pack,30,RT_022,1.09,30
2025-03-28 01:45:54,STORE_104,Bulawayo_Branch,Soft White,8,RT_005,1.32,8
2025-04-28 17:36:59,STORE_072,Mutare_Branch,Whole Wheat,20,RT_029,1.39,20
2025-02-17 00:25:16,STORE_041,Gweru_Branch,Mini Rolls 6-Pack,184,RT_016,1.18,184
2025-04-03 05:16:41,STORE_090,Bindura_Depot,Soft White,186,RT_016,1.32,186
2025-03-27 03:21:29,STORE_068,Gweru_Branch,Soft White,23,RT_038,1.36,23
2025-05-25 21:23:05,STORE_096,Harare_Southerton,Mini Rolls 6-Pack,300,RT_013,0.99,300
2025-06-15 09:34:54,STORE_077,Bulawayo_Branch,High Energy White,179,RT_030,1.49,179
2025-03-14 06:18:10,STORE_061,Marondera_Depot,Soft White,190,RT_034,1.2,190
2025-05-21 07:47:32,STORE_094,Gweru_Branch,Whole Wheat,153,RT_023,1.47,153
2025-03-31 07:57:01,STORE_128,Masvingo_Branch,Wholegrain Brown,29,RT_019,1.34,29
2025-04-20 01:25:12,STORE_036,Mutare_Branch,High Energy Brown,149,RT_011,1.3,149
2025-04-23 05:23:17,STORE_072,Gweru_Branch,Mini Rolls 6-Pack,287,RT_001,1.19,287
2025-06-06 18:36:46,STORE_004,Harare_Southerton,Wholegrain Brown,309,RT_017,1.33,309
2025-06-27 12:40:44,STORE_067,Mutare_Branch,Mini Rolls 6-Pack,95,RT_030,0.97,95
2025-06-05 10:09:05,STORE_081,Kwekwe_Depot,Mini Rolls 6-Pack,136,RT_006,0.91,136
2025-05-26 16:01:47,STORE_116,Bulawayo_Branch,High Energy White,5,RT_032,1.32,5
2025-02-18 01:16:25,STORE_006,Harare_Willowvale,High Energy Brown,265,RT_047,1.28,265
2025-03-31 05:01:30,STORE_067,Chitungwiza_Depot,Mini Rolls 6-Pack,213,RT_038,1.13,213
2025-01-20 04:38:52,STORE_124,Bindura_Depot,Mini Rolls 6-Pack,161,RT_045,1.01,161
2025-05-18 11:58:02,STORE_071,Kwekwe_Depot,High Energy White,225,RT_046,1.5,225
2025-05-31 03:32:13,STORE_012,Harare_Willowvale,High Energy Brown,263,RT_010,1.36,263
2025-02-28 20:28:41,STORE_004,Marondera_Depot,Whole Wheat,255,RT_049,1.57,255
2025-07-14 09:28:46,STORE_110,Harare_Willowvale,Buns 6-Pack,68,RT_018,1.18,68
2025-03-18 23:25:23,STORE_007,Mutare_Branch,Family Loaf,156,RT_022,2.29,156
2025-07-13 03:51:28,STORE_126,Kwekwe_Depot,Family Loaf,71,RT_025,2.17,71
2025-05-05 18:59:33,STORE_038,Masvingo_Branch,Buns 6-Pack,245,RT_023,1.02,245
2025-01-28 23:31:30,STORE_079,Bindura_Depot,Mini Rolls 6-Pack,143,RT_020,1.14,143
2025-02-26 23:49:51,STORE_135,Harare_Southerton,High Energy Brown,237,RT_010,1.37,237
2025-05-25 17:19:29,STORE_003,Bindura_Depot,High Energy Brown,193,RT_011,1.26,193
2025-06-23 00:14:17,STORE_005,Kwekwe_Depot,Soft White,295,RT_001,1.12,295
2025-05-26 13:31:32,STORE_036,Kwekwe_Depot,Soft White,247,RT_001,1.37,247
2025-04-11 15:50:57,STORE_002,Bindura_Depot,Seed Loaf,273,RT_036,1.7,273
2025-05-18 11:48:06,STORE_126,Bindura_Depot,High Energy White,70,RT_032,1.25,70
2025-03-29 17:12:09,STORE_080,Kwekwe_Depot,Buns 6-Pack,206,RT_014,1.02,206
2025-07-16 06:09:16,STORE_100,Chitungwiza_Depot,Soft White,141,RT_036,1.11,141
2025-06-17 03:12:39,STORE_101,Bulawayo_Branch,Family Loaf,219,RT_011,2.26,219
2025-03-28 05:33:53,STORE_068,Chitungwiza_Depot,Family Loaf,55,RT_034,2.2,55
2025-07-13 00:38:54,STORE_004,Marondera_Depot,Whole Wheat,187,RT_042,1.52,187
2025-03-30 15:05:09,STORE_099,Gweru_Branch,Seed Loaf,301,RT_028,1.49,301
2025-04-09 19:00:40,STORE_131,Mutare_Branch,Whole Wheat,43,RT_016,1.36,43
2025-05-17 22:53:45,STORE_057,Kwekwe_Depot,High Energy White,165,RT_001,1.3,165
2025-04-11 19:07:05,STORE_077,Bulawayo_Branch,Mini Rolls 6-Pack,8,RT_040,0.92,8
2025-04-07 08:27:58,STORE_092,Chitungwiza_Depot,Family Loaf,271,RT_034,2.15,271
2025-07-12 08:09:13,STORE_067,Bindura_Depot,Wholegrain Brown,225,RT_027,1.6,225
2025-02-28 18:09:21,STORE_078,Gweru_Branch,Soft White,222,RT_025,1.38,222
2025-04-20 08:07:59,STORE_070,Gweru_Branch,Seed Loaf,126,RT_038,1.65,126
2025-01-18 02:46:08,STORE_043,Masvingo_Branch,Family Loaf,5,RT_027,2.35,5
2025-04-04 03:34:16,STORE_014,Chitungwiza_Depot,High Energy Brown,83,RT_025,1.35,83
2025-04-18 16:07:05,STORE_090,Kwekwe_Depot,Buns 6-Pack,86,RT_040,1.01,86
2025-01-13 05:14:37,STORE_027,Marondera_Depot,Buns 6-Pack,181,RT_004,1.12,181
2025-06-24 22:49:10,STORE_125,Kwekwe_Depot,Mini Rolls 6-Pack,261,RT_015,0.97,261
2025-02-26 09:36:54,STORE_123,Masvingo_Branch,Whole Wheat,90,RT_002,1.6,90
2025-03-05 03:24:43,STORE_007,Masvingo_Branch,SoapBar,66,RT_018,2.33,66
2025-05-16 01:35:29,STORE_124,Chitungwiza_Depot,Buns 6-Pack,154,RT_019,1.12,154
2025-02-15 08:12:43,STORE_050,Bulawayo_Branch,Buns 6-Pack,232,RT_027,1.26,232
2025-03-18 06:19:14,STORE_060,Kwekwe_Depot,Whole Wheat,270,RT_034,1.43,270
2025-01-20 23:03:40,STORE_112,Masvingo_Branch,Whole Wheat,166,RT_033,1.37,166
2025-06-22 19:16:04,STORE_125,Gweru_Branch,Buns 6-Pack,86,RT_040,1.18,86
2025-03-12 13:31:36,STORE_098,Marondera_Depot,High Energy White,143,RT_042,1.44,143
2025-06-20 07:58:15,STORE_031,Mutare_Branch,Family Loaf,147,RT_010,2.28,147
2025-04-15 21:06:08,STORE_043,Gweru_Branch,Family Loaf,235,RT_031,2.39,235
2025-06-04 21:25:50,STORE_044,Harare_Southerton,Family Loaf,154,RT_040,2.39,154
2025-04-11 10:19:37,STORE_065,Marondera_Depot,Seed Loaf,151,RT_026,1.51,151
2025-06-30 10:28:22,STORE_114,Bulawayo_Branch,Mini Rolls 6-Pack,276,RT_004,1.0,276
2025-05-05 18:03:47,STORE_092,Gweru_Branch,Buns 6-Pack,91,RT_049,1.05,91
2025-03-24 23:25:57,STORE_038,Gweru_Branch,Whole Wheat,169,RT_001,1.64,169
2025-04-12 23:34:09,STORE_012,Bulawayo_Branch,Wholegrain Brown,200,RT_013,1.33,200
2025-02-05 21:39:14,STORE_032,Harare_Willowvale,Wholegrain Brown,168,RT_010,1.34,168
2025-03-22 22:59:51,STORE_028,Masvingo_Branch,Family Loaf,176,RT_016,2.26,176
2025-04-16 08:46:51,STORE_088,Bulawayo_Branch,Whole Wheat,182,RT_026,1.37,182
2025-06-08 23:52:54,STORE_110,Kwekwe_Depot,High Energy Brown,202,RT_008,1.32,202
2025-07-16 09:53:39,STORE_044,Bulawayo_Branch,Soft White,106,RT_028,1.2,106
2025-07-10 07:29:00,STORE_105,Harare_Willowvale,High Energy White,232,RT_047,1.29,232
2025-06-15 14:44:03,STORE_084,Bulawayo_Branch,Soft White,218,RT_029,1.23,218
2025-05-19 01:57:40,STORE_024,Harare_Willowvale,Wholegrain Brown,260,RT_001,1.58,260
2025-06-11 07:29:16,STORE_090,Chitungwiza_Depot,Wholegrain Brown,115,RT_003,1.39,115
2025-04-16 06:19:36,STORE_029,Marondera_Depot,Family Loaf,147,RT_005,2.35,147
2025-01-21 00:50:41,STORE_030,Gweru_Branch,Seed Loaf,68,RT_048,1.53,68
2025-05-25 02:49:57,STORE_047,Harare_Southerton,Wholegrain Brown,317,RT_018,1.44,317
2025-01-27 23:48:47,STORE_117,Marondera_Depot,Mini Rolls 6-Pack,289,RT_023,1.01,289
2025-01-17 22:15:38,STORE_033,Chitungwiza_Depot,Buns 6-Pack,319,RT_037,1.19,319
2025-05-20 19:19:50,STORE_137,Marondera_Depot,Soft Whtie,157,RT_036,1.15,157
2025-01-01 13:32:00,STORE_012,Mutare_Branch,Buns 6-Pack,82,RT_023,1.19,82
2025-04-13 18:32:01,STORE_096,Gweru_Branch,Soft White,296,RT_007,1.24,296
2025-07-11 15:07:07,STORE_111,Mutare_Branch,Family Loaf,125,RT_017,2.23,125
2025-03-05 16:59:41,STORE_050,Kwekwe_Depot,Whole Wheat,85,RT_002,1.49,85
2025-04-09 19:12:21,STORE_085,Kwekwe_Depot,High Energy White,60,RT_027,1.26,60
2025-02-21 08:41:17,STORE_125,Chitungwiza_Depot,Soft White,257,RT_024,1.14,257
2025-01-04 14:29:16,STORE_015,Harare_Willowvale,Wholegrain Brown,277,RT_041,1.51,277
2025-07-03 15:25:57,STORE_131,Gweru_Branch,High Energy White,182,RT_006,1.36,182
2025-01-20 21:02:35,STORE_096,Masvingo_Branch,Family Loaf,193,RT_027,2.31,193
2025-04-13 06:53:10,STORE_057,Bindura_Depot,High Energy Brown,225,RT_010,1.2,225
2025-07-12 21:30:52,STORE_134,Masvingo_Branch,High Energy White,302,RT_012,1.22,302
2025-02-27 07:53:45,STORE_135,Gweru_Branch,Seed Loaf,160,RT_019,1.48,160
2025-05-18 04:38:33,STORE_082,Harare_Southerton,Coke500ml,270,RT_038,0.94,270
2025-02-18 07:09:35,STORE_076,Kwekwe_Depot,Whole Wheat,7,RT_015,1.37,7
2025-02-03 11:27:58,STORE_088,Bulawayo_Branch,Seed Loaf,191,RT_044,1.44,191
2025-07-27 08:15:49,STORE_046,Gweru_Branch,Seed Loaf,148,RT_019,1.57,148
2025-05-07 05:50:08,STORE_037,Mutare_Branch,Wholegrain Brown,194,RT_028,1.58,194
2025-05-14 16:43:29,STORE_121,Harare_Willowvale,Buns 6-Pack,225,RT_008,1.12,225
2025-05-30 21:11:55,STORE_102,Chitungwiza_Depot,Family Loaf,57,RT_043,2.35,57
2025-02-21 14:57:56,STORE_002,Bindura_Depot,Family Loaf,210,RT_007,2.13,210
2025-07-09 15:36:42,STORE_105,Gweru_Branch,High Energy Brown,79,RT_029,1.33,79
2025-05-18 21:14:41,STORE_119,Kwekwe_Depot,High Energy Brown,169,RT_028,1.33,169
2025-02-13 07:40:49,STORE_082,Harare_Willowvale,High Energy White,161,RT_037,1.43,161
2025-06-24 06:07:45,STORE_045,Harare_Willowvale,Family Loaf,165,RT_001,2.3,165
2025-03-14 13:26:31,STORE_031,Mutare_Branch,Mini Rolls 6-Pack,313,RT_018,1.0,313
2025-01-12 11:57:57,STORE_009,Bulawayo_Branch,Seed Loaf,31,RT_049,1.51,31
2025-03-14 17:13:47,STORE_044,Bindura_Depot,Seed Loaf,65,RT_039,1.53,65
2025-05-03 06:54:08,STORE_104,Kwekwe_Depot,Family Loaf,185,RT_028,2.21,185
2025-07-07 05:01:22,STORE_045,Bindura_Depot,Whole Wheat,276,RT_015,1.63,276
2025-05-06 23:28:30,STORE_136,Harare_Willowvale,Whole Whet,94,RT_013,1.45,94
2025-05-17 03:55:04,STORE_012,Chitungwiza_Depot,Family Loaf,285,RT_022,2.29,285
2025-02-25 13:43:56,STORE_089,Gweru_Branch,Wholegrain Brown,131,RT_043,1.46,131
2025-05-02 08:37:40,STORE_011,Gweru_Branch,Soft White,278,RT_014,1.2,278
2025-05-12 10:23:25,STORE_109,Harare_Willowvale,Seed Loaf,102,RT_017,1.66,102
2025-02-17 06:27:12,STORE_046,Bulawayo_Branch,Mini Rolls 6-Pack,65,RT_021,1.0,65
2025-04-18 17:34:52,STORE_066,Mutare_Branch,Wholegrain Brown,56,RT_019,1.44,56
2025-03-27 01:10:27,STORE_030,Mutare_Branch,Mini Rolls 6-Pack,268,RT_038,1.03,268
2025-02-08 11:41:55,STORE_108,Kwekwe_Depot,High Energy White,293,RT_047,1.26,293
2025-03-23 14:43:18,STORE_051,Masvingo_Branch,High Energy White,68,RT_032,1.35,68
2025-01-01 00:53:32,STORE_093,Bulawayo_Branch,Whole Wheat,220,RT_042,1.5,220
2025-05-05 08:47:20,STORE_074,Bindura_Depot,Mini Rolls 6-Pack,65,RT_035,0.96,65
2025-05-27 16:57:00,STORE_097,Mutare_Branch,High Energy Brown,31,RT_020,1.28,31
2025-02-13 21:09:03,STORE_073,Mutare_Branch,Buns 6-Pack,36,RT_029,1.2,36
2025-06-08 19:24:38,STORE_138,Gweru_Branch,Buns 6-Pack,183,RT_031,,183
2025-03-16 06:15:53,STORE_072,Bindura_Depot,Family Loaf,49,RT_017,2.26,49
2025-03-04 08:20:59,STORE_126,Gweru_Branch,Family Loaf,262,RT_048,2.2,262
2025-04-18 07:49:45,STORE_110,Mutare_Branch,Buns 6-Pack,138,RT_028,1.13,138
2025-07-15 12:39:57,STORE_074,Bulawayo_Branch,Wholegrain Brown,312,RT_025,1.36,312
2025-06-18 10:45:39,STORE_126,Gweru_Branch,High Energy Brown,299,RT_029,1.26,299
2025-01-14 11:01:26,STORE_133,Bulawayo_Branch,Seed Loaf,145,RT_015,1.64,145
2025-05-24 16:25:25,STORE_106,Masvingo_Branch,Family Loaf,237,RT_020,2.36,237
2025-04-22 15:03:01,STORE_061,Masvingo_Branch,Whole Wheat,70,RT_016,1.52,70
2025-01-05 05:18:36,STORE_071,Mutare_Branch,Whole Wheat,30,RT_015,1.42,30
2025-03-19 14:06:00,STORE_048,Gweru_Branch,High Energy Brwn,41,RT_010,1.25,41
2025-03-26 02:13:04,STORE_114,Marondera_Depot,Soft White,283,RT_013,1.23,283
2025-02-20 00:37:32,STORE_111,Marondera_Depot,High Energy Brown,106,RT_026,1.45,106
2025-05-19 16:59:58,STORE_072,Kwekwe_Depot,Buns 6-Pack,231,RT_036,1.08,231
2025-01-24 00:11:21,STORE_017,Bindura_Depot,Soft White,252,RT_012,1.38,252
2025-05-12 14:53:18,STORE_019,Masvingo_Branch,Soft White,199,RT_037,1.19,199
2025-06-05 10:28:54,STORE_107,Marondera_Depot,High Energy White,172,RT_006,1.37,172
2025-04-17 07:34:47,STORE_063,Chitungwiza_Depot,Soft White,9,RT_046,1.13,9
2025-01-02 09:48:21,STORE_067,Bindura_Depot,Whole Wheat,116,RT_002,1.41,116
2025-04-10 23:24:32,STORE_068,Bindura_Depot,Soft White,78,RT_014,1.14,78
2025-07-08 18:21:12,STORE_083,Masvingo_Branch,High Energy White,194,RT_047,1.46,194
2025-02-19 23:25:22,STORE_102,Mutare_Branch,Mini Rolls 6-Pack,136,RT_015,0.96,136
2025-07-25 07:53:44,STORE_060,Chitungwiza_Depot,Seed Loaf,87,RT_007,1.5,87
2025-06-23 06:11:49,STORE_003,Mutare_Branch,High Energy White,176,RT_017,1.48,176
2025-02-03 13:36:43,STORE_116,Chitungwiza_Depot,Family Loaf,63,RT_035,2.3,63
2025-02-06 12:11:07,STORE_114,Kwekwe_Depot,Whole Wheat,290,RT_002,1.6,290
2025-03-23 23:56:49,STORE_006,Harare_Willowvale,Whole Wheat,210,RT_015,1.62,210
2025-06-01 19:44:07,STORE_124,Bindura_Depot,Wholegrain Brown,147,RT_044,1.33,147
2025-06-02 21:29:39,STORE_006,Masvingo_Branch,High Energy Brown,296,RT_002,1.29,296
2025-06-02 21:51:32,STORE_025,Harare_Willowvale,Soft White,187,RT_023,1.31,187
2025-04-09 00:28:19,STORE_008,Mutare_Branch,High Energy White,539,RT_004,1.3,539
2025-05-22 22:53:49,STORE_129,Mutare_Branch,Wholegrain Brown,110,RT_015,1.47,110
2025-01-19 22:37:55,STORE_001,Gweru_Branch,Mini Rolls 6-Pack,224,RT_049,0.93,224
2025-06-20 15:17:43,STORE_004,Mutare_Branch,Family Loaf,22,RT_034,2.11,22
2025-06-21 10:29:03,STORE_106,Marondera_Depot,High Energy White,238,RT_024,1.26,238
2025-03-05 15:39:53,STORE_005,Bindura_Depot,Whole Wheat,315,RT_011,1.55,315
2025-03-09 22:55:48,STORE_132,Masvingo_Branch,Mini Rolls 6-Pack,136,RT_049,0.92,136
2025-07-21 00:46:08,STORE_036,Harare_Willowvale,Soft White,264,RT_017,1.37,264
2025-06-18 05:05:51,STORE_072,Harare_Willowvale,Wholegrain Brown,106,RT_024,1.52,106
2025-05-23 22:06:18,STORE_037,Harare_Southerton,Buns 6-Pack,111,RT_013,1.15,111
2025-06-09 05:34:09,STORE_028,Harare_Southerton,Wholegrain Brown,162,RT_046,1.52,162
2025-01-08 08:33:25,STORE_134,Harare_Southerton,Seed Loaf,51,RT_046,1.54,51
2025-01-17 04:18:51,STORE_069,Gweru_Branch,High Energy White,77,RT_029,1.37,77
2025-07-16 00:17:49,STORE_017,Harare_Southerton,Seed Loaf,92,RT_025,1.68,92
2025-07-24 17:02:07,STORE_059,Marondera_Depot,Whole Wheat,99,RT_033,1.51,99
2025-07-14 07:55:54,STORE_109,Marondera_Depot,WholgrainBrown,73,RT_012,1.41,73
2025-06-20 15:54:30,STORE_029,Bindura_Depot,WholgrainBrown,244,RT_026,1.42,244
2025-01-16 06:23:41,STORE_003,Bulawayo_Branch,Buns 6-Pack,125,RT_030,1.0,125
2025-02-18 02:14:59,STORE_089,Kwekwe_Depot,High Energy Brown,251,RT_041,1.22,251
2025-03-25 07:45:07,STORE_015,Harare_Willowvale,HighEnergyWhite,140,RT_039,1.39,140
2025-01-12 07:48:56,STORE_063,Chitungwiza_Depot,Family Loaf,108,RT_020,2.31,108
2025-06-27 01:48:09,STORE_004,Marondera_Depot,Seed Loaf,148,RT_033,1.67,148
2025-01-29 10:47:00,STORE_088,Bulawayo_Branch,Buns 6-Pack,205,RT_015,1.16,205
2025-02-10 08:42:59,STORE_064,Mutare_Branch,Family Loaf,190,RT_006,2.17,190
2025-03-10 16:24:21,STORE_085,Kwekwe_Depot,Whole Wheat,70,RT_026,1.65,70
2025-05-18 14:39:35,STORE_126,Masvingo_Branch,Family Loaf,102,RT_036,2.19,102
2025-07-23 13:05:54,STORE_077,Masvingo_Branch,Mini Rolls 6-Pack,172,RT_036,1.05,172
2025-02-11 07:04:10,STORE_064,Mutare_Branch,High Energy Brown,196,RT_007,1.36,196
2025-05-18 22:29:29,STORE_111,Chitungwiza_Depot,Mini Rolls 6-Pack,199,RT_027,1.17,199
2025-01-13 11:07:17,STORE_032,Harare_Willowvale,High Energy Brown,276,RT_025,1.36,276
2025-05-17 07:14:09,STORE_001,Masvingo_Branch,High Energy Brown,147,RT_019,1.26,147
2025-02-25 07:03:41,STORE_031,Gweru_Branch,Buns 6-Pack,55,RT_009,1.28,55
2025-01-04 06:17:34,STORE_052,Marondera_Depot,Whole Wheat,266,RT_015,1.59,266
2025-02-10 02:06:27,STORE_072,Marondera_Depot,Wholegrain Brown,197,RT_027,1.38,197
2025-03-14 17:07:24,STORE_132,Gweru_Branch,Soft White,219,RT_006,1.38,219
2025-02-05 21:38:03,STORE_037,Masvingo_Branch,High Energy White,134,RT_040,1.24,134
2025-07-05 14:55:06,STORE_113,Gweru_Branch,Buns 6-Pack,299,RT_035,1.22,299
2025-01-08 22:02:23,STORE_125,Masvingo_Branch,Mini Rolls 6-Pack,42,RT_031,1.19,42
2025-04-22 23:29:21,STORE_116,Marondera_Depot,Soft White,302,RT_014,1.26,302
2025-07-01 23:51:48,STORE_139,Marondera_Depot,Buns 6-Pack,64,RT_046,1.14,64
2025-02-07 11:47:34,STORE_052,Kwekwe_Depot,Mini Rolls 6-Pack,215,RT_009,1.02,215
2025-02-19 13:48:47,STORE_013,Chitungwiza_Depot,High Energy Brown,90,RT_049,1.4,90
2025-04-27 05:38:11,STORE_034,Marondera_Depot,Whole Wheat,186,RT_009,1.65,186
2025-07-01 16:38:09,STORE_132,Mutare_Branch,Wholegrain Brown,253,RT_037,1.57,253
2025-04-26 14:30:09,STORE_121,Bindura_Depot,Buns 6-Pack,284,RT_038,1.27,284
2025-05-05 09:00:03,STORE_031,Harare_Willowvale,Wholegrain Brown,298,RT_006,1.57,298
2025-04-15 23:53:14,STORE_013,Chitungwiza_Depot,Whole Wheat,123,RT_028,,123
2025-05-13 09:05:33,STORE_013,Bulawayo_Branch,High Energy White,287,RT_030,1.49,287
2025-01-14 20:11:25,STORE_020,Bindura_Depot,Buns 6-Pack,173,RT_040,1.1,173
2025-04-05 16:55:35,STORE_044,Harare_Southerton,High Energy Brown,236,RT_005,1.4,236
2025-03-14 08:16:40,STORE_096,Harare_Southerton,High Energy White,47,RT_020,1.39,47
2025-02-23 04:22:07,STORE_051,Chitungwiza_Depot,Whole Wheat,92,RT_022,1.38,92
2025-06-28 14:08:30,STORE_101,Harare_Southerton,Wholegrain Brown,156,RT_037,1.34,156
2025-05-15 17:41:44,STORE_115,Bindura_Depot,Whole Wheat,279,RT_025,1.4,279
2025-02-15 04:07:39,STORE_095,Mutare_Branch,Buns 6-Pack,291,RT_016,1.08,291
2025-06-09 23:06:55,STORE_077,Chitungwiza_Depot,Whole Wheat,187,RT_027,1.59,187
2025-04-22 05:33:21,STORE_026,Bindura_Depot,Seed Loaf,207,RT_046,1.51,207
2025-05-24 13:27:12,STORE_093,Mutare_Branch,Whole Wheat,243,RT_048,1.54,243
2025-07-05 19:44:59,STORE_003,Masvingo_Branch,Wholegrain Brown,95,RT_041,1.38,95
2025-03-11 07:45:20,STORE_058,Mutare_Branch,Whole Wheat,241,RT_015,1.39,241
2025-05-30 15:00:22,STORE_119,Mutare_Branch,Seed Loaf,41,RT_049,1.67,41
2025-07-11 16:39:11,STORE_134,Masvingo_Branch,Buns 6-Pack,130,RT_021,1.18,130
2025-03-12 02:14:55,STORE_071,Harare_Willowvale,High Energy Brown,164,RT_034,1.25,164
2025-06-03 18:10:04,STORE_117,Masvingo_Branch,High Energy Brown,218,RT_025,1.46,218
2025-03-30 15:57:58,STORE_100,Chitungwiza_Depot,Wholegrain Brown,244,RT_041,1.48,244
2025-07-01 13:15:44,STORE_057,Chitungwiza_Depot,Whole Wheat,311,RT_034,1.59,311
2025-04-16 22:12:49,STORE_125,Masvingo_Branch,High Energy White,247,RT_012,1.25,247
2025-04-05 12:02:42,STORE_021,Harare_Willowvale,Seed Loaf,212,RT_009,1.45,212
2025-07-27 21:05:09,STORE_139,Marondera_Depot,High Energy Brown,161,RT_025,1.38,161
2025-06-04 20:09:37,STORE_113,Bulawayo_Branch,Family Loaf,75,RT_021,2.36,75
2025-05-02 12:35:46,STORE_120,Kwekwe_Depot,Mini Rolls 6-Pack,90,RT_038,,90
2025-04-05 01:42:27,STORE_125,Bindura_Depot,High Energy Brown,47,RT_018,1.49,47
2025-03-18 10:29:28,STORE_060,Bulawayo_Branch,Whole Wheat,157,RT_035,1.5,157
2025-01-01 10:19:40,STORE_106,Kwekwe_Depot,Soft White,279,RT_021,1.12,279
2025-02-22 18:31:52,STORE_076,Mutare_Branch,Soft White,202,RT_039,1.3,202
2025-01-29 10:11:58,STORE_018,Kwekwe_Depot,Mini Rolls 6-Pack,371,RT_036,1.13,371
2025-01-23 12:30:53,STORE_086,Harare_Southerton,Whole Wheat,183,RT_019,1.54,183
2025-04-16 04:53:00,STORE_107,Chitungwiza_Depot,Buns 6-Pack,297,RT_005,1.1,297
2025-05-16 02:41:39,STORE_005,Harare_Willowvale,Soft White,274,RT_018,1.11,274
2025-04-14 08:52:18,STORE_106,Chitungwiza_Depot,Seed Loaf,305,RT_026,1.67,305
2025-02-22 23:23:53,STORE_070,Harare_Willowvale,Mini Rolls 6-Pack,3,RT_004,0.96,3
2025-07-22 10:30:07,STORE_008,Bulawayo_Branch,Whole Wheat,211,RT_033,1.47,211
2025-03-06 22:45:44,STORE_004,Marondera_Depot,High Energy Brown,113,RT_005,1.37,113
2025-04-19 09:41:17,STORE_130,Bulawayo_Branch,Soft White,52,RT_044,1.18,52
2025-02-20 10:24:12,STORE_109,Gweru_Branch,Family Loaf,190,RT_011,2.21,190
2025-05-08 05:39:58,STORE_022,Masvingo_Branch,Seed Loaf,28,RT_036,1.64,28
2025-05-19 21:08:08,STORE_036,Gweru_Branch,Family Loaf,111,RT_001,2.23,111
2025-07-27 17:38:52,STORE_032,Kwekwe_Depot,High Energy White,116,RT_037,1.41,116
2025-02-15 16:32:06,STORE_050,Bulawayo_Branch,Mini Rolls 6-Pack,261,RT_037,1.08,261
2025-07-29 03:52:11,STORE_099,Harare_Southerton,Sugar2kg,5,RT_008,1.42,5
2025-01-01 07:41:30,STORE_106,Harare_Southerton,Buns 6-Pack,183,RT_025,1.21,183
2025-02-03 05:30:42,STORE_012,Bindura_Depot,High Energy Brown,264,RT_021,1.21,264
2025-05-24 06:03:23,STORE_017,Harare_Willowvale,Family Loaf,50,RT_011,2.23,50
2025-04-23 00:30:36,STORE_046,Bindura_Depot,Buns 6-Pack,92,RT_017,1.1,92
2025-01-15 18:37:27,STORE_121,Chitungwiza_Depot,Wholegrain Brown,15,RT_021,1.44,15
2025-05-12 08:24:01,STORE_080,Kwekwe_Depot,High Energy Brown,129,RT_036,1.21,129
2025-02-07 02:27:57,STORE_093,Mutare_Branch,Mini Rolls 6-Pack,40,RT_012,0.94,40
2025-04-08 13:00:23,STORE_033,Gweru_Branch,High Energy White,45,RT_036,1.48,45
2025-06-06 15:28:18,STORE_083,Harare_Southerton,Seed Loaf,311,RT_031,1.57,311
2025-02-24 18:32:49,STORE_030,Kwekwe_Depot,High Energy Brown,142,RT_016,1.49,142
2025-05-03 17:28:08,STORE_009,Chitungwiza_Depot,Mini Rolls 6-Pack,160,RT_027,1.12,160
2025-04-12 11:26:24,STORE_033,Bindura_Depot,Mini Rolls 6-Pack,126,RT_003,1.05,126
2025-04-16 09:04:55,STORE_002,Bulawayo_Branch,High Energy Brown,181,RT_033,1.37,181
2025-01-10 06:15:01,STORE_135,Harare_Willowvale,High Energy Brown,41,RT_024,1.21,41
2025-03-09 11:33:15,STORE_018,Marondera_Depot,Buns 6-Pack,163,RT_043,1.13,163
2025-07-11 07:41:49,STORE_064,Bulawayo_Branch,Whole Wheat,65,RT_002,1.54,65
2025-05-04 01:45:08,STORE_060,Masvingo_Branch,High Energy White,145,RT_035,1.29,145
2025-05-08 08:54:09,STORE_055,Bulawayo_Branch,Mini Rolls 6-Pack,280,RT_020,0.94,280
2025-05-09 23:08:41,STORE_041,Harare_Southerton,High Energy White,250,RT_015,1.27,250
2025-02-02 15:54:57,STORE_068,Marondera_Depot,Whole Wheat,122,RT_021,1.57,122
2025-02-23 12:03:00,STORE_084,Harare_Southerton,High Energy White,126,RT_014,1.44,126
2025-05-17 20:03:05,STORE_097,Mutare_Branch,Mini Rolls 6-Pack,230,RT_001,0.9,230
2025-03-31 12:08:28,STORE_075,Mutare_Branch,Buns 6-Pack,72,RT_020,1.22,72
2025-03-16 06:20:38,STORE_001,Bulawayo_Branch,Wholegrain Brown,223,RT_011,1.36,223
2025-04-29 05:34:37,STORE_130,Harare_Willowvale,Family Loaf,69,RT_014,2.11,69
2025-04-30 02:26:14,STORE_073,Masvingo_Branch,Soft White,6,RT_039,1.28,6
2025-04-12 09:55:27,STORE_128,Masvingo_Branch,Family Loaf,299,RT_032,2.12,299
2025-04-04 10:47:17,STORE_060,Chitungwiza_Depot,Whole Wheat,169,RT_016,1.51,169
2025-04-21 18:20:32,STORE_012,Marondera_Depot,Wholegrain Brown,241,RT_029,1.46,241
2025-03-15 17:18:14,STORE_008,Mutare_Branch,High Energy White,307,RT_039,1.3,307
2025-02-16 21:05:38,STORE_095,Harare_Southerton,Seed Loaf,316,RT_030,1.46,316
2025-02-16 18:13:35,STORE_096,Chitungwiza_Depot,Whole Wheat,93,RT_038,1.58,93
2025-05-29 08:25:37,STORE_047,Chitungwiza_Depot,Buns 6-Pack,114,RT_012,1.16,114
2025-05-09 21:16:24,STORE_109,Bindura_Depot,Sugar2kg,294,RT_045,1.13,294
2025-07-20 11:27:22,STORE_025,Bindura_Depot,Soft White,194,RT_012,1.27,194
2025-04-04 20:45:16,STORE_017,Kwekwe_Depot,Family Loaf,139,RT_040,2.34,139
2025-05-25 19:33:40,STORE_004,Chitungwiza_Depot,Whole Wheat,296,RT_015,1.49,296
2025-02-18 20:30:38,STORE_077,Mutare_Branch,High Energy White,208,RT_049,1.5,208
2025-03-12 19:30:25,STORE_019,Gweru_Branch,Mini Rolls 6-Pack,35,RT_001,1.19,35
2025-03-18 19:55:55,STORE_044,Gweru_Branch,Buns 6-Pack,272,RT_001,1.17,272
2025-04-09 16:09:40,STORE_061,Marondera_Depot,High Energy Brown,8,RT_011,1.32,8
2025-07-19 19:01:15,STORE_080,Masvingo_Branch,Soft White,315,RT_007,1.3,315
2025-01-19 12:38:40,STORE_124,Kwekwe_Depot,Whole Wheat,226,RT_035,1.38,226
2025-02-04 10:52:40,STORE_120,Masvingo_Branch,High Energy White,64,RT_021,1.26,64
2025-02-01 04:58:34,STORE_139,Harare_Southerton,Soft White,118,RT_035,1.22,118
2025-01-15 19:11:13,STORE_049,Harare_Southerton,Seed Loaf,213,RT_022,1.45,213
2025-06-16 03:21:29,STORE_060,Chitungwiza_Depot,Soft White,275,RT_016,1.22,275
2025-03-23 19:22:12,STORE_065,Masvingo_Branch,High Energy Brown,46,RT_005,,46
2025-02-25 16:25:02,STORE_038,Bindura_Depot,Whole Wheat,130,RT_042,1.44,130
2025-01-14 23:14:21,STORE_087,Kwekwe_Depot,Family Loaf,197,RT_027,2.17,197
2025-01-09 16:05:30,STORE_029,Marondera_Depot,Mini Rolls 6-Pack,189,RT_014,1.0,189
2025-06-03 14:12:01,STORE_101,Marondera_Depot,High Energy Brown,116,RT_021,1.44,116
2025-07-24 05:39:05,STORE_125,Harare_Southerton,High Energy Brown,257,RT_020,1.41,257
2025-01-04 00:52:08,STORE_006,Chitungwiza_Depot,High Energy White,292,RT_014,1.39,292
2025-06-20 16:59:11,STORE_081,Marondera_Depot,Buns 6-Pack,40,RT_020,1.13,40
2025-04-02 15:55:10,STORE_058,Marondera_Depot,Whole Wheat,227,RT_039,1.56,227
2025-02-01 18:20:54,STORE_056,Marondera_Depot,High Energy White,277,RT_028,1.26,277
2025-04-22 09:38:25,STORE_029,Bindura_Depot,Mini Rolls 6-Pack,106,RT_031,0.94,106
2025-06-07 04:29:54,STORE_100,Marondera_Depot,Coke500ml,232,RT_013,2.15,232
2025-05-18 11:58:46,STORE_103,Gweru_Branch,Seed Loaf,208,RT_028,1.61,208
2025-06-30 00:16:15,STORE_022,Bindura_Depot,Family Loaf,55,RT_011,2.34,55
2025-07-01 17:18:52,STORE_034,Masvingo_Branch,Whole Wheat,212,RT_030,1.4,212
2025-12-05 00:00:00,STORE_097,Chitungwiza_Depot,Family Loaf,201,RT_042,2.11,201
2025-05-26 21:04:18,STORE_068,Bulawayo_Branch,High Energy White,193,RT_049,1.22,193
2025-06-02 17:07:53,STORE_001,Harare_Southerton,Buns 6-Pack,41,RT_004,1.17,41
2025-01-20 17:40:43,STORE_042,Bindura_Depot,Seed Loaf,78,RT_001,1.45,78
2025-03-17 16:29:59,STORE_132,Chitungwiza_Depot,High Energy Brown,305,RT_040,1.25,305
2025-03-10 06:06:02,STORE_043,Marondera_Depot,Buns 6-Pack,45,RT_014,1.21,45
2025-02-14 02:09:55,STORE_058,Masvingo_Branch,Whole Wheat,274,RT_042,1.54,274
2025-07-10 00:54:41,STORE_132,Chitungwiza_Depot,Soft White,224,RT_043,1.15,224
2025-02-04 14:24:35,STORE_001,Masvingo_Branch,HighEnergyWhite,25,RT_001,1.26,25
2025-03-18 17:50:04,STORE_103,Harare_Willowvale,High Energy White,57,RT_008,1.23,57
2025-01-11 14:11:48,STORE_108,Harare_Southerton,High Energy Brown,300,RT_048,1.49,300
2025-02-15 02:49:50,STORE_117,Mutare_Branch,Wholegrain Brown,283,RT_022,1.44,283
2025-04-22 01:51:16,STORE_067,Harare_Southerton,Whole Wheat,85,RT_008,1.52,85
2025-07-13 05:19:36,STORE_113,Marondera_Depot,High Energy White,176,RT_033,1.25,176
2025-05-21 19:41:19,STORE_021,Harare_Willowvale,Wholegrain Brown,230,RT_009,1.33,230
2025-07-25 12:00:55,STORE_090,Marondera_Depot,Family Loaf,263,RT_018,2.31,263
2025-07-23 03:41:48,STORE_081,Mutare_Branch,High Energy White,116,RT_019,1.34,116
2025-05-05 15:38:34,STORE_070,Bulawayo_Branch,Seed Loaf,72,RT_043,1.7,72
2025-02-12 23:54:46,STORE_016,Harare_Willowvale,Whole Wheat,91,RT_031,1.51,91
2025-02-05 18:35:30,STORE_051,Kwekwe_Depot,Mini Rolls 6-Pack,249,RT_028,0.95,249
2025-07-23 23:27:58,STORE_016,Bulawayo_Branch,Seed Loaf,217,RT_037,1.69,217
2025-04-16 08:19:08,STORE_108,Harare_Willowvale,Whole Wheat,226,RT_024,1.57,226
2025-06-09 12:03:29,STORE_030,Kwekwe_Depot,High Energy Brown,98,RT_005,1.38,98
2025-04-12 17:12:57,STORE_103,Marondera_Depot,High Energy Brown,112,RT_047,1.31,112
2025-04-18 09:45:15,STORE_026,Bindura_Depot,Wholegrain Brown,115,RT_014,1.34,115
2025-01-22 08:14:13,STORE_041,Marondera_Depot,Family Loaf,301,RT_022,2.33,301
2025-07-26 03:21:11,STORE_112,Harare_Southerton,HighEnergyBrown,114,RT_008,1.32,114
2025-07-02 21:30:31,STORE_088,Harare_Willowvale,High Energy Brown,124,RT_037,1.34,124
2025-07-24 04:39:15,STORE_066,Kwekwe_Depot,Seed Loaf,210,RT_009,1.43,210
2025-01-23 11:05:11,STORE_103,Bindura_Depot,Family Loaf,109,RT_030,2.13,109
2025-05-29 15:01:12,STORE_088,Mutare_Branch,Family Loaf,127,RT_014,2.24,127
2025-06-11 18:01:10,STORE_082,Harare_Willowvale,Mini Rolls 6-Pack,173,RT_001,0.99,173
2025-04-04 07:07:13,STORE_065,Masvingo_Branch,Wholegrain Brown,208,RT_032,1.4,208
2025-01-30 18:05:25,STORE_056,Bulawayo_Branch,Wholegrain Brown,164,RT_006,1.36,164
2025-04-30 09:04:24,STORE_075,Marondera_Depot,Buns 6-Pack,257,RT_035,1.29,257
2025-03-06 03:35:11,STORE_115,Bindura_Depot,Wholegrain Brown,210,RT_041,1.35,210
2025-05-22 03:36:10,STORE_058,Harare_Willowvale,Family Loaf,239,RT_012,2.15,239
2025-07-08 03:35:20,STORE_132,Gweru_Branch,Wholegrain Brown,291,RT_011,1.34,291
2025-05-09 04:52:42,STORE_106,Masvingo_Branch,Mini Rolls 6-Pack,211,RT_044,1.06,211
2025-02-10 00:10:53,STORE_032,Chitungwiza_Depot,High Energy Brown,187,RT_030,1.29,187
2025-06-12 03:45:12,STORE_025,Mutare_Branch,High Energy White,203,RT_043,1.3,203
2025-05-29 05:30:49,STORE_083,Mutare_Branch,Mini Rolls 6-Pack,49,RT_026,0.93,49
2025-01-15 16:16:22,STORE_047,Chitungwiza_Depot,Wholegrain Brown,170,RT_020,1.49,170
2025-05-10 04:27:47,STORE_101,Marondera_Depot,Seed Loaf,48,RT_034,1.63,48
2025-02-24 13:38:34,STORE_060,Gweru_Branch,High Energy Brown,288,RT_035,1.42,288
2025-02-15 18:39:59,STORE_002,Mutare_Branch,Buns 6-Pack,92,RT_041,1.06,92
2025-04-01 02:57:17,STORE_133,Mutare_Branch,High Energy White,73,RT_006,1.28,73
2025-06-27 13:37:45,STORE_118,Marondera_Depot,High Energy Brown,106,RT_040,1.34,106
2025-05-04 10:26:22,STORE_001,Bindura_Depot,High Energy Brown,55,RT_009,1.33,55
2025-01-19 10:59:05,STORE_092,Masvingo_Branch,High Energy White,244,RT_030,1.37,244
2025-04-15 03:15:54,STORE_073,Kwekwe_Depot,Seed Loaf,168,RT_049,1.69,168
2025-07-04 10:49:25,STORE_004,Kwekwe_Depot,Mini Rolls 6-Pack,246,RT_032,1.02,246
2025-02-27 00:47:33,STORE_029,Kwekwe_Depot,Family Loaf,209,RT_045,2.14,209
2025-06-26 19:51:27,STORE_049,Marondera_Depot,Wholegrain Brown,275,RT_001,1.45,275
2025-06-24 05:13:19,STORE_073,Marondera_Depot,Seed Loaf,184,RT_026,1.49,184
2025-04-19 00:20:39,STORE_021,Mutare_Branch,Whole Wheat,62,RT_006,1.38,62
2025-03-06 16:24:18,STORE_067,Marondera_Depot,Wholegrain Brown,291,RT_008,1.59,291
2025-05-22 13:09:53,STORE_008,Mutare_Branch,Buns 6-Pack,250,RT_036,1.24,250
2025-06-24 04:46:33,STORE_055,Gweru_Branch,Whole Wheat,128,RT_021,1.43,128
2025-05-03 04:53:43,STORE_037,Bulawayo_Branch,Soft White,16,RT_024,1.14,16
2025-05-12 21:56:56,STORE_109,Bindura_Depot,High Energy Brown,187,RT_041,1.48,187
2025-06-10 04:11:34,STORE_104,Mutare_Branch,Wholegrain Brown,176,RT_033,1.52,176
2025-04-13 04:57:25,STORE_023,Chitungwiza_Depot,Buns 6-Pack,274,RT_036,1.19,274
2025-05-05 02:25:05,STORE_119,Chitungwiza_Depot,Seed Loaf,265,RT_004,1.55,265
2025-01-28 19:58:30,STORE_055,Masvingo_Branch,Buns 6-Pack,127,RT_028,1.16,127
2025-04-07 03:14:02,STORE_009,Harare_Willowvale,Whole Wheat,80,RT_035,1.44,80
2025-01-20 03:50:43,STORE_014,Kwekwe_Depot,Buns 6-Pack,114,RT_031,1.26,114
2025-01-30 00:38:33,STORE_017,Kwekwe_Depot,High Energy White,86,RT_022,1.39,86
2025-01-12 16:14:42,STORE_111,Harare_Willowvale,Buns 6-Pack,264,RT_039,1.24,264
2025-03-18 14:36:31,STORE_087,Bindura_Depot,Whole Wheat,113,RT_045,1.61,113
2025-03-25 01:06:13,STORE_102,Masvingo_Branch,Mini Rolls 6-Pack,24,RT_020,1.07,24
2025-02-28 11:14:06,STORE_090,Bulawayo_Branch,Mini Rolls 6-Pack,87,RT_025,1.03,87
2025-02-20 04:24:28,STORE_080,Gweru_Branch,Buns 6-Pack,285,RT_017,1.2,285
2025-06-13 06:45:28,STORE_137,Harare_Willowvale,High Energy White,277,RT_009,1.28,277
2025-07-06 15:31:30,STORE_070,Chitungwiza_Depot,Buns 6-Pack,79,RT_006,1.18,79
2025-05-28 05:07:22,STORE_041,Bindura_Depot,Mini Rolls 6-Pack,239,RT_028,1.18,239
2025-07-08 14:02:29,STORE_030,Mutare_Branch,Buns 6-Pack,252,RT_014,1.21,252
2025-01-24 13:38:07,STORE_104,Masvingo_Branch,Mini Rolls 6-Pack,295,RT_026,1.16,295
2025-04-19 05:01:53,STORE_101,Kwekwe_Depot,Family Loaf,285,RT_047,2.23,285
2025-07-13 11:26:47,STORE_100,Mutare_Branch,Seed Loaf,280,RT_034,1.47,280
2025-04-03 11:41:03,STORE_013,Bulawayo_Branch,Seed Loaf,41,RT_016,1.49,41
2025-01-20 22:25:20,STORE_012,Bindura_Depot,Seed Loaf,30,RT_011,1.41,30
2025-05-02 22:35:08,STORE_011,Bulawayo_Branch,Wholegrain Brown,159,RT_034,1.56,159
2025-12-05 00:00:00,STORE_007,Gweru_Branch,Buns 6-Pack,277,RT_003,1.15,277
2025-03-21 09:36:24,STORE_083,Chitungwiza_Depot,High Energy Brown,222,RT_027,1.3,222
2025-04-08 11:38:39,STORE_046,Marondera_Depot,Wholegrain Brown,77,RT_025,1.38,77
2025-01-11 18:58:00,STORE_056,Bulawayo_Branch,Whole Wheat,159,RT_027,1.58,159
2025-01-18 20:50:12,STORE_108,Gweru_Branch,Buns 6-Pack,156,RT_020,1.24,156
2025-05-08 10:03:18,STORE_029,Marondera_Depot,Soft White,184,RT_046,1.35,184
2025-07-06 21:18:03,STORE_014,Mutare_Branch,High Energy Brown,287,RT_008,1.37,287
2025-07-15 18:39:56,STORE_107,Bindura_Depot,Buns 6-Pack,189,RT_036,1.12,189
2025-04-11 11:25:35,STORE_138,Masvingo_Branch,Buns 6-Pack,32,RT_006,1.26,32
2025-04-03 05:11:42,STORE_087,Mutare_Branch,Buns 6-Pack,219,RT_032,1.12,219
2025-01-25 04:53:39,STORE_038,Kwekwe_Depot,Soft White,66,RT_031,1.23,66
2025-05-22 00:21:57,STORE_038,Mutare_Branch,High Energy Brown,121,RT_046,1.21,121
2025-04-28 19:07:21,STORE_089,Kwekwe_Depot,Buns 6-Pack,192,RT_031,1.07,192
2025-07-27 11:42:03,STORE_041,Marondera_Depot,Wholegrain Brown,176,RT_033,1.54,176
2025-04-18 07:09:33,STORE_053,Masvingo_Branch,Buns 6-Pack,105,RT_038,1.15,105
2025-04-04 02:24:06,STORE_014,Gweru_Branch,Seed Loaf,481,RT_023,1.61,481
2025-02-04 02:55:34,STORE_134,Masvingo_Branch,Mini Rolls 6-Pack,139,RT_030,1.06,139
2025-05-21 02:17:51,STORE_128,Chitungwiza_Depot,Soft White,38,RT_038,1.21,38
2025-06-19 19:45:55,STORE_112,Kwekwe_Depot,Seed Loaf,34,RT_003,1.42,34
2025-01-15 12:46:04,STORE_138,Bindura_Depot,Buns 6-Pack,95,RT_046,1.14,95
2025-01-30 22:57:59,STORE_012,Harare_Willowvale,Seed Loaf,158,RT_036,1.43,158
2025-02-05 04:31:07,STORE_125,Chitungwiza_Depot,Wholegrain Brown,128,RT_001,1.51,128
2025-04-29 04:49:48,STORE_083,Chitungwiza_Depot,High Energy Brown,255,RT_023,1.41,255
2025-03-27 19:03:40,STORE_049,Bulawayo_Branch,Mini Rolls 6-Pack,258,RT_036,1.12,258
2025-03-20 00:00:00,STORE_105,Masvingo_Branch,Seed Loaf,285,RT_039,1.69,285
2025-03-08 15:58:39,STORE_001,Marondera_Depot,Wholegrain Brown,41,RT_009,1.52,41
2025-04-11 05:55:51,STORE_033,Masvingo_Branch,Wholegrain Brown,204,RT_011,1.56,204
2025-07-22 22:51:58,STORE_028,Chitungwiza_Depot,Soft White,261,RT_008,1.29,261
2025-05-10 20:00:53,STORE_005,Kwekwe_Depot,Family Loaf,114,RT_027,2.18,114
2025-06-09 20:46:54,STORE_012,Harare_Southerton,Wholegrain Brown,33,RT_004,1.48,33
2025-03-21 11:13:19,STORE_031,Bulawayo_Branch,Buns 6-Pack,143,RT_046,1.11,143
2025-06-21 11:50:38,STORE_128,Gweru_Branch,High Energy Brown,120,RT_037,1.49,120
2025-04-20 09:22:17,STORE_102,Chitungwiza_Depot,Wholegrain Brown,195,RT_037,1.49,195
2025-03-01 03:46:19,STORE_110,Marondera_Depot,Seed Loaf,173,RT_010,1.61,173
2025-03-22 02:11:19,STORE_042,Harare_Southerton,Whole Wheat,310,RT_012,1.58,310
2025-07-26 13:53:28,STORE_089,Kwekwe_Depot,High Energy White,235,RT_017,1.27,235
2025-02-23 19:51:39,STORE_101,Bindura_Depot,Buns 6-Pack,284,RT_039,1.18,284
2025-07-03 14:41:47,STORE_093,Masvingo_Branch,Soft White,124,RT_001,1.39,124
2025-05-21 03:47:28,STORE_135,Gweru_Branch,High Energy White,226,RT_033,1.29,226
2025-01-12 10:40:07,STORE_094,Chitungwiza_Depot,Family Loaf,84,RT_019,2.11,84
2025-04-17 07:00:13,STORE_124,Bindura_Depot,High Energy White,14,RT_008,1.49,14
2025-03-21 03:24:56,STORE_076,Mutare_Branch,Seed Loaf,87,RT_027,1.65,87
2025-02-20 07:09:20,STORE_019,Kwekwe_Depot,High Energy White,243,RT_018,1.46,243
2025-06-11 11:10:53,STORE_040,Mutare_Branch,Whole Wheat,314,RT_003,1.5,314
2025-01-20 23:21:30,STORE_041,Marondera_Depot,Buns 6-Pack,217,RT_010,1.05,217
2025-07-05 00:32:08,STORE_035,Masvingo_Branch,Wholegrain Brown,123,RT_011,1.4,123
2025-04-24 17:45:41,STORE_055,Harare_Willowvale,High Energy White,232,RT_049,1.47,232
2025-01-03 00:40:11,STORE_138,Masvingo_Branch,Soft White,289,RT_023,1.39,289
2025-04-22 21:58:24,STORE_082,Kwekwe_Depot,Whole Wheat,175,RT_008,1.38,175
2025-01-31 18:38:03,STORE_101,Mutare_Branch,High Energy Brown,277,RT_031,1.49,277
2025-04-17 03:35:42,STORE_083,Masvingo_Branch,Whole Wheat,131,RT_011,1.4,131
2025-03-02 19:06:47,STORE_089,Chitungwiza_Depot,Wholegrain Brown,114,RT_038,1.34,114
2025-03-24 05:03:03,STORE_026,Marondera_Depot,Family Loaf,161,RT_020,2.16,161
2025-07-20 11:37:49,STORE_137,Kwekwe_Depot,Seed Loaf,256,RT_034,1.5,256
2025-06-21 11:39:09,STORE_037,Bindura_Depot,Seed Loaf,286,RT_037,1.6,286
2025-01-08 01:46:53,STORE_119,Chitungwiza_Depot,Buns 6-Pack,191,RT_018,1.25,191
2025-03-25 12:43:57,STORE_004,Chitungwiza_Depot,High Energy Brown,186,RT_031,1.37,186
2025-01-14 08:12:18,STORE_028,Harare_Willowvale,Buns 6-Pack,176,RT_010,1.02,176
2025-01-09 20:26:37,STORE_063,Mutare_Branch,Mini Rolls 6-Pack,62,RT_030,0.94,62
2025-04-25 13:51:50,STORE_039,Bindura_Depot,Family Loaf,283,RT_041,2.36,283
2025-06-15 18:39:00,STORE_065,Harare_Willowvale,High Energy White,216,RT_013,1.39,216
2025-03-10 12:06:46,STORE_057,Bindura_Depot,Soft White,104,RT_013,1.32,104
2025-06-14 01:15:01,STORE_134,Kwekwe_Depot,Buns 6-Pack,192,RT_037,1.16,192
2025-01-06 16:27:14,STORE_107,Chitungwiza_Depot,Seed Loaf,272,RT_034,1.43,272
2025-06-02 01:15:11,STORE_014,Masvingo_Branch,High Energy Brown,168,RT_042,1.27,168
2025-06-23 02:34:07,STORE_075,Harare_Southerton,Whole Whet,180,RT_014,1.63,180
2025-05-16 06:39:48,STORE_019,Gweru_Branch,High Energy White,148,RT_005,1.38,148
2025-05-20 15:09:23,STORE_021,Kwekwe_Depot,Whole Wheat,108,RT_048,1.51,108
2025-02-15 08:03:20,STORE_118,Gweru_Branch,Buns 6-Pack,214,,1.3,214
2025-04-09 05:13:03,STORE_089,Masvingo_Branch,High Energy Brown,234,RT_021,1.22,234
2025-02-14 08:20:57,STORE_060,Harare_Willowvale,Buns 6-Pack,60,RT_008,1.22,60
2025-01-24 08:40:22,STORE_012,Kwekwe_Depot,High Energy White,85,RT_029,1.37,85
2025-07-03 23:37:19,STORE_087,Bindura_Depot,Whole Wheat,193,RT_048,1.47,193
2025-05-10 16:11:11,STORE_088,Harare_Southerton,Buns 6-Pack,248,RT_027,1.26,248
2025-06-08 06:41:22,STORE_128,Marondera_Depot,Whole Wheat,54,RT_031,1.54,54
2025-07-19 18:05:53,STORE_108,Bindura_Depot,Buns 6-Pack,134,RT_026,1.06,134
2025-02-14 22:17:37,STORE_110,Harare_Willowvale,High Energy White,115,RT_039,1.48,115
2025-03-24 21:44:28,STORE_024,Harare_Southerton,High Energy Brown,279,RT_010,1.3,279
2025-06-11 19:14:00,STORE_090,Gweru_Branch,Whole Wheat,130,RT_023,1.4,130
2025-07-02 00:12:15,STORE_053,Masvingo_Branch,Mini Rolls 6-Pack,257,RT_025,1.04,257
2025-02-18 21:55:56,STORE_001,Bulawayo_Branch,Mini Rolls 6-Pack,16,RT_042,1.0,16
2025-07-11 05:10:41,STORE_001,Harare_Southerton,Buns 6-Pack,75,RT_035,1.23,75
2025-04-14 13:44:53,STORE_005,Kwekwe_Depot,Mini Rolls 6-Pack,38,RT_049,1.01,38
2025-01-07 08:50:22,STORE_057,Marondera_Depot,Whole Wheat,242,RT_034,1.41,242
2025-05-04 04:56:45,STORE_108,Gweru_Branch,Family Loaf,153,RT_039,2.17,153
2025-05-11 22:32:41,STORE_105,Masvingo_Branch,Mini Rolls 6-Pack,109,RT_042,0.96,109
2025-01-26 05:35:22,STORE_070,Marondera_Depot,Buns 6-Pack,192,RT_012,1.13,192
2025-07-27 01:01:44,STORE_067,Harare_Southerton,Wholegrain Brown,85,RT_001,1.57,85
2025-06-09 21:22:11,STORE_097,Kwekwe_Depot,Buns 6-Pack,92,RT_020,1.07,92
2025-02-18 05:49:02,STORE_007,Bindura_Depot,Mini Rolls 6-Pack,142,RT_049,1.04,142
2025-01-26 20:50:00,STORE_121,Chitungwiza_Depot,Family Loaf,116,RT_021,2.36,116
2025-02-25 08:51:17,STORE_045,Bindura_Depot,Buns 6-Pack,264,RT_006,1.3,264
2025-04-14 22:56:15,STORE_026,Chitungwiza_Depot,High Energy White,258,RT_015,1.36,258
2025-05-22 19:25:49,STORE_120,Harare_Southerton,Buns 6-Pack,281,RT_028,1.16,281
2025-02-24 21:52:33,STORE_023,Harare_Willowvale,Soft White,151,RT_046,1.18,151
2025-07-07 10:50:50,STORE_086,Mutare_Branch,Whole Wheat,220,RT_037,1.56,220
2025-03-26 20:23:26,STORE_029,Harare_Willowvale,Soft White,49,RT_045,1.35,49
2025-01-18 08:08:31,STORE_085,Chitungwiza_Depot,Whole Wheat,196,RT_018,1.56,196
2025-07-04 03:23:04,STORE_019,Bulawayo_Branch,High Energy White,177,RT_013,1.48,177
2025-05-31 20:51:53,STORE_086,Kwekwe_Depot,Whole Wheat,38,RT_045,1.44,38
2025-05-23 04:02:52,STORE_006,Harare_Southerton,High Energy Brown,75,RT_022,1.49,75
2025-02-11 18:32:14,STORE_072,Mutare_Branch,Family Loaf,176,RT_022,2.12,176
2025-05-07 12:49:19,STORE_086,Gweru_Branch,Whole Wheat,132,RT_025,1.48,132
2025-06-09 01:50:40,STORE_043,Gweru_Branch,Whole Wheat,4,RT_010,1.52,4
2025-02-15 23:42:49,STORE_025,Kwekwe_Depot,Soft White,81,RT_021,1.1,81
2025-07-03 09:56:48,STORE_082,Chitungwiza_Depot,High Energy Brown,37,RT_023,1.3,37
2025-05-07 19:19:43,STORE_111,Harare_Southerton,Family Loaf,286,RT_002,2.24,286
2025-07-18 23:37:04,STORE_064,Chitungwiza_Depot,Whole Wheat,314,RT_037,1.59,314
2025-02-08 05:51:39,STORE_081,Kwekwe_Depot,Family Loaf,237,RT_035,2.39,237
2025-01-23 13:40:13,STORE_134,Harare_Southerton,Wholegrain Brown,268,RT_037,1.41,268
2025-02-12 09:01:46,STORE_059,Marondera_Depot,Mini Rolls 6-Pack,108,RT_036,1.16,108
2025-04-20 10:39:44,STORE_028,Marondera_Depot,Wholegrain Brown,262,RT_033,1.59,262
2025-07-23 04:12:46,STORE_106,Chitungwiza_Depot,High Energy Brown,76,,1.4,76
2025-05-13 17:16:26,STORE_008,Bindura_Depot,Mini Rolls 6-Pack,237,RT_026,1.03,237
2025-07-27 22:41:53,STORE_104,Marondera_Depot,High Energy White,42,RT_049,1.41,42
2025-04-14 03:00:05,STORE_113,Marondera_Depot,Family Loaf,80,RT_045,2.22,80
2025-07-26 08:40:41,STORE_139,Harare_Willowvale,Buns 6-Pack,223,RT_025,1.22,223
2025-05-15 02:37:42,STORE_118,Kwekwe_Depot,High Energy Brown,133,RT_040,1.23,133
2025-03-27 03:15:40,STORE_056,Bindura_Depot,Soft White,150,RT_016,1.13,150
2025-07-04 06:44:01,STORE_033,Gweru_Branch,Mini Rolls 6-Pack,4,RT_003,1.0,4
2025-04-16 21:44:22,STORE_056,Mutare_Branch,High Energy Brown,299,RT_007,1.23,299
2025-07-14 22:38:03,STORE_007,Mutare_Branch,Buns 6-Pack,84,RT_038,1.04,84
2025-03-09 20:54:35,STORE_029,Bindura_Depot,Family Loaf,152,RT_044,2.36,152
2025-02-03 04:34:55,STORE_020,Gweru_Branch,Family Loaf,103,RT_018,2.13,103
2025-05-15 18:45:18,STORE_018,Masvingo_Branch,Whole Wheat,197,RT_044,1.57,197
2025-01-10 10:57:32,STORE_071,Kwekwe_Depot,Buns 6-Pack,152,RT_029,1.0,152
2025-07-22 00:41:22,STORE_037,Gweru_Branch,Wholegrain Brown,174,RT_033,1.58,174
2025-06-21 11:55:27,STORE_070,Marondera_Depot,Family Loaf,51,RT_023,2.31,51
2025-05-02 10:00:55,STORE_104,Harare_Southerton,Mini Rolls 6-Pack,236,RT_020,1.0,236
2025-02-18 00:03:33,STORE_075,Kwekwe_Depot,Soft White,70,RT_013,1.21,70
2025-06-17 03:42:04,STORE_074,Chitungwiza_Depot,High Energy Brown,312,RT_028,1.39,312
2025-04-21 02:49:14,STORE_135,Kwekwe_Depot,High Energy Brown,164,RT_015,1.32,164
2025-02-04 01:23:29,STORE_012,Gweru_Branch,Buns 6-Pack,244,RT_013,1.19,244
2025-06-12 01:30:02,STORE_115,Mutare_Branch,Soft White,286,RT_024,1.17,286
2025-03-07 13:35:38,STORE_025,Chitungwiza_Depot,High Energy Brown,155,RT_002,1.44,155
2025-02-16 01:11:42,STORE_044,Masvingo_Branch,Soft White,241,RT_006,1.24,241
2025-03-02 18:24:55,STORE_093,Kwekwe_Depot,High Energy Brown,109,RT_045,1.48,109
2025-06-24 05:28:00,STORE_078,Chitungwiza_Depot,Soft White,302,RT_002,1.14,302
2025-01-10 11:20:08,STORE_011,Harare_Southerton,Soft White,196,RT_031,1.29,196
2025-02-27 00:07:13,STORE_061,Chitungwiza_Depot,Wholegrain Brown,9,RT_048,1.43,9
2025-01-29 14:46:25,STORE_060,Gweru_Branch,High Energy Brown,110,RT_047,1.41,110
2025-03-27 11:41:29,STORE_105,Gweru_Branch,High Energy White,101,RT_046,1.22,101
2025-03-29 03:03:57,STORE_019,Bindura_Depot,High Energy Brown,62,RT_018,1.38,62
2025-03-31 11:37:25,STORE_007,Masvingo_Branch,Buns 6-Pack,90,RT_025,1.19,90
2025-07-05 00:20:49,STORE_020,Marondera_Depot,Soft White,281,RT_027,1.36,281
2025-05-21 20:36:45,STORE_098,Harare_Willowvale,High Energy Brown,169,RT_030,1.37,169
2025-06-26 21:34:32,STORE_025,Gweru_Branch,Soft White,202,RT_043,1.12,202
2025-01-29 05:06:27,STORE_066,Masvingo_Branch,Seed Loaf,72,RT_040,1.59,72
2025-01-22 00:57:00,STORE_121,Bulawayo_Branch,Family Loaf,286,RT_039,2.27,286
2025-01-12 05:03:36,STORE_093,Marondera_Depot,Seed Loaf,171,RT_019,1.4,171
2025-05-24 13:13:03,STORE_019,Bindura_Depot,Mini Rolls 6-Pack,278,RT_011,1.09,278
2025-01-28 04:58:36,STORE_059,Chitungwiza_Depot,High Energy White,235,RT_008,1.28,235
2025-04-28 13:47:07,STORE_057,,Soft White,306,RT_041,1.37,306
2025-07-14 00:55:21,STORE_001,Mutare_Branch,High Energy White,178,RT_004,1.26,178
2025-03-26 11:50:59,STORE_022,Gweru_Branch,High Energy White,61,RT_036,1.24,61
2025-01-11 00:19:04,STORE_114,Chitungwiza_Depot,Soft White,95,RT_011,1.22,95
2025-07-11 14:28:14,STORE_116,Gweru_Branch,Mini Rolls 6-Pack,102,RT_004,1.02,102
2025-01-25 08:21:55,STORE_084,Marondera_Depot,Mini Rolls 6-Pack,297,RT_040,1.07,297
2025-07-25 08:03:49,STORE_102,Bindura_Depot,Seed Loaf,145,RT_006,1.42,145
2025-07-16 00:44:52,STORE_037,Kwekwe_Depot,Mini Rolls 6-Pack,306,RT_045,0.99,306
2025-01-26 21:44:35,STORE_101,Gweru_Branch,Whole Wheat,52,RT_046,1.39,52
2025-07-09 16:52:00,STORE_073,Harare_Willowvale,Whole Wheat,145,RT_024,1.41,145
2025-06-28 10:41:55,STORE_083,Harare_Willowvale,Wholegrain Brown,266,RT_027,1.36,266
2025-04-30 03:12:02,STORE_055,Masvingo_Branch,Buns 6-Pack,173,RT_033,1.26,173
2025-06-17 00:53:19,STORE_073,Masvingo_Branch,High Energy Brown,66,RT_001,1.4,66
2025-04-17 18:35:54,STORE_060,Bindura_Depot,Family Loaf,309,RT_030,2.19,309
2025-03-25 16:44:05,STORE_035,Harare_Willowvale,Seed Loaf,315,RT_043,1.69,315
2025-04-23 03:26:05,STORE_037,Harare_Southerton,Whole Wheat,138,RT_038,1.48,138
2025-01-01 00:00:37,STORE_083,Bulawayo_Branch,Wholegrain Brown,110,RT_049,1.37,110
2025-01-22 14:10:07,STORE_047,Kwekwe_Depot,High Energy White,251,RT_004,1.32,251
2025-05-30 21:32:18,STORE_109,Bindura_Depot,Buns 6-Pack,12,RT_032,1.13,12
2025-05-05 18:21:46,STORE_082,Harare_Willowvale,Whole Wheat,162,RT_041,1.52,162
2025-01-28 11:56:44,STORE_061,Bulawayo_Branch,Buns 6-Pack,182,RT_032,1.05,182
2025-04-30 05:45:30,STORE_119,Bulawayo_Branch,Mini Rolls 6-Pack,26,RT_005,1.18,26
2025-05-30 05:46:19,STORE_056,Harare_Willowvale,Wholegrain Brown,52,RT_021,1.5,52
2025-05-18 13:28:44,STORE_076,Masvingo_Branch,Family Loaf,252,RT_009,2.35,252
2025-07-03 19:23:43,STORE_037,Bulawayo_Branch,High Energy White,129,RT_009,1.4,129
2025-02-25 03:33:32,STORE_116,Harare_Willowvale,Whole Wheat,113,RT_049,1.58,113
2025-12-05 00:00:00,STORE_065,Harare_Willowvale,Whole Wheat,265,RT_032,1.58,265
2025-05-21 16:11:37,STORE_100,Masvingo_Branch,Soft White,38,RT_006,1.33,38
2025-07-17 14:26:55,STORE_039,Kwekwe_Depot,Buns 6-Pack,306,RT_019,1.12,306
2025-06-04 22:59:00,STORE_012,Mutare_Branch,High Energy White,84,RT_030,1.29,84
2025-01-25 13:05:11,STORE_048,Masvingo_Branch,Wholegrain Brown,98,RT_021,1.34,98
2025-01-24 07:14:39,STORE_053,Masvingo_Branch,Buns 6-Pack,114,RT_036,1.27,114
2025-05-10 19:49:37,STORE_090,Chitungwiza_Depot,High Energy Brown,317,RT_016,1.42,317
2025-05-28 17:37:42,STORE_088,Bulawayo_Branch,Whole Wheat,28,RT_010,1.43,28
2025-03-29 00:50:17,STORE_113,Harare_Southerton,Seed Loaf,209,RT_040,1.58,209
2025-06-25 07:55:30,STORE_095,Bindura_Depot,Soft White,184,RT_041,1.25,184
2025-05-01 17:40:45,STORE_102,Chitungwiza_Depot,Mini Rolls 6-Pack,207,RT_040,0.93,207
2025-06-14 15:04:47,STORE_118,Chitungwiza_Depot,SeedLoaf,19,RT_030,1.58,19
2025-05-20 23:48:04,STORE_114,Harare_Southerton,High Energy White,298,RT_011,1.48,298
2025-04-06 02:58:43,STORE_010,Harare_Willowvale,Wholegrain Brown,134,RT_024,1.5,134
2025-07-15 03:13:45,STORE_114,Masvingo_Branch,High Energy White,92,RT_019,1.33,92
2025-07-18 18:03:05,STORE_056,Bindura_Depot,High Energy White,273,RT_043,1.45,273
2025-07-30 04:51:06,STORE_061,Masvingo_Branch,Buns 6-Pack,39,RT_015,1.08,39
2025-07-03 04:33:53,STORE_086,Kwekwe_Depot,High Energy Brown,260,RT_017,1.3,260
2025-03-26 12:04:38,STORE_119,Bulawayo_Branch,Mini Rolls 6-Pack,162,RT_020,1.01,162
2025-01-14 03:26:23,STORE_076,Masvingo_Branch,Whole Wheat,35,RT_024,1.39,35
2025-01-28 17:08:58,STORE_118,Gweru_Branch,Soft White,193,RT_016,1.14,193
2025-07-19 03:30:04,STORE_064,Bindura_Depot,High Energy Brown,261,RT_008,1.43,261
2025-06-20 02:41:37,STORE_064,Chitungwiza_Depot,Seed Loaf,262,RT_012,1.5,262
2025-04-08 09:36:38,STORE_128,Bulawayo_Branch,Whole Wheat,259,RT_017,1.4,259
2025-06-16 10:23:02,STORE_070,Bulawayo_Branch,Wholegrain Brown,57,RT_039,1.34,57
2025-07-09 23:18:06,STORE_016,Chitungwiza_Depot,Seed Loaf,60,RT_016,1.57,60
2025-02-27 15:54:02,STORE_051,Chitungwiza_Depot,High Energy White,67,RT_024,1.27,67
2025-02-19 00:45:43,STORE_097,Harare_Southerton,Soft White,166,RT_014,1.15,166
2025-03-20 19:00:43,STORE_007,Gweru_Branch,Family Loaf,28,RT_015,2.24,28
2025-06-26 01:31:53,STORE_127,Bulawayo_Branch,Whole Wheat,102,RT_004,1.64,102
2025-07-02 00:51:47,STORE_096,Bulawayo_Branch,Mini Rolls 6-Pack,128,RT_042,0.95,128
2025-06-23 09:36:33,STORE_112,Bulawayo_Branch,Soft White,75,RT_024,1.14,75
2025-07-23 15:07:56,STORE_043,Bindura_Depot,Whole Wheat,242,RT_017,1.37,242
2025-04-06 20:16:14,STORE_122,Bulawayo_Branch,Whole Wheat,20,RT_019,1.53,20
2025-04-26 10:59:55,STORE_053,Harare_Willowvale,Mini Rolls 6-Pack,173,RT_040,1.11,173
2025-07-19 16:39:53,STORE_075,Marondera_Depot,Wholegrain Brown,98,RT_029,1.58,98
2025-07-26 10:08:57,STORE_075,Gweru_Branch,Wholegrain Brown,169,RT_001,1.52,169
2025-01-27 12:40:07,STORE_034,Gweru_Branch,Buns 6-Pack,244,RT_002,1.15,244
2025-01-06 04:49:55,STORE_040,Mutare_Branch,Buns 6-Pack,174,RT_025,1.23,174
2025-07-10 23:55:40,STORE_027,Marondera_Depot,Mini Rolls 6-Pack,289,RT_014,0.97,289
2025-04-18 18:07:51,STORE_084,Masvingo_Branch,Seed Loaf,163,RT_034,1.67,163
2025-05-28 14:51:41,STORE_005,Mutare_Branch,Buns 6-Pack,170,RT_001,1.29,170
2025-04-05 23:32:16,STORE_031,Harare_Southerton,Soft White,221,RT_023,1.15,221
2025-03-29 14:04:36,STORE_115,Bindura_Depot,Whole Wheat,4,RT_002,1.48,4
2025-02-15 01:42:22,STORE_058,Marondera_Depot,Whole Wheat,103,RT_023,1.56,103
2025-07-12 19:25:46,STORE_039,Harare_Willowvale,Family Loaf,291,RT_030,2.11,291
2025-07-09 03:34:58,STORE_136,Bulawayo_Branch,Buns 6-Pack,188,RT_024,1.18,188
2025-07-28 20:40:46,STORE_048,Chitungwiza_Depot,High Energy White,22,RT_001,1.39,22
2025-03-07 18:51:00,STORE_082,Gweru_Branch,Seed Loaf,22,RT_016,1.6,22
2025-05-09 15:49:01,STORE_113,Kwekwe_Depot,High Energy Brown,225,RT_006,1.49,225
2025-03-12 13:18:49,STORE_095,Marondera_Depot,Mini Rolls 6-Pack,113,RT_039,0.97,113
2025-06-21 16:24:39,STORE_040,Kwekwe_Depot,High Energy Brown,20,RT_034,1.28,20
2025-06-08 06:47:26,STORE_099,Harare_Southerton,Buns 6-Pack,15,RT_038,1.15,15
2025-05-18 13:11:00,STORE_049,Kwekwe_Depot,Whole Wheat,78,RT_039,1.47,78
2025-04-27 02:23:53,STORE_054,Harare_Southerton,Family Loaf,251,RT_031,2.18,251
2025-01-25 04:27:12,STORE_029,Marondera_Depot,Family Loaf,262,RT_046,2.32,262
2025-04-25 00:23:45,STORE_066,Bindura_Depot,Family Loaf,68,RT_024,2.2,68
2025-05-28 12:28:08,STORE_027,Chitungwiza_Depot,Buns 6-Pack,435,RT_030,1.18,435
2025-04-08 12:17:01,STORE_138,Harare_Willowvale,Buns 6-Pack,62,RT_026,1.12,62
2025-06-23 05:54:08,STORE_133,Marondera_Depot,High Energy White,179,RT_013,1.34,179
2025-06-13 23:03:38,STORE_028,Masvingo_Branch,High Energy White,262,RT_010,1.28,262
2025-05-29 22:22:13,STORE_077,Harare_Southerton,Buns 6-Pack,247,RT_044,1.27,247
2025-05-25 21:23:05,STORE_096,Harare_Southerton,Mini Rolls 6-Pack,300,RT_013,0.99,300
2025-07-12 12:54:17,STORE_003,Harare_Willowvale,Whole Wheat,76,RT_018,1.64,76
2025-02-12 19:36:31,STORE_107,Masvingo_Branch,Wholegrain Brown,46,RT_012,1.49,46
2025-03-31 09:17:27,STORE_129,Bulawayo_Branch,Buns 6-Pack,33,RT_037,1.28,33
2025-03-27 07:26:22,STORE_124,Bulawayo_Branch,Family Loaf,236,RT_046,2.17,236
2025-03-18 13:36:19,STORE_114,Harare_Southerton,Buns 6-Pack,258,RT_025,1.01,258
2025-05-10 14:57:48,STORE_106,Bindura_Depot,Soft White,94,RT_038,1.27,94
2025-03-09 03:15:45,STORE_135,Gweru_Branch,High Energy Brown,281,RT_025,1.29,281
2025-02-15 00:24:13,STORE_033,Masvingo_Branch,Whole Wheat,233,RT_004,1.43,233
2025-01-09 19:04:08,STORE_066,Bulawayo_Branch,Seed Loaf,256,RT_015,1.48,256
2025-07-15 12:46:07,STORE_048,Mutare_Branch,Soft White,213,RT_010,1.14,213
2025-05-11 00:18:45,STORE_130,Kwekwe_Depot,Seed Loaf,15,RT_038,1.51,15
2025-02-22 07:10:33,STORE_049,Mutare_Branch,High Energy White,174,RT_029,1.22,174
2025-02-11 08:59:47,STORE_008,Bindura_Depot,Family Loaf,72,RT_031,2.32,72
2025-04-21 22:04:50,STORE_059,Chitungwiza_Depot,Wholegrain Brown,93,RT_018,1.51,93
2025-01-21 06:42:33,STORE_088,Harare_Southerton,Seed Loaf,80,RT_014,1.55,80
2025-07-26 07:29:49,STORE_104,Harare_Willowvale,Seed Loaf,30,RT_022,1.6,30
2025-07-24 02:01:12,STORE_084,Masvingo_Branch,High Energy Brown,135,RT_015,1.29,135
2025-06-15 05:03:18,STORE_132,Masvingo_Branch,High Energy White,302,RT_017,1.23,302
2025-07-26 07:06:53,STORE_001,Bulawayo_Branch,High Energy Brown,36,RT_021,1.28,36
2025-01-05 00:23:10,STORE_132,Chitungwiza_Depot,Family Loaf,123,RT_009,2.38,123
2025-06-21 18:54:58,STORE_024,Gweru_Branch,Wholegrain Brown,162,RT_036,1.54,162
2025-02-21 00:49:12,STORE_053,Bindura_Depot,High Energy White,44,RT_044,1.44,44
2025-05-19 15:21:16,STORE_060,Harare_Southerton,Buns 6-Pack,309,RT_005,1.05,309
2025-07-01 09:10:12,STORE_110,Bindura_Depot,High Energy Brown,100,RT_023,1.33,100
2025-02-18 02:35:32,STORE_120,Gweru_Branch,Soft White,246,RT_024,1.11,246
2025-02-11 22:08:58,STORE_079,Chitungwiza_Depot,Seed Loaf,206,RT_015,1.5,206
2025-07-30 03:27:29,STORE_136,Bindura_Depot,Soft White,19,RT_039,1.26,19
2025-05-04 12:57:09,STORE_024,Bindura_Depot,Buns 6-Pack,34,RT_002,1.3,34
2025-03-21 07:16:43,STORE_132,Masvingo_Branch,Whole Wheat,174,RT_017,1.44,174
2025-03-16 14:46:51,STORE_019,Marondera_Depot,Soft White,138,RT_032,1.31,138
2025-04-02 11:40:28,STORE_018,Bulawayo_Branch,Wholegrain Brown,84,RT_015,1.45,84
2025-04-25 08:08:37,STORE_119,Harare_Willowvale,Soft White,266,RT_006,1.17,266
2025-05-31 18:43:35,STORE_084,Mutare_Branch,High Energy White,225,RT_031,1.39,225
2025-02-06 22:05:48,STORE_121,Kwekwe_Depot,Soft White,147,RT_009,1.13,147
2025-06-14 10:34:20,STORE_089,Masvingo_Branch,Family Loaf,230,RT_003,2.35,230
2025-04-12 04:54:07,STORE_106,Bulawayo_Branch,Whole Wheat,318,RT_044,1.38,318
2025-03-08 21:47:13,STORE_136,Masvingo_Branch,High Energy White,234,RT_031,1.37,234
2025-02-02 03:10:45,STORE_137,Gweru_Branch,High Energy White,53,RT_007,1.3,53
2025-01-11 12:58:01,STORE_118,Masvingo_Branch,Buns 6-Pack,115,RT_010,1.26,115
2025-02-10 08:03:21,STORE_023,Marondera_Depot,Buns 6-Pack,309,RT_004,1.28,309
2025-03-01 06:07:21,STORE_093,Bulawayo_Branch,Wholegrain Brown,171,RT_002,1.41,171
2025-03-08 00:33:35,STORE_126,Mutare_Branch,Wholegrain Brown,318,RT_022,1.41,318
2025-07-03 02:29:44,STORE_121,Masvingo_Branch,Family Loaf,42,RT_017,2.1,42
2025-05-30 20:10:20,STORE_119,Marondera_Depot,Soft White,298,RT_015,1.14,298
2025-04-11 10:15:24,STORE_107,Bindura_Depot,Family Loaf,213,RT_025,2.29,213
2025-01-08 09:14:53,STORE_004,Gweru_Branch,High Energy White,305,RT_028,1.49,305
2025-02-28 11:38:47,STORE_066,Harare_Willowvale,Mini Rolls 6-Pack,51,RT_040,1.11,51
2025-07-02 17:30:03,STORE_018,Masvingo_Branch,Mini Rolls 6-Pack,260,RT_005,1.12,260
2025-05-03 10:20:23,STORE_046,Mutare_Branch,Wholegrain Brown,44,RT_005,1.56,44
2025-06-16 06:53:24,STORE_032,Kwekwe_Depot,High Energy Brown,241,RT_010,1.33,241
2025-05-14 04:55:17,STORE_009,Harare_Willowvale,High Energy White,91,RT_011,1.21,91
2025-01-27 08:28:01,STORE_032,Marondera_Depot,Whole Wheat,210,RT_021,1.48,210
2025-04-24 04:05:38,STORE_064,Mutare_Branch,Family Loaf,140,RT_021,2.18,140
2025-01-23 00:15:40,STORE_012,Harare_Willowvale,High Energy White,26,RT_024,1.22,26
2025-04-13 18:29:51,STORE_032,Marondera_Depot,Mini Rolls 6-Pack,149,RT_037,0.97,149
2025-06-09 20:27:04,STORE_095,Marondera_Depot,Wholegrain Brown,17,RT_036,1.41,17
2025-02-14 04:34:27,STORE_049,Bindura_Depot,High Energy Brown,244,RT_039,1.25,244
2025-01-21 01:09:01,STORE_014,Kwekwe_Depot,Buns 6-Pack,15,RT_010,1.02,15
2025-02-12 10:17:22,STORE_122,Chitungwiza_Depot,Mini Rolls 6-Pack,239,RT_040,0.9,239
2025-01-03 21:08:44,STORE_117,Bindura_Depot,High Energy Brown,235,RT_003,1.28,235
2025-03-15 16:48:32,STORE_103,Marondera_Depot,Seed Loaf,262,RT_043,1.4,262
2025-06-16 13:09:32,STORE_086,Harare_Southerton,Seed Loaf,150,RT_042,1.45,150
2025-02-07 18:23:03,STORE_137,Bindura_Depot,Buns 6-Pack,304,RT_001,1.07,304
2025-01-16 09:23:05,STORE_062,Gweru_Branch,Mini Rolls 6-Pack,298,RT_012,1.16,298
2025-07-17 07:56:52,STORE_075,,Buns 6-Pack,131,RT_040,1.09,131
2025-06-26 12:55:18,STORE_011,Marondera_Depot,Mini Rolls 6-Pack,98,RT_038,1.17,98
2025-06-14 18:31:36,STORE_004,Bulawayo_Branch,Whole Wheat,153,RT_030,1.63,153
2025-12-05 00:00:00,STORE_092,Bindura_Depot,Seed Loaf,206,RT_049,1.7,206
2025-06-16 19:42:47,STORE_016,Gweru_Branch,Mini Rolls 6-Pack,235,RT_029,1.18,235
2025-01-19 10:40:03,STORE_052,Masvingo_Branch,Seed Loaf,210,RT_036,1.5,210
2025-06-22 16:53:19,STORE_027,Harare_Southerton,Seed Loaf,29,RT_048,1.49,29
2025-05-01 18:42:07,STORE_029,Gweru_Branch,Buns 6-Pack,122,RT_015,1.05,122
2025-01-27 04:25:53,STORE_027,Kwekwe_Depot,Wholegrain Brown,239,RT_045,1.46,239
2025-02-27 13:26:38,STORE_005,Masvingo_Branch,Seed Loaf,318,RT_023,1.4,318
2025-07-03 22:56:34,STORE_017,Marondera_Depot,High Energy White,223,RT_031,1.46,223
2025-05-06 22:31:40,STORE_046,Harare_Willowvale,Seed Loaf,48,RT_028,1.54,48
2025-03-26 04:00:03,STORE_131,Gweru_Branch,Wholegrain Brown,273,RT_005,1.4,273
2025-02-19 02:47:18,STORE_112,Chitungwiza_Depot,High Energy Brown,234,RT_037,1.22,234
2025-07-20 11:09:31,STORE_044,Gweru_Branch,High Energy Brown,101,RT_006,1.3,101
2025-01-01 13:52:56,STORE_112,Gweru_Branch,Mini Rolls 6-Pack,97,RT_041,0.91,97
2025-07-01 11:26:06,STORE_116,Chitungwiza_Depot,Family Loaf,262,RT_020,2.16,262
2025-01-07 04:03:57,STORE_120,Mutare_Branch,Wholegrain Brown,319,RT_048,1.48,319
2025-01-07 11:14:27,STORE_044,Bindura_Depot,Buns 6-Pack,100,RT_029,1.25,100
2025-04-06 18:22:05,STORE_107,Gweru_Branch,High Energy Brown,11,RT_015,1.46,11
2025-02-25 19:38:44,STORE_073,Bulawayo_Branch,High Energy Brown,145,RT_007,1.49,145
2025-01-21 00:37:08,STORE_029,Bindura_Depot,High Energy White,201,RT_030,1.37,201
2025-05-17 18:49:01,STORE_072,Bindura_Depot,High Energy White,226,RT_022,1.46,226
2025-01-27 06:04:59,STORE_078,Mutare_Branch,High Energy Brown,63,RT_008,1.42,63
2025-07-26 10:35:04,STORE_107,Kwekwe_Depot,Wholegrain Brown,116,RT_005,1.59,116
2025-03-22 03:19:45,STORE_074,Harare_Willowvale,Wholegrain Brown,285,RT_042,1.32,285
2025-04-28 00:11:04,STORE_022,Bulawayo_Branch,Buns 6-Pack,96,RT_028,1.09,96
2025-07-15 17:23:43,STORE_015,Harare_Willowvale,Family Loaf,62,RT_023,2.29,62
2025-05-31 16:12:05,STORE_111,Bindura_Depot,Buns 6-Pack,11,RT_005,1.06,11
2025-04-13 06:37:01,STORE_007,Marondera_Depot,Buns 6-Pack,82,RT_040,1.1,82
2025-07-01 07:00:45,STORE_093,Harare_Willowvale,Mini Rolls 6-Pack,107,RT_030,1.13,107
2025-04-13 02:23:57,STORE_017,Chitungwiza_Depot,High Energy Brown,204,RT_038,1.44,204
2025-07-15 05:21:49,STORE_092,Bindura_Depot,Whole Wheat,80,RT_034,1.42,80
2025-07-27 09:07:37,STORE_062,Kwekwe_Depot,Family Loaf,74,RT_024,2.19,74
2025-06-11 00:47:43,STORE_134,Harare_Southerton,Family Loaf,305,RT_018,2.14,305
2025-05-11 09:27:17,STORE_065,Mutare_Branch,Buns 6-Pack,6,RT_044,1.29,6
2025-04-03 14:38:02,STORE_008,Mutare_Branch,Soft White,71,RT_023,1.23,71
2025-03-26 03:12:02,STORE_086,Kwekwe_Depot,Seed Loaf,16,RT_031,1.59,16
2025-05-07 11:11:24,STORE_105,Bulawayo_Branch,Seed Loaf,112,RT_018,1.42,112
2025-05-05 10:10:40,STORE_088,Kwekwe_Depot,High Energy Brown,62,RT_018,1.33,62
2025-06-24 18:37:20,STORE_020,Harare_Southerton,Whole Wheat,310,RT_021,1.41,310
2025-07-15 00:08:31,STORE_116,Harare_Southerton,High Energy White,150,RT_014,1.28,150
2025-07-09 22:31:47,STORE_061,Marondera_Depot,Soft White,104,RT_027,1.11,104
2025-03-31 01:20:20,STORE_119,Harare_Willowvale,High Energy Brown,25,RT_033,1.47,25
2025-04-16 05:17:24,STORE_085,Bulawayo_Branch,Buns 6-Pack,92,RT_026,1.23,92
2025-04-03 00:33:26,STORE_035,Bindura_Depot,Whole Wheat,75,RT_035,1.43,75
2025-01-30 06:33:15,STORE_006,Harare_Southerton,Wholegrain Brown,120,RT_019,1.34,120
2025-01-31 23:11:58,STORE_037,Harare_Southerton,Family Loaf,292,RT_048,2.29,292
2025-07-30 23:31:25,STORE_019,Harare_Southerton,SoapBar,292,RT_049,1.39,292
2025-03-19 21:23:26,STORE_059,Masvingo_Branch,Seed Loaf,222,RT_035,1.59,222
2025-06-21 07:35:13,STORE_013,Kwekwe_Depot,High Energy Brown,142,RT_039,1.47,142
2025-03-21 23:06:41,STORE_103,Masvingo_Branch,High Energy White,256,RT_038,1.24,256
2025-05-03 08:15:21,STORE_069,Harare_Willowvale,High Energy Brwn,222,RT_010,1.24,222
2025-05-23 12:54:58,STORE_069,Harare_Southerton,Buns 6-Pack,109,RT_047,1.19,109
2025-05-02 05:51:14,STORE_099,Kwekwe_Depot,Wholegrain Brown,261,RT_046,1.52,261
2025-04-15 21:10:26,STORE_114,Mutare_Branch,High Energy White,128,RT_032,1.29,128
2025-01-10 08:46:18,STORE_089,Harare_Southerton,High Energy White,131,RT_046,1.33,131
2025-02-17 19:37:59,STORE_097,Mutare_Branch,High Energy Brown,279,RT_002,1.23,279
2025-03-18 21:08:36,STORE_049,Mutare_Branch,Mini Rolls 6-Pack,121,RT_012,1.13,121
2025-01-15 20:46:22,STORE_103,Bindura_Depot,Buns 6-Pack,113,RT_038,1.26,113
2025-06-12 12:33:28,STORE_006,Harare_Southerton,Soft White,310,RT_039,1.39,310
2025-07-29 20:45:13,STORE_116,Mutare_Branch,High Energy White,40,RT_011,1.36,40
2025-04-28 16:07:07,STORE_110,Gweru_Branch,Whole Wheat,289,RT_025,1.42,289
2025-07-02 15:30:30,STORE_095,Harare_Willowvale,Seed Loaf,100,RT_043,1.49,100
2025-03-03 01:57:00,STORE_107,Chitungwiza_Depot,Mini Rolls 6-Pack,61,RT_008,1.17,61
2025-04-07 02:53:51,STORE_092,Marondera_Depot,High Energy White,52,RT_014,1.37,52
2025-04-25 17:11:20,STORE_023,Chitungwiza_Depot,Buns 6-Pack,56,RT_012,1.28,56
2025-02-02 05:36:15,STORE_015,Bindura_Depot,Buns 6-Pack,272,RT_039,1.26,272
2025-07-07 05:20:55,STORE_042,Masvingo_Branch,High Energy Brown,277,RT_023,1.29,277
2025-04-17 18:39:11,STORE_022,Bindura_Depot,High Energy White,117,RT_038,1.34,117
2025-03-09 22:45:04,STORE_055,Chitungwiza_Depot,Seed Loaf,61,RT_021,1.63,61
2025-02-17 04:26:13,STORE_129,Mutare_Branch,Mini Rolls 6-Pack,13,RT_018,0.92,13
2025-03-03 11:01:14,STORE_087,Harare_Willowvale,Seed Loaf,116,RT_044,1.58,116
2025-02-12 02:21:50,STORE_139,Marondera_Depot,Mini Rolls 6-Pack,317,RT_049,0.95,317
2025-07-06 02:27:25,STORE_127,Bindura_Depot,High Energy White,151,RT_016,1.36,151
2025-04-20 12:32:23,STORE_034,Masvingo_Branch,Family Loaf,49,RT_029,2.3,49
2025-07-22 00:54:17,STORE_127,Harare_Willowvale,Whole Wheat,216,RT_034,1.44,216
2025-01-27 10:39:58,STORE_126,Harare_Southerton,High Energy White,16,RT_044,1.43,16
2025-05-20 15:31:10,STORE_097,Kwekwe_Depot,High Energy Brown,78,RT_047,1.24,78
2025-06-10 02:57:09,STORE_070,Masvingo_Branch,Wholegrain Brown,136,RT_008,1.31,136
2025-07-16 05:38:12,STORE_068,Bulawayo_Branch,Buns 6-Pack,303,RT_018,1.29,303
2025-01-12 23:22:29,STORE_032,Mutare_Branch,Soft White,283,RT_023,1.19,283
2025-07-27 04:45:18,STORE_093,Harare_Southerton,Wholegrain Brown,193,RT_045,1.34,193
2025-07-03 08:14:17,STORE_126,Chitungwiza_Depot,Buns 6-Pack,63,RT_027,1.03,63
2025-03-23 20:32:48,STORE_098,Harare_Southerton,Soft White,129,RT_020,1.12,129
2025-01-31 05:46:01,STORE_054,Bindura_Depot,Seed Loaf,207,RT_004,1.4,207
2025-06-17 17:59:09,STORE_138,Harare_Willowvale,High Energy White,250,RT_007,1.32,250
2025-06-28 20:11:16,STORE_090,Masvingo_Branch,Soft White,81,RT_042,1.21,81
2025-01-04 03:00:01,STORE_047,Gweru_Branch,Whole Wheat,263,RT_033,1.36,263
2025-02-21 10:12:11,STORE_028,Gweru_Branch,Buns 6-Pack,225,RT_005,1.1,225
2025-05-01 16:11:49,STORE_026,Marondera_Depot,Wholegrain Brown,85,RT_003,1.35,85
2025-07-09 18:01:27,STORE_011,Marondera_Depot,Buns 6-Pack,298,RT_019,1.06,298
2025-06-13 23:48:51,STORE_097,Masvingo_Branch,Whole Wheat,248,RT_049,1.46,248
2025-05-20 06:13:22,STORE_093,Gweru_Branch,Soft White,117,RT_023,1.16,117
2025-07-02 04:03:54,STORE_003,Kwekwe_Depot,High Energy White,217,RT_021,1.25,217
2025-02-24 22:05:50,STORE_093,Harare_Willowvale,Family Loaf,48,RT_025,2.14,48
2025-05-26 02:44:55,STORE_018,Bulawayo_Branch,Wholegrain Brown,10,RT_007,1.52,10
2025-05-02 16:37:17,STORE_085,Bindura_Depot,Family Loaf,205,RT_023,2.36,205
2025-06-14 00:13:16,STORE_070,Harare_Willowvale,High Energy White,170,RT_009,1.39,170
2025-07-08 18:45:33,STORE_042,Mutare_Branch,Soft White,292,RT_036,1.22,292
2025-04-14 12:46:00,STORE_087,Bindura_Depot,Seed Loaf,136,RT_010,1.65,136
2025-01-07 22:05:04,STORE_136,Bindura_Depot,High Energy Brown,192,RT_017,1.36,192
2025-07-30 05:31:45,STORE_028,Harare_Southerton,Seed Loaf,224,RT_047,1.42,224
2025-04-02 06:56:12,STORE_063,Marondera_Depot,Seed Loaf,274,RT_008,1.5,274
2025-01-05 13:15:45,STORE_032,Bindura_Depot,Mini Rolls 6-Pack,202,RT_005,1.13,202
2025-05-19 21:42:32,STORE_115,Gweru_Branch,Wholegrain Brown,216,RT_030,1.35,216
2025-03-08 04:06:49,STORE_136,Bindura_Depot,Whole Wheat,67,RT_043,1.44,67
2025-02-02 06:08:25,STORE_027,Harare_Willowvale,Soft White,238,RT_017,1.26,238
2025-06-04 09:41:34,STORE_047,Chitungwiza_Depot,Seed Loaf,137,RT_026,1.65,137
2025-06-11 14:25:16,STORE_115,Marondera_Depot,High Energy Brown,46,RT_005,1.35,46
2025-01-22 17:12:16,STORE_112,Gweru_Branch,Family Loaf,270,RT_030,2.22,270
2025-01-11 14:28:14,STORE_014,Masvingo_Branch,Mini Rolls 6-Pack,67,RT_043,0.97,67
2025-05-27 05:10:10,STORE_052,Bulawayo_Branch,High Energy Brown,298,RT_023,1.22,298
2025-07-17 05:57:29,STORE_092,Harare_Willowvale,Wholegrain Brown,4,RT_047,1.4,4
2025-07-17 19:09:55,STORE_053,Harare_Willowvale,Family Loaf,84,RT_038,2.28,84
2025-02-28 18:30:31,STORE_013,Bulawayo_Branch,Buns 6-Pack,34,RT_001,1.21,34
2025-03-17 20:50:35,STORE_071,Harare_Southerton,High Energy Brown,68,RT_007,1.43,68
2025-01-16 09:10:20,STORE_026,Bindura_Depot,Wholegrain Brown,222,RT_016,1.46,222
2025-04-09 22:51:35,STORE_099,Chitungwiza_Depot,Buns 6-Pack,119,RT_039,1.09,119
2025-01-05 09:55:25,STORE_090,Bindura_Depot,Whole Wheat,34,RT_038,1.56,34
2025-06-20 01:35:36,STORE_063,Gweru_Branch,Mini Rolls 6-Pack,190,RT_038,1.12,190
2025-01-14 20:47:41,STORE_123,Masvingo_Branch,Whole Wheat,45,RT_040,1.44,45
2025-02-25 15:07:05,STORE_095,Bulawayo_Branch,Family Loaf,256,RT_006,2.27,256
2025-07-21 23:00:02,STORE_016,Bulawayo_Branch,Family Loaf,221,RT_023,2.18,221
2025-03-02 17:53:20,STORE_061,Chitungwiza_Depot,Wholegrain Brown,41,RT_028,1.37,41
2025-04-11 00:49:39,STORE_079,Bulawayo_Branch,Mini Rolls 6-Pack,27,RT_043,1.18,27
2025-04-12 21:55:48,STORE_124,Chitungwiza_Depot,Whole Wheat,195,RT_046,1.56,195
2025-05-12 09:11:54,STORE_128,Gweru_Branch,Soft White,170,RT_048,1.15,170
2025-05-12 12:56:15,STORE_094,Gweru_Branch,Whole Wheat,172,RT_028,1.59,172
2025-05-29 01:20:36,STORE_023,Harare_Willowvale,Mini Rolls 6-Pack,162,RT_043,0.93,162
2025-04-17 00:31:16,STORE_114,Kwekwe_Depot,Buns 6-Pack,166,RT_020,1.18,166
2025-06-22 21:24:32,STORE_060,Chitungwiza_Depot,Seed Loaf,143,RT_003,1.62,143
2025-07-19 07:33:40,STORE_048,Harare_Willowvale,Whole Wheat,156,RT_005,1.43,156
2025-07-08 05:47:01,STORE_125,Harare_Willowvale,High Energy Brown,69,RT_042,1.32,69
2025-06-16 04:23:36,STORE_051,Kwekwe_Depot,Family Loaf,167,RT_039,2.15,167
2025-02-08 08:44:52,STORE_012,Mutare_Branch,Seed Loaf,317,RT_035,1.61,317
2025-04-08 11:25:28,STORE_033,Gweru_Branch,Whole Wheat,212,RT_013,1.49,212
2025-01-10 08:31:41,STORE_135,Bulawayo_Branch,Sugar2kg,239,RT_027,1.52,239
2025-02-19 01:20:13,STORE_044,Harare_Willowvale,Seed Loaf,150,RT_018,1.57,150
2025-02-28 08:33:48,STORE_076,Bulawayo_Branch,Wholegrain Brown,82,RT_019,1.46,82
2025-05-30 02:37:51,STORE_133,Mutare_Branch,Whole Wheat,157,RT_006,1.37,157
2025-05-15 13:02:13,STORE_106,Bulawayo_Branch,Seed Loaf,87,RT_048,1.5,87
2025-05-25 17:53:14,STORE_060,Marondera_Depot,High Energy Brown,225,RT_009,1.5,225
2025-04-15 01:21:39,STORE_123,Chitungwiza_Depot,Family Loaf,25,RT_033,2.25,25
2025-06-26 06:29:45,STORE_123,Bulawayo_Branch,Seed Loaf,264,RT_045,,264
2025-04-20 08:46:08,STORE_075,Harare_Southerton,High Energy White,19,RT_013,1.46,19
2025-02-07 13:48:52,STORE_080,Gweru_Branch,Whole Wheat,195,RT_006,1.49,195
2025-04-05 07:00:36,STORE_071,Harare_Willowvale,Mini Rolls 6-Pack,155,RT_014,1.0,155
2025-06-28 16:33:45,STORE_080,Gweru_Branch,Soft White,281,RT_009,1.35,281
2025-04-17 07:56:25,STORE_130,Harare_Southerton,Whole Wheat,161,RT_002,1.41,161
2025-03-28 09:05:08,STORE_094,Harare_Willowvale,Whole Wheat,140,RT_005,1.53,140
2025-05-01 06:11:24,STORE_072,Mutare_Branch,Mini Rolls 6-Pack,51,RT_002,1.19,51
2025-01-01 20:37:11,STORE_105,Kwekwe_Depot,High Energy White,154,RT_046,1.48,154
2025-04-08 16:52:37,STORE_053,Mutare_Branch,High Energy White,308,RT_044,1.29,308
2025-02-09 18:09:15,STORE_090,Mutare_Branch,Buns 6-Pack,309,RT_038,1.22,309
2025-03-16 22:02:53,STORE_074,Bindura_Depot,Buns 6-Pack,224,RT_025,1.16,224
2025-06-21 19:10:41,STORE_061,Chitungwiza_Depot,Seed Loaf,142,RT_039,1.49,142
2025-03-12 12:00:09,STORE_093,Gweru_Branch,Mini Rolls 6-Pack,241,RT_031,0.91,241
2025-06-04 15:37:20,STORE_123,Harare_Willowvale,High Energy Brown,88,RT_046,1.29,88
2025-05-31 16:29:14,STORE_084,Chitungwiza_Depot,Seed Loaf,27,RT_026,1.54,27
2025-04-28 01:42:39,STORE_062,Kwekwe_Depot,High Energy White,209,RT_023,1.26,209
2025-01-13 11:43:57,STORE_134,Marondera_Depot,Mini Rolls 6-Pack,73,RT_002,1.04,73
2025-02-08 00:18:41,STORE_077,Chitungwiza_Depot,Seed Loaf,71,RT_001,1.43,71
2025-02-10 06:06:23,STORE_053,Gweru_Branch,Mini Rolls 6-Pack,300,RT_025,0.9,300
2025-01-17 06:54:56,STORE_052,Gweru_Branch,Soft White,56,RT_013,1.22,56
2025-04-14 05:42:37,STORE_036,Masvingo_Branch,Soft White,111,RT_023,1.37,111
2025-01-17 10:21:42,STORE_118,Kwekwe_Depot,High Energy Brown,298,RT_018,1.5,298
2025-03-03 00:30:25,STORE_011,Harare_Southerton,Wholegrain Brown,74,RT_006,1.39,74
2025-06-22 01:22:59,STORE_090,Kwekwe_Depot,Mini Rolls 6-Pack,13,RT_032,1.17,13
2025-02-16 10:53:02,STORE_093,Masvingo_Branch,High Energy White,130,RT_023,1.24,130
2025-05-03 18:02:15,STORE_104,Chitungwiza_Depot,High Energy Brown,109,RT_024,1.3,109
2025-01-09 11:59:51,STORE_016,Mutare_Branch,Soft White,200,RT_029,1.27,200
2025-01-01 13:36:24,STORE_127,Harare_Willowvale,High Energy Brown,43,RT_037,1.21,43
2025-05-14 23:31:35,STORE_034,Gweru_Branch,High Energy White,121,RT_009,1.22,121
2025-05-26 14:59:20,STORE_059,Harare_Willowvale,Mini Rolls 6-Pack,267,RT_029,1.01,267
2025-07-09 18:37:56,STORE_134,Bindura_Depot,Seed Loaf,96,RT_024,1.66,96
2025-05-12 16:29:47,STORE_088,Marondera_Depot,Buns 6-Pack,295,RT_004,1.1,295
2025-07-08 07:01:50,STORE_032,Marondera_Depot,High Energy White,193,RT_004,1.44,193
2025-03-03 02:50:19,STORE_010,Bindura_Depot,Soft White,202,RT_011,1.32,202
2025-05-07 13:35:49,STORE_068,Bulawayo_Branch,Family Loaf,161,RT_020,2.13,161
2025-01-19 02:01:58,STORE_084,Gweru_Branch,Seed Loaf,51,RT_017,1.52,51
2025-07-23 13:30:02,STORE_098,Masvingo_Branch,Buns 6-Pack,115,RT_008,1.16,115
2025-05-15 15:48:14,STORE_077,Masvingo_Branch,Seed Loaf,147,RT_030,1.62,147
2025-05-03 19:36:57,STORE_004,Kwekwe_Depot,Whole Wheat,160,RT_004,1.37,160
2025-04-16 15:53:27,STORE_095,Chitungwiza_Depot,Mini Rolls 6-Pack,555,RT_041,1.18,555
2025-04-30 21:47:31,STORE_063,Mutare_Branch,Family Loaf,264,RT_001,2.29,264
2025-01-25 05:09:55,STORE_063,Bulawayo_Branch,High Energy Brown,253,RT_017,1.41,253
2025-06-26 09:14:27,STORE_018,Harare_Willowvale,Family Loaf,267,RT_025,2.28,267
2025-02-23 12:08:20,STORE_030,Masvingo_Branch,Mini Rolls 6-Pack,270,RT_029,1.02,270
2025-04-05 21:06:30,STORE_065,Gweru_Branch,High Energy White,175,RT_003,1.21,175
2025-03-03 16:37:02,STORE_110,Marondera_Depot,Whole Wheat,148,RT_008,1.48,148
2025-07-05 14:51:18,STORE_078,Harare_Willowvale,Buns 6-Pack,133,RT_028,1.1,133
2025-05-02 10:32:29,STORE_043,Mutare_Branch,Whole Wheat,168,RT_034,1.52,168
2025-01-31 10:18:57,STORE_093,Kwekwe_Depot,Mini Rolls 6-Pack,259,RT_016,1.09,259
2025-02-25 22:37:41,STORE_055,Mutare_Branch,Seed Loaf,114,RT_038,1.52,114
2025-02-18 09:56:45,STORE_083,Marondera_Depot,High Energy Brown,86,RT_015,1.32,86
2025-05-12 15:53:36,STORE_025,Kwekwe_Depot,Family Loaf,305,RT_043,2.18,305
2025-05-20 11:29:37,STORE_063,Masvingo_Branch,Wholegrain Brown,216,RT_026,1.56,216
2025-07-24 01:57:30,STORE_101,Masvingo_Branch,Family Loaf,46,RT_028,2.25,46
2025-06-18 09:27:32,STORE_064,Bulawayo_Branch,Family Loaf,241,RT_021,2.22,241
2025-01-17 09:35:53,STORE_097,Mutare_Branch,Mini Rolls 6-Pack,279,RT_003,0.9,279
2025-04-03 03:36:53,STORE_061,Bulawayo_Branch,Seed Loaf,185,RT_041,1.51,185
2025-02-04 16:17:24,STORE_021,Mutare_Branch,Whole Wheat,286,RT_037,1.54,286
2025-07-06 14:58:28,STORE_123,Marondera_Depot,WholgrainBrown,58,RT_020,1.39,58
2025-02-10 09:17:09,STORE_069,Masvingo_Branch,Soft White,183,RT_008,1.28,183
2025-03-08 04:51:52,STORE_115,Kwekwe_Depot,Soft White,314,,1.11,314
2025-03-07 19:32:01,STORE_133,Harare_Southerton,Whole Wheat,158,RT_046,1.41,158
2025-03-30 02:48:32,STORE_077,Marondera_Depot,Seed Loaf,45,RT_044,1.43,45
2025-03-01 19:39:54,STORE_099,Bindura_Depot,Wholegrain Brown,116,RT_001,1.55,116
2025-06-07 23:48:41,STORE_078,Gweru_Branch,Mini Rolls 6-Pack,71,RT_034,0.91,71
2025-06-18 05:14:16,STORE_095,Bulawayo_Branch,Family Loaf,281,RT_024,2.27,281
2025-01-08 10:16:40,STORE_105,Marondera_Depot,Family Loaf,37,RT_006,2.14,37
2025-05-08 20:13:53,STORE_109,Bulawayo_Branch,High Energy Brown,221,RT_030,1.37,221
2025-05-01 13:20:27,STORE_002,Chitungwiza_Depot,Wholegrain Brown,147,RT_042,1.35,147
2025-02-28 15:39:39,STORE_103,Harare_Southerton,High Energy Brown,38,RT_033,1.45,38
2025-02-22 14:54:35,STORE_127,Kwekwe_Depot,Buns 6-Pack,191,RT_005,1.24,191
2025-03-26 20:13:15,STORE_060,Mutare_Branch,Wholegrain Brown,177,RT_013,1.47,177
2025-07-12 18:13:09,STORE_100,Gweru_Branch,High Energy Brown,196,RT_009,1.24,196
2025-03-03 03:37:02,STORE_126,Kwekwe_Depot,Mini Rolls 6-Pack,77,RT_009,0.96,77
2025-07-18 13:23:01,STORE_029,Masvingo_Branch,Whole Wheat,3,,1.38,3
2025-06-26 12:29:08,STORE_047,Harare_Willowvale,Milk1L,213,RT_039,1.53,213
2025-03-08 15:40:51,STORE_084,Harare_Willowvale,Family Loaf,166,RT_003,2.12,166
2025-03-06 19:39:10,STORE_031,Mutare_Branch,Soft White,8,RT_046,1.27,8
2025-03-31 08:05:42,STORE_043,Mutare_Branch,Mini Rolls 6-Pack,241,RT_001,0.96,241
2025-03-31 12:21:42,STORE_101,Chitungwiza_Depot,Seed Loaf,172,RT_031,1.42,172
2025-07-05 14:53:47,STORE_099,Harare_Southerton,WholgrainBrown,172,RT_023,1.35,172
2025-06-12 12:29:07,STORE_135,Harare_Willowvale,Family Loaf,68,RT_021,2.37,68
2025-02-02 11:31:24,STORE_102,Chitungwiza_Depot,High Energy White,87,RT_001,1.26,87
2025-03-07 21:42:46,STORE_021,Chitungwiza_Depot,Seed Loaf,199,RT_039,1.61,199
2025-06-08 06:21:26,STORE_029,Chitungwiza_Depot,High Energy White,309,RT_032,1.28,309
2025-02-22 11:51:24,STORE_094,Marondera_Depot,Buns 6-Pack,62,RT_018,1.09,62
2025-03-09 01:06:59,STORE_112,Kwekwe_Depot,High Energy White,78,RT_018,1.41,78
2025-05-12 00:06:32,STORE_051,Bindura_Depot,Whole Wheat,260,RT_009,1.52,260
2025-03-17 14:28:54,STORE_077,Harare_Willowvale,Whole Wheat,52,RT_012,1.49,52
2025-07-04 23:25:57,STORE_106,Kwekwe_Depot,High Energy White,262,RT_019,1.22,262
2025-07-12 13:08:18,STORE_122,Masvingo_Branch,High Energy White,37,RT_024,1.47,37
2025-06-01 04:48:40,STORE_088,Gweru_Branch,Whole Wheat,6,RT_046,1.65,6
2025-03-05 10:02:46,STORE_002,Chitungwiza_Depot,Buns 6-Pack,260,RT_021,1.21,260
2025-06-08 16:20:25,STORE_070,Gweru_Branch,Buns 6-Pack,67,RT_031,1.24,67
2025-07-23 04:59:33,STORE_099,Gweru_Branch,Seed Loaf,277,RT_030,1.51,277
2025-05-25 13:47:10,STORE_007,Kwekwe_Depot,Whole Wheat,156,RT_003,1.46,156
2025-02-23 02:38:47,STORE_047,Chitungwiza_Depot,Buns 6-Pack,171,RT_022,1.05,171
2025-06-27 13:08:30,STORE_103,Harare_Southerton,High Energy Brown,54,RT_019,1.39,54
2025-02-23 01:41:55,STORE_007,Bulawayo_Branch,Mini Rolls 6-Pack,59,RT_016,1.11,59
2025-03-31 04:39:18,STORE_120,Bindura_Depot,Soft White,153,RT_010,1.22,153
2025-02-03 18:09:56,STORE_128,Bindura_Depot,High Energy Brown,215,RT_044,1.49,215
2025-03-20 00:00:00,STORE_028,Mutare_Branch,Buns 6-Pack,109,RT_003,1.14,109
2025-06-10 22:20:21,STORE_107,Harare_Willowvale,Seed Loaf,74,RT_023,1.53,74
2025-01-04 08:13:10,STORE_135,Bindura_Depot,Family Loaf,275,RT_018,2.26,275
2025-06-08 20:59:58,STORE_017,Kwekwe_Depot,Mini Rolls 6-Pack,214,RT_014,0.92,214
2025-03-19 19:14:15,STORE_045,Masvingo_Branch,Buns 6-Pack,176,RT_010,1.2,176
2025-01-15 15:08:54,STORE_093,Marondera_Depot,Mini Rolls 6-Pack,99,RT_030,0.9,99
2025-02-18 19:33:55,STORE_111,Bindura_Depot,Family Loaf,291,RT_035,2.37,291
2025-07-06 18:58:52,STORE_019,Harare_Southerton,High Energy White,53,RT_022,1.46,53
2025-04-02 21:33:32,STORE_082,Gweru_Branch,Soft White,88,RT_043,1.3,88
2025-05-18 19:49:35,STORE_135,Harare_Willowvale,Buns 6-Pack,284,RT_009,1.05,284
2025-04-08 04:19:17,STORE_083,Bindura_Depot,Family Loaf,142,RT_010,2.16,142
2025-05-02 19:08:35,STORE_038,Masvingo_Branch,Soft White,78,RT_029,1.21,78
2025-04-19 22:40:12,STORE_062,Harare_Southerton,Buns 6-Pack,203,RT_037,1.22,203
2025-05-02 06:44:21,STORE_120,Masvingo_Branch,Whole Wheat,243,RT_048,1.61,243
2025-06-23 03:56:46,STORE_045,Kwekwe_Depot,High Energy White,152,RT_006,1.33,152
2025-05-15 15:32:55,STORE_058,Chitungwiza_Depot,Buns 6-Pack,315,RT_033,1.11,315
2025-02-05 06:27:42,STORE_013,Bulawayo_Branch,Family Loaf,107,RT_041,2.38,107
2025-01-20 01:06:29,STORE_100,Masvingo_Branch,Buns 6-Pack,224,RT_008,1.22,224
2025-05-16 18:31:51,STORE_103,Kwekwe_Depot,Whole Wheat,261,RT_026,1.53,261
2025-07-14 07:39:33,STORE_114,Gweru_Branch,Seed Loaf,119,RT_032,1.57,119
2025-01-17 01:51:08,STORE_125,Harare_Southerton,High Energy Brown,94,RT_017,1.23,94
2025-02-16 22:56:14,STORE_115,Mutare_Branch,Seed Loaf,307,RT_027,1.54,307
2025-02-24 10:25:57,STORE_058,Harare_Southerton,Seed Loaf,290,RT_009,1.45,290
2025-01-29 01:46:35,STORE_054,Bindura_Depot,Seed Loaf,318,RT_025,1.64,318
2025-03-19 22:51:08,STORE_098,Gweru_Branch,Mini Rolls 6-Pack,7,RT_023,1.14,7
2025-06-01 11:37:42,STORE_071,Bindura_Depot,Buns 6-Pack,113,RT_023,1.04,113
2025-05-24 03:22:01,STORE_092,Bulawayo_Branch,High Energy Brown,273,RT_041,1.24,273
2025-03-17 20:30:55,STORE_050,Mutare_Branch,Seed Loaf,52,RT_024,1.43,52
2025-05-26 11:23:41,STORE_080,Marondera_Depot,Buns 6-Pack,182,RT_022,1.26,182
2025-03-06 13:44:39,STORE_115,Kwekwe_Depot,Whole Wheat,193,RT_028,1.47,193
2025-05-16 17:52:36,STORE_102,Gweru_Branch,High Energy Brown,274,RT_021,1.42,274
2025-05-01 09:04:07,STORE_068,Marondera_Depot,Family Loaf,103,RT_025,2.14,103
2025-05-30 10:29:49,STORE_039,Bindura_Depot,High Energy White,267,RT_003,1.25,267
2025-05-05 14:13:47,STORE_122,Gweru_Branch,Wholegrain Brown,74,RT_024,1.33,74
2025-05-08 01:27:21,STORE_128,Kwekwe_Depot,High Energy Brown,270,RT_024,1.47,270
2025-06-13 06:34:54,STORE_081,Gweru_Branch,Family Loaf,319,RT_002,2.25,319
2025-01-10 16:13:08,STORE_089,Masvingo_Branch,Soft White,143,RT_016,1.33,143
2025-02-26 17:40:59,STORE_125,Bindura_Depot,High Energy Brown,173,RT_032,1.22,173
2025-04-16 04:35:03,STORE_031,Chitungwiza_Depot,Soft White,46,RT_032,1.13,46
2025-04-04 21:42:04,STORE_059,Masvingo_Branch,High Energy Brown,241,RT_020,1.38,241
2025-03-05 00:13:23,STORE_106,Harare_Willowvale,Wholegrain Brown,72,RT_030,1.39,72
2025-04-30 11:24:30,STORE_125,Masvingo_Branch,High Energy White,125,RT_046,1.27,125
2025-07-20 05:07:40,STORE_011,Harare_Southerton,Soft White,27,RT_026,1.3,27
2025-04-06 14:12:30,STORE_029,Bulawayo_Branch,High Energy White,59,RT_018,1.34,59
2025-04-09 14:01:49,STORE_076,Bindura_Depot,Wholegrain Brown,45,RT_002,1.55,45
2025-04-25 18:58:03,STORE_015,Masvingo_Branch,Buns 6-Pack,300,RT_043,1.07,300
2025-03-04 16:55:55,STORE_046,Mutare_Branch,Family Loaf,35,RT_034,2.34,35
2025-04-30 07:51:25,STORE_054,Bulawayo_Branch,Soft White,49,RT_024,1.32,49
2025-01-28 01:48:46,STORE_058,Harare_Southerton,Seed Loaf,249,RT_039,1.51,249
2025-05-31 00:15:56,STORE_096,Harare_Southerton,Soft White,148,RT_009,1.2,148
2025-04-05 05:16:34,STORE_077,Mutare_Branch,Wholegrain Brown,246,RT_031,1.41,246
2025-03-28 17:58:15,STORE_100,Mutare_Branch,Milk1L,20,RT_011,1.16,20
2025-04-22 18:13:31,STORE_006,Masvingo_Branch,Whole Wheat,104,RT_014,1.54,104
2025-07-11 10:43:55,STORE_063,Harare_Southerton,High Energy White,26,RT_047,1.21,26
2025-02-06 11:49:41,STORE_080,Bindura_Depot,Whole Wheat,247,RT_007,1.49,247
2025-07-06 08:00:48,STORE_116,Gweru_Branch,Buns 6-Pack,255,RT_045,1.13,255
2025-01-25 00:30:14,STORE_087,Masvingo_Branch,High Energy White,242,RT_016,1.21,242
2025-02-09 20:35:37,STORE_015,Harare_Willowvale,High Energy Brown,294,RT_043,1.46,294
2025-04-14 08:37:44,STORE_106,Chitungwiza_Depot,Family Loaf,316,RT_018,2.17,316
2025-04-05 08:35:13,STORE_003,Masvingo_Branch,Buns 6-Pack,315,RT_043,1.09,315
2025-04-30 16:56:28,STORE_001,Bulawayo_Branch,High Energy Brown,220,RT_035,1.48,220
2025-05-14 18:34:19,STORE_107,Kwekwe_Depot,Family Loaf,164,RT_049,2.2,164
2025-04-16 20:03:40,STORE_020,Harare_Southerton,Whole Wheat,298,RT_026,1.64,298
2025-05-19 00:48:26,STORE_133,Marondera_Depot,Whole Wheat,26,RT_021,1.44,26
2025-06-14 14:05:31,STORE_002,Harare_Willowvale,High Energy White,54,RT_002,1.26,54
2025-01-10 06:00:35,STORE_049,Marondera_Depot,Whole Wheat,318,RT_022,1.56,318
2025-02-10 08:38:24,STORE_102,Bindura_Depot,Soft White,106,RT_035,1.16,106
2025-03-17 07:39:12,STORE_118,Harare_Willowvale,Soft White,204,RT_043,1.14,204
2025-01-26 20:41:29,STORE_025,Bindura_Depot,Buns 6-Pack,150,RT_005,1.08,150
2025-03-10 01:44:28,STORE_107,Harare_Willowvale,Sugar2kg,12,RT_011,1.53,12
2025-01-19 04:22:05,STORE_116,Chitungwiza_Depot,Wholegrain Brown,124,RT_041,1.57,124
2025-04-26 01:45:57,STORE_082,Marondera_Depot,Buns 6-Pack,90,RT_043,1.27,90
2025-01-05 21:39:30,STORE_108,Bindura_Depot,Family Loaf,103,RT_006,2.3,103
2025-01-06 17:57:06,STORE_064,Mutare_Branch,Wholegrain Brown,84,RT_030,1.58,84
2025-07-24 16:21:28,STORE_048,Marondera_Depot,Mini Rolls 6-Pack,58,RT_014,1.14,58
2025-07-04 16:43:07,STORE_137,Bulawayo_Branch,Buns 6-Pack,172,RT_037,1.01,172
2025-05-12 02:48:33,STORE_007,Mutare_Branch,High Energy Brown,210,RT_023,1.45,210
2025-07-16 02:40:20,STORE_017,Chitungwiza_Depot,Buns 6-Pack,158,RT_039,1.08,158
2025-01-02 10:31:23,STORE_133,Harare_Willowvale,Whole Wheat,289,RT_044,1.39,289
2025-07-27 19:44:18,STORE_073,Harare_Willowvale,Buns 6-Pack,90,RT_018,1.21,90
2025-07-14 16:47:12,STORE_070,Harare_Willowvale,Mini Rolls 6-Pack,280,RT_030,0.9,280
2025-03-18 19:44:08,STORE_072,Bindura_Depot,Buns 6-Pack,233,RT_038,1.17,233
2025-01-10 01:34:18,STORE_014,Marondera_Depot,High Energy Brown,132,RT_005,1.22,132
2025-06-06 07:59:25,STORE_012,Bulawayo_Branch,Mini Rolls 6-Pack,79,RT_011,1.0,79
2025-03-14 16:54:06,STORE_089,Kwekwe_Depot,High Energy White,201,RT_038,1.24,201
2025-06-09 12:14:06,STORE_134,Bindura_Depot,High Energy White,94,RT_046,1.43,94
2025-01-22 10:27:20,STORE_041,Gweru_Branch,Soft White,304,RT_005,1.14,304
2025-05-27 19:44:09,STORE_060,Harare_Willowvale,Seed Loaf,80,RT_006,1.58,80
2025-01-14 20:32:42,STORE_096,Harare_Willowvale,High Energy Brown,80,RT_016,,80
2025-03-14 08:49:11,STORE_128,Masvingo_Branch,Whole Wheat,181,RT_024,1.38,181
2025-05-03 17:22:56,STORE_073,Gweru_Branch,Buns 6-Pack,53,RT_045,1.07,53
2025-06-09 10:40:30,STORE_111,Marondera_Depot,Whole Wheat,184,RT_038,1.6,184
2025-07-20 03:47:05,STORE_130,Harare_Southerton,High Energy Brown,265,RT_024,1.45,265
2025-05-03 23:59:59,STORE_110,Harare_Willowvale,High Energy White,60,RT_038,1.42,60
2025-03-25 05:14:23,STORE_084,Harare_Southerton,Family Loaf,127,RT_045,2.37,127
2025-07-04 11:23:51,STORE_118,Harare_Southerton,Whole Wheat,59,RT_046,1.62,59
2025-01-19 19:26:39,STORE_120,Gweru_Branch,High Energy White,305,RT_037,1.29,305
2025-03-25 00:40:25,STORE_043,Gweru_Branch,Seed Loaf,80,RT_016,1.64,80
2025-03-31 10:06:16,STORE_086,Mutare_Branch,Buns 6-Pack,142,RT_009,1.11,142
2025-01-19 12:53:16,STORE_041,Marondera_Depot,High Energy Brown,184,RT_044,1.22,184
2025-04-02 09:26:43,STORE_092,Masvingo_Branch,Seed Loaf,172,RT_019,1.59,172
2025-02-25 23:32:53,STORE_115,Harare_Willowvale,High Energy Brown,115,RT_029,1.37,115
2025-06-12 17:11:42,STORE_086,Marondera_Depot,Seed Loaf,231,RT_006,1.45,231
2025-06-25 21:14:03,STORE_018,Chitungwiza_Depot,Seed Loaf,200,RT_003,1.66,200
2025-04-10 15:35:07,STORE_041,Gweru_Branch,Mini Rolls 6-Pack,56,RT_008,1.08,56
2025-02-14 04:52:08,STORE_019,Masvingo_Branch,High Energy Brown,241,RT_045,1.26,241
2025-05-07 21:41:04,STORE_079,Bindura_Depot,High Energy Brown,294,RT_030,1.27,294
2025-07-04 15:50:49,STORE_047,Mutare_Branch,Mini Rolls 6-Pack,51,RT_042,1.02,51
2025-06-12 06:21:55,STORE_075,Bulawayo_Branch,High Energy Brown,319,RT_047,1.22,319
2025-06-01 04:52:10,STORE_095,Harare_Willowvale,High Energy Brown,180,RT_007,1.26,180
2025-06-25 01:20:04,STORE_070,Chitungwiza_Depot,Whole Wheat,29,RT_021,1.59,29
2025-06-26 10:21:20,STORE_059,Harare_Southerton,Whole Wheat,283,RT_045,1.56,283
2025-04-14 20:05:41,STORE_073,Harare_Southerton,Mini Rolls 6-Pack,65,RT_029,0.97,65
2025-06-14 18:14:58,STORE_095,Harare_Southerton,High Energy White,270,RT_048,1.31,270
2025-07-28 15:12:16,STORE_023,Masvingo_Branch,Soft White,142,RT_028,1.24,142
2025-07-17 08:35:51,STORE_007,Mutare_Branch,Whole Wheat,142,RT_041,1.51,142
2025-01-06 11:20:03,STORE_088,Masvingo_Branch,Family Loaf,229,RT_024,2.15,229
2025-06-20 17:51:44,STORE_037,Gweru_Branch,Soft White,97,RT_012,1.23,97
2025-01-20 09:14:02,STORE_008,Mutare_Branch,Soft White,173,RT_018,1.39,173
2025-06-03 20:14:35,STORE_099,Bulawayo_Branch,Wholegrain Brown,89,RT_030,1.48,89
2025-02-15 04:08:28,STORE_010,Harare_Willowvale,Wholegrain Brown,13,RT_034,1.54,13
2025-05-07 14:52:02,STORE_135,Gweru_Branch,Wholegrain Brown,56,RT_012,1.38,56
2025-04-16 16:49:42,STORE_135,Harare_Southerton,Mini Rolls 6-Pack,266,RT_012,0.97,266
2025-02-27 14:30:37,STORE_082,Gweru_Branch,Wholegrain Brown,232,RT_042,1.35,232
2025-01-08 00:13:19,STORE_043,Masvingo_Branch,Seed Loaf,123,RT_010,1.53,123
2025-01-30 07:23:50,STORE_071,Marondera_Depot,High Energy White,314,RT_001,1.44,314
2025-02-27 01:10:09,STORE_087,Kwekwe_Depot,Mini Rolls 6-Pack,147,RT_013,1.12,147
2025-01-02 08:17:00,STORE_024,Mutare_Branch,Whole Wheat,257,RT_001,1.58,257
2025-02-13 02:22:40,STORE_077,Chitungwiza_Depot,Seed Loaf,265,RT_035,1.63,265
2025-06-14 23:51:10,STORE_133,Masvingo_Branch,Wholegrain Brown,228,RT_025,1.34,228
2025-05-12 08:24:01,STORE_080,Kwekwe_Depot,High Energy Brown,129,RT_036,1.21,129
2025-03-05 15:12:43,STORE_099,Gweru_Branch,High Energy Brown,274,RT_010,1.26,274
2025-01-12 07:55:35,STORE_113,Masvingo_Branch,Buns 6-Pack,75,RT_006,1.13,75
2025-07-17 02:38:14,STORE_071,Kwekwe_Depot,High Energy Brown,205,RT_036,1.37,205
2025-05-08 01:23:29,STORE_033,Marondera_Depot,High Energy Brown,167,RT_038,1.24,167
2025-06-22 21:05:51,STORE_043,Chitungwiza_Depot,Buns 6-Pack,492,RT_012,1.18,492
2025-01-22 11:15:36,STORE_078,Harare_Willowvale,Seed Loaf,172,RT_048,1.58,172
2025-03-01 04:21:02,STORE_103,Marondera_Depot,Whole Wheat,246,RT_015,1.38,246
2025-05-02 22:04:33,STORE_022,Harare_Willowvale,Family Loaf,408,RT_038,2.15,408
2025-03-20 00:00:00,STORE_092,Chitungwiza_Depot,Soft White,177,RT_015,1.18,177
2025-06-25 17:28:34,STORE_081,Mutare_Branch,Soft White,554,RT_016,1.31,554
2025-01-07 21:01:31,STORE_073,Bindura_Depot,High Energy Brown,148,RT_019,1.33,148
2025-05-28 03:54:52,STORE_040,Gweru_Branch,High Energy White,274,RT_011,1.47,274
2025-01-27 19:33:50,STORE_132,Gweru_Branch,Seed Loaf,158,RT_017,1.46,158
2025-03-01 06:40:32,STORE_095,Bindura_Depot,Soft White,241,RT_024,1.14,241
2025-02-18 05:09:27,STORE_129,Harare_Southerton,Buns 6-Pack,280,RT_027,1.01,280
2025-03-30 20:21:05,STORE_018,Bulawayo_Branch,Soft White,200,RT_035,1.19,200
2025-01-15 08:42:42,STORE_040,Bulawayo_Branch,Whole grain Brown,12,RT_013,1.3,12
2025-07-12 12:45:11,STORE_109,Bindura_Depot,High Energy Brown,108,RT_034,1.48,108
2025-02-09 21:27:19,STORE_050,Mutare_Branch,Family Loaf,207,RT_002,2.25,207
2025-01-09 23:59:27,STORE_080,Kwekwe_Depot,Soft White,53,RT_001,1.32,53
2025-05-15 02:22:02,STORE_030,Marondera_Depot,Whole Wheat,97,RT_024,1.64,97
2025-01-28 09:41:53,STORE_115,Chitungwiza_Depot,Family Loaf,288,RT_034,2.13,288
2025-07-02 19:59:22,STORE_042,Masvingo_Branch,Mini Rolls 6-Pack,15,RT_045,1.13,15
2025-05-24 15:32:17,STORE_089,Gweru_Branch,Wholegrain Brown,271,RT_024,1.36,271
2025-03-21 10:19:18,STORE_076,Harare_Southerton,High Energy White,308,RT_013,1.36,308
2025-07-07 23:14:44,STORE_050,Mutare_Branch,Whole Wheat,454,RT_013,1.4,454
2025-06-19 17:39:35,STORE_030,Harare_Willowvale,Buns 6-Pack,293,RT_026,1.16,293
2025-04-27 15:05:28,STORE_010,Harare_Southerton,Milk1L,226,RT_027,1.48,226
2025-02-06 06:20:11,STORE_096,Harare_Willowvale,Buns 6-Pack,90,RT_041,1.09,90
2025-03-04 07:53:21,STORE_098,Harare_Southerton,High Energy White,293,RT_027,1.49,293
2025-03-27 14:56:43,STORE_011,Gweru_Branch,Soft White,63,RT_020,1.19,63
2025-05-28 07:36:58,STORE_013,Mutare_Branch,HighEnergyBrown,184,RT_038,1.23,184
2025-03-05 20:50:13,STORE_015,Harare_Southerton,High Energy White,48,RT_037,1.39,48
2025-02-18 12:18:53,STORE_134,Mutare_Branch,Soft White,307,RT_002,1.23,307
2025-04-24 22:28:10,STORE_102,Harare_Willowvale,Buns 6-Pack,287,RT_035,1.09,287
2025-02-04 17:21:42,STORE_114,Mutare_Branch,Whole Wheat,147,RT_044,1.4,147
2025-05-03 05:11:04,STORE_094,Chitungwiza_Depot,Seed Loaf,45,RT_025,1.69,45
2025-06-08 09:15:39,STORE_090,Kwekwe_Depot,High Energy White,49,RT_011,1.46,49
2025-02-17 03:14:36,STORE_089,Chitungwiza_Depot,Buns 6-Pack,277,RT_046,1.17,277
2025-01-03 05:27:38,STORE_088,Masvingo_Branch,High Energy Brown,206,RT_027,1.25,206
2025-04-16 08:16:09,STORE_107,Masvingo_Branch,High Energy Brown,255,RT_005,1.21,255
2025-02-20 11:47:31,STORE_111,Harare_Southerton,High Energy Brown,173,RT_044,1.44,173
2025-06-05 22:09:58,STORE_118,Harare_Willowvale,Wholegrain Brown,10,RT_043,1.34,10
2025-03-01 16:25:58,STORE_113,Chitungwiza_Depot,Seed Loaf,6,RT_023,1.65,6
2025-03-13 16:53:20,STORE_125,Bulawayo_Branch,Soft White,35,RT_025,1.31,35
2025-07-02 08:14:23,STORE_010,Bulawayo_Branch,Whole Wheat,32,RT_049,1.58,32
2025-06-11 18:01:10,STORE_082,Harare_Willowvale,Mini Rolls 6-Pack,173,RT_001,0.99,173
2025-01-12 03:39:04,STORE_074,Kwekwe_Depot,Family Loaf,64,RT_048,2.24,64
2025-04-24 04:12:11,STORE_122,Masvingo_Branch,Seed Loaf,250,RT_033,1.62,250
2025-05-27 01:20:33,STORE_048,Harare_Southerton,Wholegrain Brown,223,RT_028,1.56,223
2025-06-04 06:39:03,STORE_057,Kwekwe_Depot,High Energy White,292,RT_049,1.38,292
2025-03-03 08:35:58,STORE_066,Harare_Southerton,Whole Wheat,59,RT_039,1.38,59
2025-01-03 23:48:37,STORE_137,Chitungwiza_Depot,High Energy White,269,RT_042,1.38,269
2025-07-11 03:35:48,STORE_015,Harare_Willowvale,High Energy White,281,RT_025,1.23,281
2025-02-24 18:04:14,STORE_062,Harare_Southerton,Mini Rolls 6-Pack,92,RT_012,1.08,92
2025-04-28 19:53:53,STORE_132,Bindura_Depot,Seed Loaf,319,RT_032,1.65,319
2025-06-05 01:29:40,STORE_130,Mutare_Branch,Family Loaf,285,RT_027,2.27,285
2025-04-03 10:53:24,STORE_123,Mutare_Branch,Seed Loaf,296,RT_020,1.7,296
2025-06-30 02:51:33,STORE_078,Harare_Willowvale,High Energy Brown,29,RT_046,1.5,29
2025-01-05 21:54:12,STORE_034,Bindura_Depot,Soft White,128,RT_034,1.26,128
2025-07-15 13:40:42,STORE_064,Harare_Southerton,High Energy Brown,128,RT_039,1.41,128
2025-07-13 13:51:12,STORE_104,Gweru_Branch,Wholegrain Brown,233,RT_021,1.51,233
2025-03-26 03:51:16,STORE_041,Chitungwiza_Depot,High Energy Brown,19,RT_048,1.24,19
2025-01-23 14:48:29,STORE_071,Masvingo_Branch,Wholegrain Brown,60,RT_041,1.32,60
2025-02-02 14:15:12,STORE_120,Harare_Willowvale,Wholegrain Brown,266,RT_023,1.6,266
2025-03-18 06:18:01,STORE_061,Mutare_Branch,Mini Rolls 6-Pack,257,RT_025,0.92,257
2025-05-31 14:19:42,STORE_006,,Seed Loaf,65,RT_023,1.65,65
2025-05-31 07:52:45,STORE_018,Harare_Southerton,Soft White,52,RT_033,1.16,52
2025-01-05 14:28:30,STORE_032,Mutare_Branch,Mini Rolls 6-Pack,210,RT_010,1.15,210
2025-01-08 13:36:57,STORE_018,Mutare_Branch,High Energy Brown,209,RT_033,1.37,209
2025-06-18 22:05:53,STORE_054,Kwekwe_Depot,Mini Rolls 6-Pack,87,RT_002,1.19,87
2025-05-27 15:57:44,STORE_139,Chitungwiza_Depot,Family Loaf,162,RT_022,2.17,162
2025-07-22 16:22:39,STORE_108,Chitungwiza_Depot,High Energy Brown,139,RT_026,1.27,139
2025-05-30 02:15:30,STORE_038,Masvingo_Branch,Wholegrain Brown,254,RT_013,1.43,254
2025-04-15 06:18:24,STORE_132,Bindura_Depot,Soft White,120,RT_049,1.21,120
2025-01-10 13:36:20,STORE_084,Harare_Willowvale,High Energy Brown,8,RT_037,1.45,8
2025-03-14 21:53:53,STORE_092,Marondera_Depot,Seed Loaf,169,RT_032,1.42,169
2025-02-10 16:07:58,STORE_106,Harare_Willowvale,Seed Loaf,152,RT_006,1.53,152
2025-07-18 05:34:43,STORE_132,Masvingo_Branch,Mini Rolls 6-Pack,76,RT_013,1.19,76
2025-06-28 00:43:57,STORE_056,Mutare_Branch,Soft White,85,RT_042,1.21,85
2025-01-05 07:13:36,STORE_093,Bindura_Depot,Soft White,89,RT_031,1.1,89
2025-02-27 22:30:58,STORE_065,Bindura_Depot,High Energy White,316,RT_029,1.43,316
2025-02-11 19:30:00,STORE_055,Harare_Willowvale,Seed Loaf,80,RT_014,1.66,80
2025-06-01 16:39:44,STORE_039,Harare_Willowvale,Seed Loaf,63,RT_049,1.48,63
2025-07-08 06:05:47,STORE_016,Kwekwe_Depot,Family Loaf,33,RT_006,2.28,33
2025-02-05 02:35:49,STORE_116,Mutare_Branch,Family Loaf,120,RT_043,2.24,120
2025-06-24 23:40:05,STORE_017,Gweru_Branch,High Energy Brown,146,RT_006,1.38,146
2025-07-28 09:32:33,STORE_111,Masvingo_Branch,Mini Rolls 6-Pack,265,RT_032,0.93,265
2025-04-14 02:30:45,STORE_116,Chitungwiza_Depot,High Energy Brown,119,RT_030,1.3,119
2025-07-23 04:41:29,STORE_129,Mutare_Branch,High Energy Brown,76,RT_022,1.34,76
2025-01-30 05:55:54,STORE_018,Mutare_Branch,High Energy White,108,RT_018,1.46,108
2025-01-10 16:44:36,STORE_107,Kwekwe_Depot,High Energy Brown,6,RT_011,1.46,6
2025-05-14 18:36:10,STORE_052,Mutare_Branch,Soft White,163,RT_031,1.38,163
2025-06-27 06:20:31,STORE_021,Marondera_Depot,Whole Wheat,64,RT_031,1.52,64
2025-12-05 00:00:00,STORE_133,Mutare_Branch,High Energy Brown,15,RT_045,1.5,15
2025-05-14 23:43:55,STORE_065,Chitungwiza_Depot,Whole Wheat,270,RT_023,1.58,270
2025-03-04 23:08:27,STORE_070,Bindura_Depot,Soft White,125,RT_038,1.26,125
2025-07-05 03:47:33,STORE_088,Bindura_Depot,Whole Wheat,87,RT_003,1.5,87
2025-07-04 03:58:18,STORE_057,Harare_Southerton,High Energy White,61,RT_005,1.43,61
2025-07-23 22:27:36,STORE_018,Harare_Willowvale,Wholegrain Brown,197,RT_013,1.4,197
2025-01-26 08:12:48,STORE_099,Gweru_Branch,Mini Rolls 6-Pack,210,RT_026,1.09,210
2025-01-25 06:58:49,STORE_034,Chitungwiza_Depot,Seed Loaf,59,RT_014,1.68,59
2025-03-12 00:41:25,STORE_102,Bindura_Depot,Wholegrain Brown,307,RT_012,1.3,307
2025-01-05 22:45:57,STORE_097,Harare_Southerton,Seed Loaf,229,RT_042,1.49,229
2025-04-14 18:38:29,STORE_026,Harare_Southerton,Seed Loaf,53,RT_004,1.64,53
2025-07-15 16:35:25,STORE_110,Masvingo_Branch,High Energy Brown,309,RT_035,1.35,309
2025-03-18 00:04:52,STORE_023,Bulawayo_Branch,Soft White,115,RT_032,1.16,115
2025-06-30 15:02:19,STORE_080,Marondera_Depot,Whole Wheat,113,RT_022,1.52,113
2025-02-23 17:12:34,STORE_069,Mutare_Branch,Family Loaf,53,RT_043,2.12,53
2025-01-12 10:29:04,STORE_027,Mutare_Branch,High Energy Brown,94,RT_001,1.21,94
2025-04-15 13:20:52,STORE_020,Gweru_Branch,Soft White,95,RT_029,1.3,95
2025-01-21 23:41:58,STORE_021,Gweru_Branch,Soft White,70,RT_046,1.2,70
2025-02-21 18:36:31,STORE_108,Bulawayo_Branch,High Energy Brown,289,RT_006,1.2,289
2025-06-30 15:34:06,STORE_017,Harare_Southerton,Family Loaf,173,RT_033,2.16,173
2025-04-05 16:44:43,STORE_008,Masvingo_Branch,Soft White,250,RT_035,1.36,250
2025-04-02 20:45:08,STORE_106,Marondera_Depot,Wholegrain Brown,228,RT_025,1.56,228
2025-05-01 15:06:12,STORE_048,Marondera_Depot,Whole Wheat,83,RT_041,1.56,83
2025-04-17 17:04:52,STORE_095,Harare_Willowvale,Family Loaf,48,RT_035,2.17,48
2025-05-09 10:44:04,STORE_081,Chitungwiza_Depot,Seed Loaf,10,RT_003,1.66,10
2025-04-12 12:56:30,STORE_056,Mutare_Branch,Whole Wheat,249,RT_032,1.56,249
2025-07-06 20:44:32,STORE_013,Mutare_Branch,Wholegrain Brown,60,RT_015,1.34,60
2025-06-02 02:31:15,STORE_087,Marondera_Depot,Seed Loaf,271,RT_011,1.57,271
2025-05-08 13:26:26,STORE_108,Bindura_Depot,High Energy White,227,RT_015,1.42,227
2025-02-27 08:03:19,STORE_111,Harare_Willowvale,High Energy Brown,39,RT_049,1.46,39
2025-01-16 18:24:30,STORE_076,Masvingo_Branch,Family Loaf,138,RT_030,2.33,138
2025-07-02 16:13:35,STORE_106,Bindura_Depot,High Energy Brown,246,RT_016,1.37,246
2025-05-03 21:12:19,STORE_001,Mutare_Branch,Seed Loaf,237,RT_011,1.52,237
2025-03-18 07:21:03,STORE_022,Bindura_Depot,Buns 6-Pack,50,RT_011,1.08,50
2025-02-26 19:26:34,STORE_039,Bindura_Depot,High Energy White,148,RT_029,1.24,148
2025-02-18 06:54:20,STORE_115,Bulawayo_Branch,Whole Wheat,23,RT_037,1.65,23
2025-05-06 16:08:13,STORE_098,Marondera_Depot,Buns 6-Pack,233,RT_003,1.11,233
2025-02-18 02:55:52,STORE_023,Bulawayo_Branch,High Energy White,172,RT_011,1.47,172
2025-05-07 20:31:51,STORE_090,Gweru_Branch,Wholegrain Brown,234,RT_021,1.58,234
2025-04-07 05:49:50,STORE_069,Marondera_Depot,Mini Rolls 6-Pack,76,RT_027,1.08,76
2025-01-19 15:39:49,STORE_131,Kwekwe_Depot,Soft White,197,RT_048,1.26,197
2025-04-18 17:02:47,STORE_048,Marondera_Depot,Seed Loaf,52,RT_048,1.61,52
2025-02-16 18:21:19,STORE_030,Gweru_Branch,Soft White,192,RT_031,1.25,192
2025-06-08 17:46:25,STORE_130,Chitungwiza_Depot,Wholegrain Brown,96,RT_027,1.38,96
2025-06-03 20:07:46,STORE_017,Gweru_Branch,Family Loaf,80,RT_027,2.34,80
2025-03-04 11:21:02,STORE_048,Mutare_Branch,Soft White,249,RT_032,1.26,249
2025-05-19 11:16:16,STORE_057,Chitungwiza_Depot,Whole Wheat,246,RT_041,1.59,246
2025-01-10 02:18:10,STORE_109,Kwekwe_Depot,Family Loaf,98,RT_026,2.39,98
2025-01-22 18:16:04,STORE_044,Masvingo_Branch,Whole Wheat,11,RT_031,1.47,11
2025-03-28 02:08:16,STORE_001,Harare_Willowvale,Seed Loaf,170,RT_034,1.52,170
2025-01-14 03:28:56,STORE_122,Harare_Southerton,High Energy Brown,313,RT_041,1.38,313
2025-05-12 14:21:15,STORE_135,Bindura_Depot,High Energy Brown,270,RT_003,,270
2025-05-04 18:08:49,STORE_027,Chitungwiza_Depot,Seed Loaf,5,RT_037,1.61,5
2025-05-12 11:43:09,STORE_113,Mutare_Branch,Seed Loaf,143,RT_044,1.48,143
2025-07-27 22:26:03,STORE_083,Harare_Willowvale,Whole Whet,107,RT_043,1.64,107
2025-05-19 23:07:48,STORE_076,Bindura_Depot,Wholegrain Brown,171,RT_043,1.48,171
2025-07-26 05:53:13,STORE_106,Marondera_Depot,Family Loaf,115,RT_015,2.25,115
2025-07-06 21:29:36,STORE_109,Harare_Willowvale,Family Loaf,118,RT_008,2.35,118
2025-03-07 16:47:28,STORE_014,Masvingo_Branch,High Energy Wite,247,RT_021,1.32,247
2025-01-23 09:42:20,STORE_079,Bindura_Depot,Mini Rolls 6-Pack,111,RT_034,0.99,111
2025-03-01 03:05:28,STORE_121,Chitungwiza_Depot,Wholegrain Brown,362,RT_043,1.41,362
2025-07-24 06:57:16,STORE_033,Bulawayo_Branch,Seed Loaf,45,RT_034,1.59,45
2025-03-23 16:36:15,STORE_131,Harare_Willowvale,Buns 6-Pack,213,RT_015,1.08,213
2025-03-12 20:28:36,STORE_131,Bindura_Depot,High Energy Brown,164,RT_030,1.44,164
2025-01-24 19:36:37,STORE_019,Bulawayo_Branch,Wholegrain Brown,17,RT_019,1.49,17
2025-06-10 01:33:45,STORE_060,Kwekwe_Depot,High Energy Brown,162,RT_047,1.23,162
2025-05-26 18:59:20,STORE_055,Bindura_Depot,Buns 6-Pack,316,RT_027,1.06,316
2025-03-29 00:06:41,STORE_079,Chitungwiza_Depot,Seed Loaf,232,RT_043,1.59,232
2025-01-11 10:42:42,STORE_032,Harare_Southerton,Soft White,303,RT_014,1.2,303
2025-05-23 23:38:20,STORE_048,Marondera_Depot,Family Loaf,260,RT_016,2.29,260
2025-05-02 21:29:52,STORE_035,Harare_Willowvale,Soft White,30,RT_017,1.23,30
2025-04-06 00:25:17,STORE_107,Harare_Willowvale,Soft White,146,RT_045,1.17,146
2025-02-14 03:14:30,STORE_111,Masvingo_Branch,High Energy White,150,RT_018,1.46,150
2025-01-21 15:36:50,STORE_123,Mutare_Branch,Wholegrain Brown,212,RT_017,1.51,212
2025-06-01 00:31:12,STORE_011,Chitungwiza_Depot,Whole Wheat,289,RT_020,1.48,289
2025-02-21 16:40:30,STORE_064,Bindura_Depot,High Energy Brown,275,RT_034,1.38,275
2025-06-26 02:16:26,STORE_048,Harare_Willowvale,Mini Rolls 6-Pack,83,RT_027,1.12,83
2025-03-02 05:41:37,STORE_123,Marondera_Depot,Family Loaf,290,RT_029,2.28,290
2025-05-02 23:41:09,STORE_113,Kwekwe_Depot,Whole Wheat,209,RT_020,1.37,209
2025-07-04 20:02:04,STORE_123,Mutare_Branch,Soft White,128,RT_019,1.39,128
2025-07-11 15:45:00,STORE_045,Harare_Willowvale,Family Loaf,182,RT_027,2.29,182
2025-02-03 15:47:36,STORE_045,Bulawayo_Branch,Whole Wheat,216,RT_001,1.63,216
2025-06-15 10:47:01,STORE_012,Mutare_Branch,WholeWheat,14,RT_016,1.61,14
2025-05-02 18:48:55,STORE_061,Chitungwiza_Depot,Buns 6-Pack,27,RT_033,1.16,27
2025-01-31 20:00:56,STORE_133,Bindura_Depot,Mini Rolls 6-Pack,259,RT_011,1.08,259
2025-01-29 15:01:41,STORE_022,Bulawayo_Branch,Mini Rolls 6-Pack,208,RT_019,1.02,208
2025-04-29 04:16:17,STORE_099,Kwekwe_Depot,Family Loaf,89,RT_029,2.36,89
2025-04-24 10:01:54,STORE_048,Masvingo_Branch,Wholegrain Brown,179,RT_013,1.53,179
2025-03-07 08:25:19,STORE_110,Bulawayo_Branch,High Energy White,82,RT_036,1.46,82
2025-01-14 00:28:25,STORE_134,Harare_Southerton,Soft White,112,RT_049,1.21,112
2025-06-05 12:57:34,STORE_107,Harare_Southerton,Whole Wheat,306,RT_033,1.54,306
2025-05-07 08:27:56,STORE_049,Bindura_Depot,Family Loaf,110,RT_011,2.29,110
2025-02-12 05:09:31,STORE_138,Kwekwe_Depot,Family Loaf,288,RT_017,2.37,288
2025-03-08 10:07:32,STORE_054,Masvingo_Branch,Wholegrain Brown,235,RT_009,1.58,235
2025-01-12 14:45:10,STORE_086,Kwekwe_Depot,Seed Loaf,181,RT_007,1.4,181
2025-02-26 08:33:56,STORE_115,Mutare_Branch,Seed Loaf,115,RT_041,1.64,115
2025-05-21 10:00:15,STORE_037,Gweru_Branch,Family Loaf,264,RT_007,2.18,264
2025-02-02 07:52:33,STORE_090,Harare_Southerton,Whole Wheat,259,RT_016,1.53,259
2025-01-09 21:05:28,STORE_109,Masvingo_Branch,High Energy Brown,40,RT_029,1.33,40
2025-02-15 06:25:46,STORE_047,Harare_Willowvale,Buns 6-Pack,80,RT_014,1.15,80
2025-06-20 03:35:38,STORE_017,Chitungwiza_Depot,Seed Loaf,193,RT_002,1.7,193
2025-05-31 16:16:36,STORE_048,Mutare_Branch,Wholegrain Brown,115,RT_002,1.54,115
2025-05-18 20:20:49,STORE_051,Gweru_Branch,Buns 6-Pack,111,RT_004,1.18,111
2025-03-21 03:29:23,STORE_010,Harare_Southerton,Wholegrain Brown,315,RT_023,1.53,315
2025-04-10 10:59:48,STORE_052,Mutare_Branch,Buns 6-Pack,243,RT_016,1.02,243
2025-05-13 08:03:07,STORE_083,Mutare_Branch,High Energy White,248,RT_019,1.43,248
2025-04-17 20:15:29,STORE_075,Harare_Southerton,Whole Wheat,246,RT_024,1.4,246
2025-04-23 17:24:18,STORE_001,Mutare_Branch,High Energy White,228,RT_030,1.28,228
2025-01-19 06:51:29,STORE_019,Mutare_Branch,Family Loaf,186,RT_018,2.33,186
2025-02-17 13:22:29,STORE_128,Harare_Willowvale,Buns 6-Pack,97,RT_021,1.03,97
2025-12-05 00:00:00,STORE_025,Mutare_Branch,Family Loaf,157,RT_048,2.38,157
2025-06-07 10:09:20,STORE_136,Mutare_Branch,Seed Loaf,124,RT_018,1.59,124
2025-04-30 02:47:34,STORE_124,Kwekwe_Depot,High Energy Brown,261,RT_001,1.36,261
2025-02-10 11:16:45,STORE_089,Masvingo_Branch,Buns 6-Pack,204,RT_017,1.14,204
2025-01-05 15:52:12,STORE_056,Masvingo_Branch,High Energy Brown,278,RT_029,1.36,278
2025-02-07 08:10:50,STORE_106,Kwekwe_Depot,Mini Rolls 6-Pack,244,RT_003,0.91,244
2025-01-05 09:17:19,STORE_044,Bulawayo_Branch,Soft White,313,RT_032,1.37,313
2025-01-14 15:15:52,STORE_133,Marondera_Depot,Whole Wheat,314,RT_012,1.57,314
2025-01-19 14:02:32,STORE_066,Marondera_Depot,Buns 6-Pack,72,RT_015,1.21,72
2025-07-17 10:25:13,STORE_070,Harare_Willowvale,Buns 6-Pack,106,RT_004,1.28,106
2025-07-23 07:20:59,STORE_033,Bulawayo_Branch,Wholegrain Brown,170,RT_021,1.54,170
2025-03-27 01:28:56,STORE_065,Harare_Willowvale,Buns 6-Pack,41,RT_044,1.17,41
2025-06-03 16:26:46,STORE_095,Masvingo_Branch,High Energy White,211,RT_001,1.42,211
2025-01-27 08:26:27,STORE_104,Mutare_Branch,Whole Wheat,148,RT_003,1.37,148
2025-02-08 14:56:07,STORE_122,Bulawayo_Branch,Buns 6-Pack,197,RT_003,1.1,197
2025-04-13 04:08:18,STORE_085,Harare_Southerton,High Energy Brown,285,RT_035,1.34,285
2025-07-02 17:14:19,STORE_128,Harare_Southerton,Seed Loaf,105,RT_014,1.57,105
2025-04-02 04:30:01,STORE_059,Gweru_Branch,High Energy Brown,265,RT_021,,265
2025-06-17 07:35:45,STORE_133,Chitungwiza_Depot,High Energy White,176,RT_016,1.45,176
2025-02-28 22:54:19,STORE_018,Bindura_Depot,High Energy White,129,RT_008,1.27,129
2025-07-14 03:15:49,STORE_085,Bindura_Depot,Buns 6-Pack,166,RT_027,1.29,166
2025-05-05 14:32:39,STORE_078,Kwekwe_Depot,Whole Wheat,225,RT_014,1.46,225
2025-03-03 08:39:32,STORE_079,Chitungwiza_Depot,Soft White,203,RT_010,1.24,203
2025-06-06 02:23:30,STORE_029,Harare_Willowvale,Wholegrain Brown,227,RT_027,1.55,227
2025-07-13 02:33:08,STORE_118,Marondera_Depot,High Energy White,28,RT_022,1.32,28
2025-01-04 00:15:02,STORE_026,Marondera_Depot,Mini Rolls 6-Pack,299,RT_005,1.14,299
2025-05-10 11:19:21,STORE_132,Kwekwe_Depot,Coke500ml,130,RT_014,1.22,130
2025-07-09 12:15:55,STORE_115,Mutare_Branch,Soft White,103,RT_042,1.14,103
2025-06-02 23:18:33,STORE_051,Gweru_Branch,Whole Wheat,137,RT_027,1.36,137
2025-07-17 04:24:01,STORE_016,Mutare_Branch,Wholegrain Brown,27,RT_046,1.59,27
2025-03-25 23:38:20,STORE_138,Gweru_Branch,Mini Rolls 6-Pack,172,RT_006,0.98,172
2025-05-11 18:51:07,STORE_061,Bulawayo_Branch,Wholegrain Brown,240,RT_029,1.53,240
2025-07-10 05:11:30,STORE_135,Gweru_Branch,Whole Wheat,74,RT_048,1.5,74
2025-03-03 05:01:26,STORE_133,Bindura_Depot,Family Loaf,133,RT_049,2.39,133
2025-05-07 19:23:20,STORE_019,Chitungwiza_Depot,Soft White,85,RT_034,1.22,85
2025-07-19 21:25:12,STORE_127,Harare_Southerton,Soft White,286,RT_011,1.12,286
2025-05-19 20:45:45,STORE_060,Kwekwe_Depot,High Energy White,271,RT_001,1.36,271
2025-07-13 21:12:11,STORE_027,Harare_Southerton,Whole Wheat,276,RT_033,1.42,276
2025-06-08 10:20:35,STORE_040,Harare_Southerton,Seed Loaf,317,RT_033,1.63,317
2025-05-28 20:45:05,STORE_033,Masvingo_Branch,Wholegrain Brown,306,RT_022,1.31,306
2025-03-30 18:03:36,STORE_042,Harare_Willowvale,Soft White,107,RT_047,1.12,107
2025-04-26 11:08:42,STORE_066,Harare_Southerton,Family Loaf,99,RT_049,2.31,99
2025-06-07 11:31:56,STORE_139,Mutare_Branch,Whole Wheat,125,RT_010,1.56,125
2025-03-08 01:06:59,STORE_070,Harare_Southerton,Wholegrain Brown,154,RT_049,1.31,154
2025-05-24 20:46:19,STORE_117,Chitungwiza_Depot,High Energy Brown,84,RT_041,1.41,84
2025-06-18 04:26:11,STORE_105,Harare_Southerton,Family Loaf,246,RT_044,2.11,246
2025-06-30 14:51:27,STORE_090,Kwekwe_Depot,Wholegrain Brown,200,RT_032,1.57,200
2025-07-14 19:15:03,STORE_011,Marondera_Depot,Family Loaf,167,RT_019,2.21,167
2025-05-30 10:58:02,STORE_086,Marondera_Depot,Whole Wheat,253,RT_047,1.42,253
2025-05-18 15:15:31,STORE_037,Bindura_Depot,Mini Rolls 6-Pack,300,RT_001,1.16,300
2025-01-12 07:48:54,STORE_116,Harare_Willowvale,High Energy White,304,RT_033,1.33,304
2025-06-30 22:15:21,STORE_044,Marondera_Depot,Mini Rolls 6-Pack,258,RT_007,1.13,258
2025-02-08 17:07:29,STORE_133,Bulawayo_Branch,Family Loaf,102,RT_024,2.32,102
2025-05-06 23:29:58,STORE_057,Mutare_Branch,Mini Rolls 6-Pack,97,RT_007,1.01,97
2025-03-11 11:27:54,STORE_037,Mutare_Branch,Wholegrain Brown,15,RT_042,1.34,15
2025-04-03 09:22:09,STORE_095,Harare_Willowvale,Wholegrain Brown,203,RT_002,1.58,203
2025-05-13 05:08:53,STORE_020,Gweru_Branch,Wholegrain Brown,140,RT_040,1.38,140
2025-07-19 00:51:59,STORE_106,Kwekwe_Depot,Mini Rolls 6-Pack,71,RT_010,1.16,71
2025-03-31 20:30:12,STORE_064,Bindura_Depot,Whole Wheat,103,RT_040,1.41,103
2025-03-12 21:09:12,STORE_096,Harare_Willowvale,High Energy White,268,RT_037,1.43,268
2025-06-05 11:38:39,STORE_089,Chitungwiza_Depot,Wholegrain Brown,243,RT_025,1.43,243
2025-07-20 03:46:50,STORE_083,Harare_Willowvale,Whole Wheat,283,RT_012,1.61,283
2025-06-22 07:32:36,STORE_025,Marondera_Depot,Seed Loaf,193,RT_015,1.46,193
2025-02-10 02:00:27,STORE_086,Gweru_Branch,Buns 6-Pack,245,RT_010,1.07,245
2025-02-04 15:31:58,STORE_102,Mutare_Branch,Mini Rolls 6-Pack,236,RT_045,1.19,236
2025-06-16 16:05:09,STORE_073,Harare_Willowvale,Family Loaf,218,RT_040,2.32,218
2025-05-20 14:11:20,STORE_108,Bulawayo_Branch,Soft White,110,RT_002,1.24,110
2025-05-04 23:09:13,STORE_028,Masvingo_Branch,Whole Wheat,283,RT_040,1.49,283
2025-05-20 22:02:45,STORE_011,Bindura_Depot,Mini Rolls 6-Pack,246,RT_011,1.07,246
2025-04-23 05:19:39,STORE_069,Harare_Willowvale,Seed Loaf,8,RT_001,1.64,8
2025-03-10 04:11:38,STORE_074,Gweru_Branch,Whole Wheat,186,RT_042,1.6,186
2025-06-08 14:21:14,STORE_008,Masvingo_Branch,Wholegrain Brown,153,RT_013,1.35,153
2025-03-26 06:36:09,STORE_091,Kwekwe_Depot,High Energy Brown,153,RT_029,1.31,153
2025-05-11 18:12:29,STORE_049,Mutare_Branch,Buns 6-Pack,119,RT_010,1.05,119
2025-03-31 10:21:30,STORE_119,Mutare_Branch,High Energy Brown,194,RT_034,1.33,194
2025-04-23 15:57:37,STORE_002,Mutare_Branch,Buns 6-Pack,109,RT_029,1.12,109
2025-06-09 13:57:58,STORE_012,Bulawayo_Branch,Buns 6-Pack,298,RT_003,1.23,298
2025-06-28 04:51:09,STORE_120,Marondera_Depot,Family Loaf,58,RT_043,2.29,58
2025-07-24 02:01:51,STORE_131,Marondera_Depot,Wholegrain Brown,121,RT_047,1.44,121
2025-03-05 17:39:34,STORE_132,Bulawayo_Branch,Whole Wheat,314,RT_019,1.56,314
2025-01-10 06:45:55,STORE_137,Kwekwe_Depot,Wholegrain Brown,206,RT_014,1.56,206
2025-06-19 05:40:08,STORE_017,Chitungwiza_Depot,High Energy Brown,222,RT_048,1.39,222
2025-04-28 16:13:27,STORE_084,Gweru_Branch,Buns 6-Pack,130,RT_040,1.12,130
2025-07-08 06:27:53,STORE_102,Harare_Southerton,SoftWhite,168,RT_034,1.14,168
2025-01-28 12:10:29,STORE_064,Bindura_Depot,High Energy White,204,RT_030,1.22,204
2025-03-25 16:53:44,STORE_090,Gweru_Branch,Whole Whet,210,RT_024,1.52,210
2025-06-29 19:07:22,STORE_098,Harare_Willowvale,Wholegrain Brown,148,RT_039,1.38,148
2025-04-22 03:14:43,STORE_133,Kwekwe_Depot,Seed Loaf,286,RT_025,1.55,286
2025-06-22 17:16:59,STORE_061,Mutare_Branch,High Energy White,83,RT_002,1.38,83
2025-04-08 01:04:00,STORE_026,Harare_Willowvale,Buns 6-Pack,219,RT_011,1.12,219
2025-01-24 07:44:34,STORE_085,Chitungwiza_Depot,Seed Loaf,64,RT_024,1.45,64
2025-04-23 16:14:20,STORE_087,Chitungwiza_Depot,High Energy Brown,254,RT_020,1.36,254
2025-03-15 22:54:50,STORE_121,Mutare_Branch,High Energy Brown,255,RT_037,1.38,255
2025-02-28 18:51:51,STORE_099,Harare_Southerton,Seed Loaf,67,RT_017,1.4,67
2025-06-09 17:46:44,STORE_035,Bulawayo_Branch,Family Loaf,159,RT_011,2.39,159
2025-01-09 04:42:55,STORE_139,Chitungwiza_Depot,Family Loaf,157,RT_033,2.3,157
2025-07-06 22:29:39,STORE_045,Harare_Southerton,Soft White,77,RT_039,1.31,77
2025-05-18 06:10:39,STORE_069,Marondera_Depot,Family Loaf,191,RT_018,2.2,191
2025-05-18 07:18:12,STORE_052,Mutare_Branch,Family Loaf,261,RT_048,2.25,261
2025-01-19 22:49:06,STORE_111,Bulawayo_Branch,Seed Loaf,174,RT_046,1.57,174
2025-02-10 04:28:28,STORE_104,Marondera_Depot,High Energy White,153,RT_039,1.39,153
2025-02-13 16:00:11,STORE_116,Gweru_Branch,Buns 6-Pack,292,RT_005,1.22,292
2025-03-24 16:05:27,STORE_135,Marondera_Depot,Whole Wheat,36,RT_037,1.52,36
2025-05-21 10:48:56,STORE_062,Mutare_Branch,High Energy White,305,RT_003,1.21,305
2025-07-20 06:04:34,STORE_115,Marondera_Depot,Mini Rolls 6-Pack,222,RT_048,1.11,222
2025-02-05 23:35:58,STORE_118,Harare_Southerton,High Energy White,132,RT_046,1.42,132
2025-04-12 13:27:01,STORE_059,Marondera_Depot,Seed Loaf,145,RT_031,1.43,145
2025-05-03 16:01:01,STORE_092,Mutare_Branch,Buns 6-Pack,190,RT_038,1.19,190
2025-05-19 08:17:50,STORE_084,Harare_Southerton,High Energy White,302,RT_005,1.22,302
2025-06-05 05:26:19,STORE_015,Marondera_Depot,Whole Wheat,161,RT_025,1.43,161
2025-03-05 09:13:53,STORE_122,Bindura_Depot,Soft White,227,RT_007,1.37,227
2025-02-18 02:47:43,STORE_049,Chitungwiza_Depot,Seed Lof,121,RT_021,1.57,121
2025-06-24 19:51:41,STORE_056,Bindura_Depot,Family Loaf,194,RT_037,2.36,194
2025-06-01 20:12:18,STORE_120,Bulawayo_Branch,Seed Loaf,87,RT_017,1.6,87
2025-04-05 01:21:32,STORE_031,Marondera_Depot,Mini Rolls 6-Pack,128,RT_026,1.15,128
2025-05-01 19:35:35,STORE_025,Masvingo_Branch,High Energy Brown,238,RT_029,,238
2025-05-29 13:13:56,STORE_002,Harare_Southerton,Mini Rolls 6-Pack,220,RT_023,1.17,220
2025-06-22 00:18:38,STORE_103,Mutare_Branch,Family Loaf,293,RT_002,2.24,293
2025-04-30 18:22:17,STORE_124,Marondera_Depot,Mini Rolls 6-Pack,121,RT_035,1.12,121
2025-06-15 17:18:48,STORE_092,Bindura_Depot,Buns 6-Pack,169,RT_049,1.15,169
2025-05-27 18:59:34,STORE_123,Masvingo_Branch,Wholegrain Brown,299,RT_019,1.36,299
2025-04-19 18:31:08,STORE_045,Kwekwe_Depot,High Energy Brown,89,RT_040,1.36,89
2025-03-11 08:15:05,STORE_050,Mutare_Branch,Seed Loaf,216,RT_013,1.6,216
2025-12-05 00:00:00,STORE_120,Masvingo_Branch,High Energy Brown,13,RT_003,1.37,13
2025-05-02 00:48:38,STORE_123,Chitungwiza_Depot,Family Loaf,190,RT_044,2.33,190
2025-02-12 02:06:42,STORE_132,Masvingo_Branch,SoftWhite,254,RT_032,1.37,254
2025-04-15 01:58:39,STORE_045,Marondera_Depot,Mini Rolls 6-Pack,187,RT_033,0.98,187
2025-05-16 01:04:37,STORE_139,Harare_Southerton,High Energy Brown,147,RT_040,1.41,147
2025-01-29 14:48:32,STORE_065,Harare_Willowvale,Seed Loaf,262,RT_040,1.49,262
2025-06-15 19:01:51,STORE_025,Bindura_Depot,Wholegrain Brown,260,RT_048,1.37,260
2025-05-26 07:27:21,STORE_026,Chitungwiza_Depot,High Energy Brown,74,RT_038,1.4,74
2025-06-27 12:33:44,STORE_126,Mutare_Branch,Soft White,207,RT_002,1.39,207
2025-07-28 15:44:08,STORE_039,Mutare_Branch,Family Loaf,90,RT_022,2.27,90
2025-06-29 08:37:37,STORE_043,Marondera_Depot,High Energy Brown,286,RT_045,1.25,286
2025-02-19 10:04:25,STORE_032,Marondera_Depot,Wholegrain Brown,306,RT_041,1.58,306
2025-05-21 06:25:44,STORE_047,Marondera_Depot,Wholegrain Brown,287,RT_007,1.35,287
2025-05-21 09:26:20,STORE_056,Bindura_Depot,Buns 6-Pack,314,RT_033,1.25,314
2025-06-01 12:17:22,STORE_099,Harare_Southerton,High Energy White,6,RT_044,1.23,6
2025-03-27 23:47:25,STORE_028,Marondera_Depot,Wholegrain Brown,93,RT_045,1.49,93
2025-01-21 21:36:48,STORE_034,Kwekwe_Depot,Soft White,244,RT_039,1.33,244
2025-06-06 23:07:46,STORE_136,Mutare_Branch,Wholegrain Brown,181,RT_039,1.36,181
2025-03-27 00:46:36,STORE_014,Kwekwe_Depot,Buns 6-Pack,110,RT_041,1.29,110
2025-01-14 09:27:40,STORE_115,Mutare_Branch,Whole Wheat,79,RT_028,,79
2025-06-29 04:20:15,STORE_091,Chitungwiza_Depot,Wholegrain Brown,16,RT_039,1.44,16
2025-07-04 16:10:43,STORE_118,Kwekwe_Depot,Soft White,58,RT_006,1.2,58
2025-06-28 15:00:22,STORE_003,Gweru_Branch,Soft White,5,RT_016,1.11,5
2025-03-14 03:58:31,STORE_069,Gweru_Branch,Seed Loaf,10,RT_007,1.55,10
2025-03-19 01:58:28,STORE_033,Gweru_Branch,Buns 6-Pack,226,RT_005,1.24,226
2025-04-25 20:14:22,STORE_083,Harare_Willowvale,Buns 6-Pack,119,RT_028,1.02,119
2025-04-04 13:11:08,STORE_085,Masvingo_Branch,Soft White,117,RT_012,1.21,117
2025-01-29 14:22:30,STORE_105,Harare_Willowvale,Whole Wheat,78,RT_036,1.4,78
2025-04-04 06:30:30,STORE_038,Harare_Willowvale,Family Loaf,105,RT_022,2.18,105
2025-06-04 20:36:35,STORE_008,Bulawayo_Branch,Wholegrain Brown,147,RT_005,1.57,147
2025-01-16 22:52:49,STORE_073,Harare_Southerton,Mini Rolls 6-Pack,288,RT_016,0.93,288
2025-03-07 21:19:56,STORE_046,Mutare_Branch,Soft White,175,RT_018,1.31,175
2025-07-05 02:32:29,STORE_106,Kwekwe_Depot,Soft White,232,RT_043,1.12,232
2025-06-28 02:39:15,STORE_059,Chitungwiza_Depot,High Energy Brown,30,RT_035,1.29,30
2025-01-05 14:31:31,STORE_114,Kwekwe_Depot,Seed Loaf,148,RT_039,1.68,148
,STORE_133,Harare_Willowvale,High Energy Brown,203,RT_037,1.32,203
2025-03-30 00:53:56,STORE_035,Harare_Southerton,Buns 6-Pack,163,RT_038,1.15,163
2025-07-22 12:58:36,STORE_131,Gweru_Branch,Whole Wheat,185,RT_033,1.53,185
2025-07-11 02:40:55,STORE_048,Chitungwiza_Depot,High Energy White,143,RT_044,1.4,143
2025-02-26 00:55:12,STORE_069,Marondera_Depot,Wholegrain Brown,276,RT_008,1.33,276
2025-04-10 11:46:00,STORE_010,Gweru_Branch,Mini Rolls 6-Pack,305,RT_032,1.13,305
2025-06-07 12:55:12,STORE_089,Chitungwiza_Depot,High Energy Brown,51,RT_020,1.26,51
2025-03-20 00:54:31,STORE_032,Bindura_Depot,HighEnergyWhite,311,RT_029,1.22,311
2025-03-05 09:40:47,STORE_038,Mutare_Branch,Seed Loaf,205,RT_019,1.47,205
2025-07-05 22:02:25,STORE_117,Mutare_Branch,High Energy Brown,139,RT_008,1.36,139
2025-06-16 18:58:23,STORE_021,Harare_Willowvale,Seed Loaf,246,RT_030,1.53,246
2025-01-12 23:41:10,STORE_099,Masvingo_Branch,High Energy White,73,RT_018,1.41,73
2025-07-29 19:20:03,STORE_051,Harare_Willowvale,High Energy Wite,149,RT_048,1.26,149
2025-03-15 02:06:08,STORE_034,Kwekwe_Depot,High Energy White,125,RT_034,1.36,125
2025-07-07 01:56:12,STORE_094,Bulawayo_Branch,Family Loaf,242,RT_040,2.25,242
2025-02-09 09:19:14,STORE_025,Bulawayo_Branch,High Energy Brown,40,RT_008,1.26,40
2025-07-04 20:04:01,STORE_124,Mutare_Branch,Seed Loaf,121,RT_021,1.61,121
2025-01-30 00:35:20,STORE_006,Kwekwe_Depot,High Energy Brown,183,RT_046,1.48,183
2025-03-22 20:12:00,STORE_021,Mutare_Branch,Soft White,96,RT_008,1.33,96
2025-04-18 18:10:02,STORE_002,Bulawayo_Branch,High Energy White,17,RT_014,1.48,17
2025-02-18 23:31:14,STORE_046,Bulawayo_Branch,High Energy Brown,215,RT_049,1.26,215
2025-07-10 17:53:07,STORE_078,Masvingo_Branch,Wholegrain Brown,204,RT_007,1.6,204
2025-07-28 01:47:09,STORE_120,Marondera_Depot,High Energy Brown,316,RT_008,1.36,316
2025-06-15 16:32:18,STORE_037,Gweru_Branch,Buns 6-Pack,195,RT_006,1.13,195
2025-12-05 00:00:00,STORE_057,Harare_Southerton,Soft White,272,RT_015,1.23,272
2025-02-03 12:38:15,STORE_131,Masvingo_Branch,Buns 6-Pack,307,RT_037,1.19,307
2025-04-08 13:27:21,STORE_071,Kwekwe_Depot,High Energy Brown,282,RT_013,1.42,282
2025-01-25 17:13:41,STORE_116,Bulawayo_Branch,Whole Wheat,57,RT_022,1.43,57
2025-04-21 04:56:31,STORE_072,Harare_Willowvale,Buns 6-Pack,96,RT_012,1.06,96
2025-05-31 19:06:24,STORE_038,Kwekwe_Depot,High Energy Brown,19,RT_016,1.48,19
2025-04-14 22:18:16,STORE_042,Bindura_Depot,High Energy Brown,84,RT_008,1.44,84
2025-02-11 05:44:29,STORE_101,Chitungwiza_Depot,High Energy Brown,221,RT_032,1.21,221
2025-02-16 09:22:26,STORE_040,Bindura_Depot,High Energy White,301,RT_001,1.44,301
2025-02-20 19:39:01,STORE_024,Kwekwe_Depot,Family Loaf,286,RT_033,2.28,286
2025-03-20 18:29:11,STORE_134,Marondera_Depot,Wholegrain Brown,249,RT_001,1.31,249
2025-03-23 03:47:02,STORE_046,Chitungwiza_Depot,Family Loaf,54,RT_013,2.17,54
2025-05-10 18:19:56,STORE_020,Harare_Willowvale,High Energy Brown,310,RT_036,1.35,310
2025-06-26 11:45:52,STORE_065,Mutare_Branch,High Energy Brown,145,RT_032,1.31,145
2025-02-14 19:25:49,STORE_079,Bindura_Depot,High Energy White,29,RT_039,1.23,29
2025-06-05 16:11:44,STORE_106,Bindura_Depot,Family Loaf,12,RT_045,2.12,12
2025-01-11 23:07:52,STORE_001,Marondera_Depot,High Energy White,181,RT_046,1.35,181
2025-06-20 00:50:24,STORE_033,Marondera_Depot,Soft White,104,RT_028,1.31,104
2025-03-16 21:08:43,STORE_011,Mutare_Branch,High Energy Brown,267,RT_023,1.41,267
2025-04-09 22:11:25,STORE_105,Gweru_Branch,High Energy Brown,275,RT_023,1.32,275
2025-07-26 23:03:24,STORE_137,Harare_Southerton,Buns 6-Pack,264,RT_036,1.07,264
2025-01-26 12:24:24,STORE_030,Bulawayo_Branch,Mini Rolls 6-Pack,167,RT_012,0.96,167
2025-07-14 04:14:29,STORE_095,Marondera_Depot,High Energy Brown,86,RT_045,1.41,86
2025-06-13 13:04:30,STORE_034,Kwekwe_Depot,Buns 6-Pack,91,RT_032,1.13,91
2025-01-28 13:31:26,STORE_046,Gweru_Branch,Wholegrain Brown,208,RT_037,1.42,208
2025-02-18 15:42:06,STORE_017,Mutare_Branch,Whole Wheat,174,RT_039,1.41,174
2025-05-28 20:30:15,STORE_042,Bulawayo_Branch,Mini Rolls 6-Pack,147,RT_018,0.95,147
2025-05-06 23:15:28,STORE_076,Bindura_Depot,Mini Rolls 6-Pack,273,RT_020,1.04,273
2025-01-24 01:31:59,STORE_018,Harare_Southerton,Seed Loaf,145,RT_016,1.49,145
2025-04-29 11:31:06,STORE_019,Bindura_Depot,Buns 6-Pack,72,RT_042,1.27,72
2025-05-11 08:02:13,STORE_117,Masvingo_Branch,Family Loaf,192,RT_033,2.27,192
2025-06-08 20:17:32,STORE_023,Gweru_Branch,Mini Rolls 6-Pack,314,RT_013,1.16,314
2025-03-29 20:04:37,STORE_018,Gweru_Branch,Seed Loaf,176,RT_042,1.58,176
2025-07-20 18:04:03,STORE_085,Harare_Southerton,High Energy White,151,RT_044,1.29,151
2025-07-05 03:56:17,STORE_038,Gweru_Branch,Wholegrain Brown,218,RT_026,1.33,218
2025-04-12 14:38:36,STORE_135,Harare_Southerton,High Energy White,110,RT_036,1.49,110
2025-04-04 06:46:02,STORE_125,Gweru_Branch,Whole Wheat,96,RT_010,1.53,96
2025-03-29 22:11:53,STORE_102,Chitungwiza_Depot,Wholegrain Brown,317,RT_003,1.5,317
2025-07-12 13:01:01,STORE_002,Bindura_Depot,High Energy Brown,187,RT_005,1.22,187
2025-06-20 23:43:14,STORE_039,Masvingo_Branch,Seed Loaf,173,RT_033,1.46,173
2025-01-04 16:32:54,STORE_127,Bindura_Depot,High Energy Brown,202,RT_046,1.41,202
2025-01-19 11:45:06,STORE_112,Chitungwiza_Depot,Whole Wheat,240,RT_009,1.46,240
2025-05-05 22:58:49,STORE_014,Chitungwiza_Depot,Family Loaf,207,RT_037,2.39,207
2025-05-14 06:43:57,STORE_113,Harare_Southerton,High Energy White,71,RT_049,1.28,71
2025-05-23 01:17:05,STORE_001,Masvingo_Branch,Soft White,108,RT_019,1.39,108
2025-01-27 14:18:25,STORE_083,Harare_Willowvale,Seed Loaf,106,RT_016,1.43,106
2025-06-27 22:44:19,STORE_052,Bulawayo_Branch,Seed Loaf,128,RT_023,1.47,128
2025-01-17 23:33:37,STORE_007,Masvingo_Branch,Wholegrain Brown,60,RT_001,1.48,60
2025-06-28 02:19:18,STORE_121,Gweru_Branch,Seed Loaf,148,RT_046,1.42,148
2025-06-30 19:33:04,STORE_069,Kwekwe_Depot,High Energy White,84,RT_032,1.39,84
2025-05-30 01:15:18,STORE_050,Kwekwe_Depot,Seed Loaf,78,RT_003,1.48,78
2025-03-12 15:53:03,STORE_068,Bulawayo_Branch,Whole Wheat,283,RT_012,1.42,283
2025-03-17 23:27:42,STORE_088,Bindura_Depot,Mini Rolls 6-Pack,315,RT_049,1.13,315
2025-01-06 03:38:21,STORE_105,Harare_Willowvale,High Energy Brown,199,RT_011,1.28,199
2025-05-30 05:26:10,STORE_013,Chitungwiza_Depot,Buns 6-Pack,61,RT_042,1.29,61
2025-06-04 09:05:10,STORE_026,Marondera_Depot,Family Loaf,319,RT_012,2.34,319
2025-01-04 10:14:23,STORE_084,Gweru_Branch,Seed Loaf,181,RT_011,1.7,181
2025-04-01 16:50:06,STORE_120,Bulawayo_Branch,Buns 6-Pack,240,RT_029,1.15,240
2025-01-21 13:42:26,STORE_044,Kwekwe_Depot,High Energy Brown,229,RT_026,1.38,229
2025-06-25 11:20:25,STORE_113,Kwekwe_Depot,High Energy White,239,RT_029,1.28,239
2025-06-25 14:34:26,STORE_115,Harare_Willowvale,Whole Wheat,40,RT_036,1.61,40
2025-05-15 04:57:02,STORE_009,Bulawayo_Branch,Mini Rolls 6-Pack,151,RT_025,1.03,151
2025-03-07 14:40:43,STORE_110,Bulawayo_Branch,Seed Lof,135,RT_001,1.47,135
2025-07-26 16:11:56,STORE_063,Masvingo_Branch,Seed Loaf,217,RT_018,1.5,217
2025-06-19 13:31:11,STORE_134,Bulawayo_Branch,Soft White,75,RT_036,1.35,75
2025-04-21 23:44:15,STORE_111,Gweru_Branch,Seed Loaf,298,RT_049,1.52,298
2025-06-29 01:45:58,STORE_029,Harare_Willowvale,Seed Loaf,126,RT_010,1.46,126
2025-04-04 20:17:42,STORE_040,Mutare_Branch,High Energy Brown,213,RT_009,1.22,213
2025-04-19 10:44:39,STORE_092,Harare_Southerton,Mini Rolls 6-Pack,220,RT_040,0.94,220
2025-02-07 00:37:19,STORE_086,Chitungwiza_Depot,Whole Wheat,303,RT_005,1.55,303
2025-03-01 14:25:34,STORE_083,Bulawayo_Branch,High Energy White,245,RT_002,1.35,245
2025-02-18 03:09:09,STORE_024,Kwekwe_Depot,Seed Loaf,252,RT_044,1.7,252
2025-04-07 19:55:26,STORE_014,Marondera_Depot,Soft White,155,RT_023,1.16,155
2025-07-04 03:57:28,STORE_121,Kwekwe_Depot,High Energy Brown,28,RT_048,1.49,28
2025-02-16 13:23:30,STORE_135,Harare_Southerton,High Energy White,74,RT_015,1.28,74
2025-04-25 22:14:05,STORE_013,Bindura_Depot,High Energy Brown,116,RT_045,1.27,116
2025-07-24 20:23:42,STORE_130,Gweru_Branch,Seed Loaf,188,RT_020,1.58,188
2025-07-20 16:19:24,STORE_102,Marondera_Depot,Family Loaf,27,RT_040,2.26,27
2025-01-20 04:33:47,STORE_035,Marondera_Depot,High Energy Brown,99,RT_044,1.5,99
2025-03-13 10:17:30,STORE_095,Bindura_Depot,Soft White,199,RT_028,1.15,199
2025-05-13 02:35:59,STORE_041,Bulawayo_Branch,Wholegrain Brown,229,RT_003,1.56,229
2025-04-26 15:19:43,STORE_134,Masvingo_Branch,Soft White,86,RT_001,1.2,86
2025-03-18 02:21:49,STORE_030,Bindura_Depot,Buns 6-Pack,62,RT_027,1.2,62
2025-06-11 02:42:10,STORE_124,Marondera_Depot,Seed Loaf,104,RT_042,1.6,104
2025-04-01 11:09:46,STORE_010,Masvingo_Branch,High Energy White,299,RT_007,1.23,299
2025-06-01 10:07:53,STORE_112,Chitungwiza_Depot,Wholegrain Brown,22,RT_035,1.41,22
2025-03-27 01:39:13,STORE_065,Gweru_Branch,Mini Rolls 6-Pack,173,RT_030,1.12,173
2025-04-25 10:03:40,STORE_076,Bulawayo_Branch,Soft White,7,RT_048,1.23,7
2025-05-15 15:48:09,STORE_055,Gweru_Branch,Buns 6-Pack,76,RT_003,1.29,76
2025-03-07 07:29:17,STORE_131,Bindura_Depot,High Energy White,32,RT_022,1.45,32
2025-04-09 06:12:53,STORE_038,Gweru_Branch,High Energy Brown,57,RT_006,1.38,57
2025-07-16 15:26:59,STORE_116,Harare_Willowvale,Family Loaf,187,RT_033,2.22,187
2025-05-02 00:35:19,STORE_090,Marondera_Depot,Mini Rolls 6-Pack,77,RT_040,1.13,77
2025-06-25 04:40:34,STORE_059,Marondera_Depot,Buns 6-Pack,278,RT_022,1.08,278
2025-05-20 23:40:04,STORE_083,Mutare_Branch,High Energy Brown,122,RT_021,1.5,122
2025-07-02 02:23:51,STORE_097,Harare_Southerton,High Energy Brown,212,RT_046,1.49,212
2025-04-08 01:32:49,STORE_081,Chitungwiza_Depot,Mini Rolls 6-Pack,52,RT_029,0.94,52
2025-06-27 14:38:52,STORE_066,Mutare_Branch,Buns 6-Pack,233,RT_002,1.06,233
2025-01-29 12:18:21,STORE_057,Bindura_Depot,Soft White,289,RT_043,1.32,289
2025-05-08 16:21:09,STORE_095,Kwekwe_Depot,Seed Loaf,174,RT_011,1.56,174
2025-05-06 06:16:51,STORE_132,Kwekwe_Depot,High Energy Brown,289,RT_001,1.49,289
2025-06-14 05:36:24,STORE_094,Bindura_Depot,Seed Loaf,102,RT_014,1.66,102
2025-04-23 23:44:19,STORE_105,Masvingo_Branch,Milk1L,237,RT_019,1.29,237
2025-03-28 13:43:41,STORE_034,Bindura_Depot,SoftWhite,246,RT_029,1.31,246
2025-06-10 05:34:32,STORE_079,Bindura_Depot,Family Loaf,265,RT_004,2.19,265
2025-06-19 22:12:59,STORE_019,Bulawayo_Branch,High Energy Brown,23,RT_043,1.45,23
2025-04-24 15:05:39,STORE_078,Harare_Willowvale,High Energy Brown,47,RT_008,1.48,47
2025-03-06 18:11:35,STORE_021,Marondera_Depot,Seed Loaf,176,RT_046,1.62,176
2025-04-10 04:42:36,STORE_089,Masvingo_Branch,High Energy Brown,75,RT_002,1.41,75
2025-03-10 03:29:34,STORE_033,Masvingo_Branch,High Energy White,238,RT_043,1.35,238
2025-06-05 08:29:37,STORE_121,Mutare_Branch,Family Loaf,314,RT_033,2.38,314
2025-07-07 21:26:56,STORE_007,Mutare_Branch,High Energy White,163,RT_012,1.26,163
2025-04-24 08:57:07,STORE_054,Bindura_Depot,Family Loaf,55,RT_005,2.15,55
2025-02-05 00:05:20,STORE_022,Bindura_Depot,Milk1L,113,RT_027,1.1,113
2025-01-29 09:35:52,STORE_097,Bindura_Depot,Wholegrain Brown,219,RT_029,1.45,219
2025-06-01 07:46:02,STORE_043,Mutare_Branch,Seed Loaf,61,RT_023,1.51,61
2025-03-26 20:42:09,STORE_074,Mutare_Branch,High Energy White,217,RT_049,1.5,217
2025-03-09 19:16:44,STORE_009,Marondera_Depot,Soft White,163,RT_007,1.19,163
2025-07-09 05:36:21,STORE_048,Harare_Willowvale,Family Loaf,86,RT_039,2.37,86
2025-06-18 12:00:08,STORE_050,Harare_Southerton,Whole Wheat,261,RT_023,1.41,261
2025-04-08 10:34:25,STORE_069,Masvingo_Branch,Family Loaf,266,RT_024,2.36,266
2025-05-18 03:51:40,STORE_119,Harare_Willowvale,Soft White,151,RT_042,1.28,151
2025-03-09 22:45:47,STORE_038,Chitungwiza_Depot,Mini Rolls 6-Pack,299,RT_044,1.09,299
2025-07-28 16:20:41,STORE_101,Chitungwiza_Depot,High Energy White,112,RT_009,1.32,112
2025-07-02 08:17:11,STORE_130,Bulawayo_Branch,Seed Loaf,62,RT_005,1.55,62
2025-03-29 00:41:10,STORE_086,Mutare_Branch,Mini Rolls 6-Pack,252,RT_014,0.93,252
2025-12-05 00:00:00,STORE_119,Harare_Southerton,Whole Wheat,259,RT_033,1.56,259
2025-06-29 05:40:47,STORE_026,Masvingo_Branch,Seed Loaf,319,RT_045,1.41,319
2025-03-22 02:54:56,STORE_104,Masvingo_Branch,Wholegrain Brown,161,RT_032,1.4,161
2025-07-10 07:09:35,STORE_098,Marondera_Depot,Whole Wheat,114,RT_030,1.54,114
2025-05-11 05:01:57,STORE_122,Harare_Willowvale,Seed Loaf,303,RT_003,1.57,303
2025-07-28 10:13:32,STORE_135,Marondera_Depot,Whole Wheat,269,RT_012,1.57,269
2025-04-04 10:23:10,STORE_047,Gweru_Branch,High Energy Brown,227,RT_018,1.47,227
2025-06-30 15:35:21,STORE_050,Harare_Willowvale,Soft White,155,RT_031,1.13,155
2025-01-18 04:40:19,STORE_057,Chitungwiza_Depot,Mini Rolls 6-Pack,250,RT_009,1.04,250
2025-05-28 06:39:40,STORE_090,Marondera_Depot,Seed Loaf,162,RT_023,1.6,162
2025-03-26 08:20:13,STORE_018,Harare_Southerton,Family Loaf,37,RT_036,2.29,37
2025-02-26 00:55:00,STORE_007,Kwekwe_Depot,Seed Loaf,10,RT_013,1.62,10
2025-02-23 12:20:36,STORE_120,Gweru_Branch,High Energy Brown,132,RT_047,1.49,132
2025-03-30 23:53:25,STORE_009,Harare_Southerton,Wholegrain Brown,183,RT_020,1.35,183
2025-06-12 16:54:36,STORE_021,Bulawayo_Branch,Buns 6-Pack,143,RT_016,1.19,143
2025-07-07 08:40:24,STORE_023,Harare_Willowvale,Family Loaf,316,RT_043,2.34,316
2025-01-13 19:58:51,STORE_099,Mutare_Branch,High Energy Brown,313,RT_009,1.22,313
2025-02-10 03:53:12,STORE_096,Gweru_Branch,High Energy Brwn,29,RT_037,1.21,29
2025-07-24 05:18:17,STORE_068,Masvingo_Branch,Whole Wheat,63,RT_045,1.54,63
2025-06-23 10:49:17,STORE_054,Kwekwe_Depot,Buns 6-Pack,68,RT_031,1.12,68
2025-02-28 09:17:41,STORE_111,Harare_Willowvale,High Energy Brown,143,RT_023,1.23,143
2025-06-29 03:24:08,STORE_098,Bulawayo_Branch,Buns 6-Pack,140,RT_035,1.12,140
2025-02-27 12:46:49,STORE_030,Harare_Willowvale,High Energy White,283,RT_003,1.45,283
2025-01-14 04:13:42,STORE_067,Bulawayo_Branch,Seed Loaf,148,RT_012,1.6,148
2025-04-17 23:02:34,STORE_128,Masvingo_Branch,Seed Loaf,121,RT_048,1.47,121
2025-04-08 02:13:37,STORE_029,Harare_Southerton,Family Loaf,222,RT_048,2.11,222
2025-02-17 06:46:38,STORE_066,Harare_Willowvale,Wholegrain Brown,185,RT_047,1.52,185
2025-02-22 10:19:03,STORE_106,Masvingo_Branch,High Energy Brown,266,RT_001,1.47,266
2025-06-27 01:22:37,STORE_047,Harare_Willowvale,Buns 6-Pack,33,RT_038,1.23,33
2025-02-08 12:56:22,STORE_115,Bulawayo_Branch,Seed Loaf,60,RT_048,1.64,60
2025-04-28 11:19:36,STORE_083,Kwekwe_Depot,Buns 6-Pack,91,RT_020,1.13,91
2025-05-04 00:09:32,STORE_122,Bindura_Depot,Mini Rolls 6-Pack,88,RT_006,1.09,88
2025-04-25 00:16:15,STORE_039,Marondera_Depot,High Energy Brown,38,RT_007,1.27,38
2025-04-17 23:12:17,STORE_072,Harare_Southerton,Wholegrain Brown,248,RT_004,1.31,248
2025-05-25 20:22:03,STORE_039,Bindura_Depot,High Energy White,198,RT_025,1.25,198
2025-07-27 00:39:46,STORE_122,Bulawayo_Branch,Buns 6-Pack,67,RT_017,1.08,67
2025-04-26 21:02:42,STORE_056,Bindura_Depot,Family Loaf,173,RT_046,2.31,173
2025-07-10 09:00:25,STORE_028,Harare_Southerton,Family Loaf,76,RT_006,2.18,76
2025-07-09 14:24:24,STORE_097,Mutare_Branch,Seed Loaf,78,RT_022,1.53,78
2025-07-26 11:48:28,STORE_131,Harare_Willowvale,Whole Wheat,242,RT_041,1.61,242
2025-02-19 19:49:39,STORE_137,Masvingo_Branch,Mini Rolls 6-Pack,117,RT_034,0.91,117
2025-02-18 01:21:49,STORE_026,Chitungwiza_Depot,Mini Rolls 6-Pack,143,RT_039,1.2,143
2025-05-24 16:36:38,STORE_089,Bindura_Depot,Seed Loaf,297,RT_041,1.68,297
2025-06-01 09:32:13,STORE_079,Bindura_Depot,Wholegrain Brown,211,RT_020,1.31,211
2025-06-17 02:23:54,STORE_065,Harare_Southerton,High Energy White,286,RT_027,1.33,286
2025-01-23 14:35:41,STORE_094,Chitungwiza_Depot,Soft White,241,RT_017,1.32,241
2025-05-10 09:08:07,STORE_126,Bulawayo_Branch,Mini Rolls 6-Pack,216,RT_021,1.18,216
2025-01-21 20:15:17,STORE_114,Harare_Southerton,High Energy Brown,312,RT_027,1.22,312
2025-05-12 09:11:46,STORE_027,Harare_Southerton,Mini Rolls 6-Pack,277,RT_013,0.93,277
2025-07-24 17:09:51,STORE_061,Gweru_Branch,Seed Loaf,172,RT_008,1.5,172
2025-05-12 06:52:51,STORE_033,Marondera_Depot,Mini Rolls 6-Pack,141,RT_021,1.11,141
2025-01-28 00:15:31,STORE_054,Bindura_Depot,Soft White,159,RT_034,,159
2025-04-09 00:42:35,STORE_121,Chitungwiza_Depot,Seed Loaf,306,RT_008,1.68,306
2025-04-23 12:17:48,STORE_048,Bindura_Depot,Whole Wheat,150,RT_019,1.6,150
2025-05-31 12:10:57,STORE_045,Gweru_Branch,Wholegrain Brown,318,RT_016,1.54,318
2025-03-22 13:45:07,STORE_139,,Buns 6-Pack,265,RT_009,1.15,265
2025-06-18 03:47:01,STORE_072,Marondera_Depot,Mini Rolls 6-Pack,226,RT_016,0.93,226
2025-03-14 01:37:39,STORE_090,Mutare_Branch,Whole Wheat,88,RT_041,1.54,88
2025-01-06 04:20:28,STORE_036,Mutare_Branch,Family Loaf,190,RT_005,2.34,190
2025-01-13 05:15:52,STORE_026,Bulawayo_Branch,Buns 6-Pack,219,RT_008,1.11,219
2025-04-23 20:29:36,STORE_043,Chitungwiza_Depot,Whole Wheat,226,RT_034,1.6,226
2025-01-07 20:37:12,STORE_127,Mutare_Branch,High Energy White,91,RT_047,1.43,91
2025-06-02 06:03:07,STORE_032,Mutare_Branch,Buns 6-Pack,305,RT_003,1.11,305
2025-02-11 20:04:30,STORE_075,Masvingo_Branch,High Energy Brown,83,RT_017,1.22,83
2025-05-12 02:22:12,STORE_021,Mutare_Branch,Wholegrain Brown,37,RT_012,1.52,37
2025-05-07 01:59:41,STORE_020,Chitungwiza_Depot,Whole Wheat,51,RT_042,1.63,51
2025-02-24 19:33:53,STORE_048,Chitungwiza_Depot,High Energy Brown,59,RT_027,1.33,59
2025-02-03 11:17:18,STORE_072,Marondera_Depot,Whole Wheat,174,RT_046,1.43,174
2025-05-02 03:24:06,STORE_094,Harare_Willowvale,Buns 6-Pack,43,RT_038,1.08,43
2025-01-23 13:46:48,STORE_073,Harare_Willowvale,Wholegrain Brown,235,RT_036,1.53,235
2025-05-16 03:13:36,STORE_106,Chitungwiza_Depot,High Energy Brown,5,RT_001,1.25,5
2025-06-17 22:19:47,STORE_085,Mutare_Branch,Mini Rolls 6-Pack,68,RT_018,1.03,68
2025-02-27 17:28:16,STORE_015,Mutare_Branch,Seed Loaf,144,RT_024,1.51,144
2025-07-10 02:22:43,STORE_129,Chitungwiza_Depot,Seed Loaf,46,RT_048,1.64,46
2025-05-15 19:50:24,STORE_029,Harare_Willowvale,Whole Wheat,148,RT_035,1.36,148
2025-05-05 07:18:44,STORE_036,Marondera_Depot,Whole Wheat,216,RT_007,1.58,216
2025-05-11 10:56:08,STORE_065,Chitungwiza_Depot,Family Loaf,78,RT_038,2.39,78
2025-05-25 06:48:02,STORE_067,Kwekwe_Depot,Whole Wheat,232,RT_024,1.47,232
2025-04-26 07:51:33,STORE_027,Bulawayo_Branch,High Energy White,219,RT_021,1.37,219
2025-02-18 17:21:29,STORE_080,Gweru_Branch,High Energy White,283,RT_022,1.21,283
2025-02-27 11:21:37,STORE_065,Bindura_Depot,WholeWheat,158,RT_010,1.49,158
2025-01-12 23:31:48,STORE_102,Marondera_Depot,Wholegrain Brown,168,RT_036,1.3,168
2025-03-01 16:06:17,STORE_139,Bulawayo_Branch,Mini Rolls 6-Pack,99,RT_013,1.16,99
2025-04-11 01:09:17,STORE_105,Chitungwiza_Depot,Mini Rolls 6-Pack,259,RT_025,1.07,259
2025-04-20 06:18:18,STORE_051,Gweru_Branch,Seed Loaf,204,RT_035,1.53,204
2025-01-06 22:46:44,STORE_022,Kwekwe_Depot,Soft White,167,RT_041,1.34,167
2025-06-13 22:24:04,STORE_067,Masvingo_Branch,Wholegrain Brown,65,RT_025,1.39,65
2025-06-14 12:22:46,STORE_081,Marondera_Depot,Soft White,276,RT_007,1.3,276
2025-04-06 04:01:36,STORE_025,Masvingo_Branch,Mini Rolls 6-Pack,214,RT_023,1.11,214
2025-03-18 07:21:50,STORE_063,Bindura_Depot,High Energy Brown,270,RT_009,1.24,270
2025-04-01 04:36:30,STORE_128,Mutare_Branch,High Energy Brown,161,RT_024,1.22,161
2025-06-13 16:59:28,STORE_061,Mutare_Branch,Mini Rolls 6-Pack,248,RT_008,1.11,248
2025-01-24 10:49:42,STORE_030,Chitungwiza_Depot,Buns 6-Pack,107,RT_030,1.04,107
2025-06-10 18:34:53,STORE_110,Masvingo_Branch,High Energy White,50,RT_048,1.44,50
2025-02-22 16:56:44,STORE_119,Bindura_Depot,Soft White,129,RT_022,1.4,129
2025-02-05 22:19:39,STORE_004,Masvingo_Branch,Mini Rolls 6-Pack,148,RT_016,1.18,148
2025-05-24 05:53:21,STORE_098,Chitungwiza_Depot,Family Loaf,230,RT_040,2.1,230
2025-07-11 22:54:38,STORE_109,Bindura_Depot,High Energy White,67,RT_017,1.49,67
2025-02-28 04:06:54,STORE_056,Masvingo_Branch,Seed Loaf,249,RT_006,1.6,249
2025-05-20 17:00:34,STORE_121,Harare_Willowvale,Buns 6-Pack,129,RT_030,1.28,129
2025-03-03 01:41:13,STORE_087,Bindura_Depot,Mini Rolls 6-Pack,121,RT_034,1.09,121
2025-05-22 09:04:18,STORE_132,Bulawayo_Branch,High Energy White,112,RT_046,1.22,112
2025-05-15 14:13:44,STORE_098,Chitungwiza_Depot,Whole Wheat,179,RT_030,1.45,179
2025-03-11 22:11:35,STORE_092,Kwekwe_Depot,Mini Rolls 6-Pack,353,RT_031,1.2,353
2025-07-23 06:11:34,STORE_105,Chitungwiza_Depot,Mini Rolls 6-Pack,109,RT_041,1.1,109
2025-01-01 07:18:16,STORE_074,Bindura_Depot,Soft White,315,RT_033,1.12,315
2025-05-18 01:45:28,STORE_033,Bulawayo_Branch,Family Loaf,81,RT_033,2.34,81
2025-01-04 05:27:13,STORE_062,Kwekwe_Depot,Soft White,303,RT_031,1.28,303
2025-01-12 10:48:56,STORE_087,Marondera_Depot,Mini Rolls 6-Pack,31,RT_008,1.1,31
2025-01-21 14:24:52,STORE_035,Bindura_Depot,High Energy White,183,RT_026,1.45,183
2025-05-30 21:24:19,STORE_055,Kwekwe_Depot,Seed Loaf,32,RT_038,1.4,32
2025-04-05 13:13:03,STORE_046,Marondera_Depot,High Energy White,282,RT_007,1.35,282
2025-01-01 00:15:17,STORE_106,Harare_Southerton,High Energy Brown,251,RT_035,1.39,251
2025-07-02 02:50:42,STORE_094,Harare_Willowvale,Mini Rolls 6-Pack,166,RT_024,1.14,166
2025-06-02 05:48:51,STORE_007,Kwekwe_Depot,Wholegrain Brown,25,RT_002,1.54,25
2025-07-09 20:17:55,STORE_082,Bindura_Depot,High Energy Brown,186,RT_006,1.25,186
2025-07-15 03:51:10,STORE_114,Gweru_Branch,Whole Wheat,251,RT_044,1.45,251
2025-01-11 08:20:30,STORE_101,Bulawayo_Branch,Seed Loaf,161,RT_048,1.66,161
2025-07-11 19:48:35,STORE_073,Bindura_Depot,Family Loaf,158,RT_045,2.34,158
2025-05-25 04:46:47,STORE_072,Mutare_Branch,Mini Rolls 6-Pack,162,RT_043,0.96,162
2025-02-25 05:31:13,STORE_089,Masvingo_Branch,Family Loaf,244,RT_028,2.19,244
2025-07-12 04:33:47,STORE_009,Bindura_Depot,Soft White,27,RT_018,1.14,27
2025-07-09 15:14:03,STORE_046,Harare_Willowvale,High Energy Brown,94,RT_011,1.34,94
2025-06-27 11:19:49,STORE_087,Chitungwiza_Depot,Soft White,110,RT_046,1.2,110
2025-07-28 08:47:15,STORE_022,Bulawayo_Branch,High Energy Brown,104,RT_027,1.23,104
2025-01-08 00:47:28,STORE_080,Bindura_Depot,Buns 6-Pack,107,RT_040,1.11,107
2025-05-17 12:16:57,STORE_134,Mutare_Branch,Family Loaf,143,RT_013,2.12,143
2025-02-11 07:08:45,STORE_099,Harare_Willowvale,Whole Wheat,138,RT_027,1.38,138
2025-01-11 07:11:52,STORE_024,Mutare_Branch,Mini Rolls 6-Pack,25,RT_048,0.96,25
2025-02-20 11:41:50,STORE_053,Masvingo_Branch,Family Loaf,4,RT_010,2.28,4
2025-06-21 23:27:54,STORE_018,Kwekwe_Depot,Whole Wheat,309,RT_041,1.4,309
2025-03-01 16:49:58,STORE_112,Mutare_Branch,Buns 6-Pack,72,RT_017,1.2,72
2025-02-23 05:30:00,STORE_014,Gweru_Branch,Wholegrain Brown,139,RT_032,1.32,139
2025-06-03 17:54:52,STORE_078,Mutare_Branch,Soft White,271,RT_028,1.21,271
2025-06-22 15:46:05,STORE_077,Harare_Willowvale,Whole Wheat,97,RT_008,1.4,97
2025-01-01 08:16:53,STORE_132,Bindura_Depot,Seed Loaf,143,RT_034,1.64,143
2025-02-20 17:57:59,STORE_055,Chitungwiza_Depot,Wholegrain Brown,4,RT_007,1.6,4
2025-03-29 08:45:52,STORE_057,Harare_Southerton,Soft White,79,,1.25,79
2025-04-29 03:30:09,STORE_117,Masvingo_Branch,Whole Wheat,233,RT_003,1.62,233
2025-07-08 08:38:29,STORE_014,Gweru_Branch,Soft White,295,RT_006,1.34,295
2025-05-20 05:05:50,STORE_105,Harare_Southerton,Family Loaf,203,RT_038,2.37,203
2025-03-18 19:44:08,STORE_072,Bindura_Depot,Buns 6-Pack,233,RT_038,1.17,233
2025-03-16 08:25:59,STORE_090,Bindura_Depot,Seed Loaf,3,RT_019,1.53,3
2025-03-02 12:18:18,STORE_116,Marondera_Depot,High Energy White,166,RT_026,1.23,166
2025-05-22 10:10:23,STORE_019,Marondera_Depot,Soft White,265,RT_032,1.2,265
2025-06-25 22:01:39,STORE_088,Bulawayo_Branch,High Energy White,246,RT_009,1.35,246
2025-04-15 06:06:51,STORE_094,Kwekwe_Depot,Soft White,176,RT_015,1.39,176
2025-04-30 19:59:24,STORE_115,Masvingo_Branch,Mini Rolls 6-Pack,41,RT_019,1.15,41
2025-05-07 20:00:57,STORE_087,Harare_Willowvale,Mini Rolls 6-Pack,60,RT_041,1.01,60
2025-02-01 04:39:05,STORE_051,Bulawayo_Branch,Whole Wheat,298,RT_031,1.65,298
2025-07-23 02:16:29,STORE_110,Kwekwe_Depot,Seed Loaf,29,RT_048,1.48,29
2025-04-26 11:55:54,STORE_012,Marondera_Depot,Wholegrain Brown,78,RT_047,1.6,78
2025-04-23 22:10:59,STORE_075,Bulawayo_Branch,Mini Rolls 6-Pack,213,RT_008,0.94,213
2025-05-02 11:32:47,STORE_088,Mutare_Branch,Whole Wheat,108,RT_007,1.4,108
2025-03-16 09:04:48,STORE_101,Masvingo_Branch,Whole Wheat,37,RT_033,1.42,37
2025-05-01 10:32:25,STORE_132,Bulawayo_Branch,High Energy Brown,162,RT_039,1.28,162
2025-03-01 22:30:52,STORE_019,Masvingo_Branch,Mini Rolls 6-Pack,219,RT_033,1.19,219
2025-02-18 23:56:24,STORE_083,Harare_Willowvale,Seed Loaf,89,RT_026,1.44,89
2025-05-20 07:44:18,STORE_133,Harare_Southerton,High Energy Brown,304,RT_039,1.45,304
2025-06-04 14:10:32,STORE_011,Bulawayo_Branch,Seed Loaf,275,RT_048,1.46,275
2025-02-15 23:13:06,STORE_026,Marondera_Depot,Family Loaf,303,RT_001,2.2,303
2025-02-02 22:37:10,STORE_101,Chitungwiza_Depot,Whole Wheat,194,RT_042,1.53,194
2025-03-17 21:55:47,STORE_114,Kwekwe_Depot,High Energy Brown,307,RT_023,1.29,307
2025-03-05 08:35:06,STORE_073,Bindura_Depot,Buns 6-Pack,28,RT_020,1.09,28
2025-04-13 20:04:08,STORE_108,Masvingo_Branch,High Energy White,158,RT_022,1.22,158
2025-07-01 16:40:58,STORE_085,Kwekwe_Depot,Wholegrain Brown,201,RT_028,1.59,201
2025-06-13 04:10:13,STORE_046,Bindura_Depot,Soft White,76,RT_028,1.31,76
2025-07-14 06:50:28,STORE_050,Marondera_Depot,Seed Loaf,319,RT_016,1.41,319
2025-04-01 11:53:55,STORE_092,Harare_Willowvale,Soft White,149,RT_030,1.33,149
2025-07-02 10:28:32,STORE_138,Bulawayo_Branch,High Energy White,74,RT_005,1.4,74
2025-01-24 17:27:33,STORE_016,Harare_Southerton,Soft White,25,RT_039,1.26,25
2025-01-11 02:27:14,STORE_033,Masvingo_Branch,Family Loaf,84,RT_036,2.21,84
2025-02-13 06:13:29,STORE_013,Kwekwe_Depot,Wholegrain Brown,170,RT_023,1.56,170
2025-05-28 23:48:02,STORE_048,Bindura_Depot,Wholegrain Brown,54,RT_025,1.41,54
2025-04-15 03:36:44,STORE_089,Mutare_Branch,High Energy White,258,RT_010,1.21,258
2025-07-28 16:21:32,STORE_079,Gweru_Branch,Mini Rolls 6-Pack,318,RT_008,1.15,318
2025-03-07 09:05:34,STORE_084,Marondera_Depot,High Energy Brown,89,RT_043,1.35,89
2025-06-23 13:56:40,STORE_091,Marondera_Depot,Coke500ml,127,RT_016,1.39,127
2025-01-17 00:24:35,STORE_049,Harare_Southerton,Soft White,228,RT_002,1.18,228
2025-02-06 04:50:13,STORE_045,Kwekwe_Depot,High Energy Brown,93,RT_005,1.42,93
2025-02-02 22:37:54,STORE_064,Gweru_Branch,Seed Loaf,9,RT_047,1.42,9
2025-03-06 00:46:50,STORE_088,Gweru_Branch,Seed Loaf,253,RT_047,1.57,253
2025-05-01 22:57:32,STORE_136,Marondera_Depot,Wholegrain Brown,255,RT_024,1.34,255
2025-05-20 06:15:20,STORE_139,Kwekwe_Depot,Seed Loaf,188,RT_037,1.56,188
2025-03-05 03:29:30,STORE_011,Bulawayo_Branch,High Energy Brown,66,RT_001,1.39,66
2025-07-20 05:35:02,STORE_001,Mutare_Branch,Soft White,208,RT_016,1.39,208
2025-01-11 15:37:23,STORE_012,Bulawayo_Branch,Whole Wheat,168,RT_003,1.48,168
2025-07-24 19:56:56,STORE_047,Masvingo_Branch,Mini Rolls 6-Pack,10,RT_038,1.14,10
2025-07-14 13:02:42,STORE_043,Bulawayo_Branch,Soft White,141,RT_018,1.32,141
2025-03-12 11:58:31,STORE_089,Chitungwiza_Depot,High Energy Brown,15,RT_013,1.31,15
2025-03-03 11:24:59,STORE_130,Mutare_Branch,Mini Rolls 6-Pack,51,RT_004,1.19,51
2025-05-26 12:54:48,STORE_075,Mutare_Branch,Mini Rolls 6-Pack,319,RT_009,0.95,319
2025-05-28 20:31:07,STORE_037,Bindura_Depot,Buns 6-Pack,60,RT_025,1.27,60
2025-01-13 22:04:31,STORE_138,Harare_Southerton,Soft White,41,RT_009,1.26,41
2025-01-23 03:38:14,STORE_093,Gweru_Branch,High Energy Brown,244,RT_015,1.24,244
2025-06-18 03:07:00,STORE_022,Chitungwiza_Depot,Wholegrain Brown,90,RT_039,1.47,90
2025-07-16 18:51:05,STORE_119,Masvingo_Branch,Buns 6-Pack,87,RT_014,1.23,87
2025-02-17 07:46:10,STORE_108,Kwekwe_Depot,High Energy Brown,251,RT_045,1.33,251
2025-02-19 14:56:22,STORE_010,Mutare_Branch,High Energy Brown,9,RT_029,1.28,9
2025-07-05 04:30:42,STORE_065,Bulawayo_Branch,High Energy Brown,216,RT_010,1.28,216
2025-03-30 23:57:34,STORE_139,Masvingo_Branch,Family Loaf,305,RT_036,2.23,305
2025-02-14 14:22:01,STORE_066,Harare_Southerton,Whole Wheat,137,RT_041,1.63,137
2025-01-31 03:54:01,STORE_065,Mutare_Branch,Wholegrain Brown,6,RT_045,1.59,6
2025-03-16 00:23:41,STORE_127,Mutare_Branch,Wholegrain Brown,302,RT_008,1.35,302
2025-07-17 05:57:35,STORE_004,Gweru_Branch,Whole Wheat,145,RT_046,1.38,145
2025-07-05 05:07:17,STORE_098,Harare_Southerton,Wholegrain Brown,294,RT_038,1.53,294
2025-05-02 10:17:44,STORE_055,Kwekwe_Depot,Seed Loaf,187,RT_035,1.57,187
2025-07-13 16:15:43,STORE_049,Harare_Southerton,Buns 6-Pack,310,RT_018,1.08,310
2025-07-16 12:21:59,STORE_085,Bulawayo_Branch,Wholegrain Brown,57,RT_032,1.55,57
2025-03-19 00:24:55,STORE_014,Chitungwiza_Depot,High Energy Brown,300,RT_014,1.25,300
2025-01-21 19:42:34,STORE_001,Marondera_Depot,High Energy Brown,210,RT_014,1.36,210
2025-03-27 13:26:07,STORE_004,Mutare_Branch,Buns 6-Pack,183,RT_004,1.11,183
2025-02-02 10:47:07,STORE_094,Kwekwe_Depot,Soft White,7,RT_044,1.28,7
2025-02-03 08:29:37,STORE_020,Mutare_Branch,Whole Wheat,180,RT_023,,180
2025-07-02 00:24:19,STORE_139,Harare_Willowvale,Whole Wheat,46,RT_038,1.53,46
2025-06-30 03:40:19,STORE_085,Kwekwe_Depot,Buns 6-Pack,114,RT_039,1.13,114
2025-07-17 03:54:57,STORE_043,Marondera_Depot,Whole Wheat,310,RT_039,1.45,310
2025-01-27 16:53:56,STORE_046,Harare_Willowvale,Soft White,40,RT_005,1.21,40
2025-07-23 17:51:34,STORE_136,Marondera_Depot,Mini Rolls 6-Pack,32,RT_049,1.01,32
2025-03-12 13:51:30,STORE_088,Mutare_Branch,Wholegrain Brown,284,RT_043,1.57,284
2025-06-13 10:37:02,STORE_054,Kwekwe_Depot,Soft White,164,RT_038,1.22,164
2025-06-12 23:50:10,STORE_017,Mutare_Branch,Wholegrain Brown,96,RT_009,1.58,96
2025-06-09 23:22:14,STORE_074,Masvingo_Branch,Sugar2kg,190,RT_004,1.35,190
2025-04-26 02:59:09,STORE_058,Kwekwe_Depot,Soft White,16,RT_047,1.36,16
2025-02-08 17:29:05,STORE_087,Kwekwe_Depot,Buns 6-Pack,163,RT_019,1.22,163
2025-05-30 10:34:33,STORE_050,Marondera_Depot,High Energy White,84,RT_024,1.27,84
2025-03-11 17:39:00,STORE_016,Harare_Willowvale,Buns 6-Pack,264,RT_027,1.19,264
2025-02-12 02:30:20,STORE_061,Marondera_Depot,High Energy Brown,154,RT_009,1.26,154
2025-03-14 23:27:16,STORE_091,Bindura_Depot,Family Loaf,213,RT_049,2.13,213
2025-05-24 04:47:08,STORE_004,Harare_Willowvale,Family Loaf,201,RT_048,2.34,201
2025-01-31 20:31:20,STORE_098,Masvingo_Branch,Mini Rolls 6-Pack,230,RT_047,1.02,230
2025-07-04 18:18:15,STORE_113,Kwekwe_Depot,Seed Loaf,48,RT_029,1.6,48
2025-05-22 14:35:50,STORE_129,Mutare_Branch,Wholegrain Brown,73,RT_003,1.3,73
2025-06-05 19:53:02,STORE_098,Marondera_Depot,Family Loaf,99,RT_037,2.36,99
2025-06-11 00:19:40,STORE_038,Kwekwe_Depot,Seed Loaf,155,RT_031,1.57,155
2025-05-23 10:33:26,STORE_060,Masvingo_Branch,Seed Loaf,35,RT_032,1.68,35
2025-01-09 08:27:53,STORE_009,Harare_Southerton,Seed Loaf,294,RT_049,1.45,294
2025-02-21 10:22:58,STORE_113,Marondera_Depot,Family Loaf,209,RT_041,2.29,209
2025-06-18 10:45:34,STORE_087,Gweru_Branch,Soft White,226,RT_045,1.18,226
2025-07-27 07:22:02,STORE_021,Gweru_Branch,High Energy White,70,RT_048,1.31,70
2025-07-18 17:08:06,STORE_083,Harare_Southerton,Wholegrain Brown,267,RT_021,1.45,267
2025-06-21 09:25:23,STORE_017,Harare_Willowvale,Whole Wheat,77,RT_043,1.47,77
2025-06-08 23:55:36,STORE_063,Kwekwe_Depot,High Energy White,196,RT_012,1.2,196
2025-04-14 17:43:10,STORE_049,Bindura_Depot,Buns 6-Pack,318,RT_010,1.18,318
2025-04-20 10:49:47,STORE_007,Chitungwiza_Depot,Soft White,311,RT_021,1.29,311
2025-02-25 06:16:38,STORE_130,Bulawayo_Branch,Mini Rolls 6-Pack,77,RT_007,1.01,77
2025-02-07 01:43:48,STORE_108,Marondera_Depot,Seed Loaf,142,RT_024,1.55,142
2025-02-27 00:30:22,STORE_107,Mutare_Branch,Wholegrain Brown,57,RT_040,1.35,57
2025-05-12 09:56:08,STORE_111,Harare_Willowvale,Seed Loaf,494,RT_013,1.43,494
2025-06-03 15:04:40,STORE_125,Bulawayo_Branch,High Energy White,23,RT_027,1.3,23
2025-03-22 08:38:42,STORE_114,Harare_Southerton,Seed Loaf,133,RT_043,1.65,133
2025-04-13 02:40:05,STORE_129,Chitungwiza_Depot,Whole Wheat,31,RT_024,1.38,31
2025-01-31 20:15:21,STORE_058,Masvingo_Branch,Mini Rolls 6-Pack,4,RT_035,1.09,4
2025-02-26 02:44:47,STORE_003,Masvingo_Branch,Whole Wheat,23,RT_034,1.55,23
2025-01-09 16:04:05,STORE_008,Harare_Southerton,High Energy Brown,210,RT_048,1.42,210
2025-01-24 20:03:05,STORE_058,Bindura_Depot,Whole Wheat,177,RT_042,1.55,177
2025-06-04 22:17:22,STORE_067,Mutare_Branch,Soft White,257,RT_021,1.29,257
2025-04-09 13:49:59,STORE_131,Bindura_Depot,Wholegrain Brown,101,RT_034,1.37,101
2025-07-23 17:43:18,STORE_117,Harare_Southerton,Buns 6-Pack,291,RT_038,1.11,291
2025-03-17 06:55:38,STORE_004,Marondera_Depot,Wholegrain Brown,240,RT_013,1.49,240
2025-07-19 06:53:04,STORE_134,Bindura_Depot,Soft White,31,RT_043,1.29,31
2025-07-23 16:53:41,STORE_069,Bindura_Depot,Buns 6-Pack,190,RT_034,1.2,190
2025-02-23 21:50:51,STORE_116,Chitungwiza_Depot,Family Loaf,36,RT_017,2.36,36
2025-04-07 06:47:29,STORE_088,Chitungwiza_Depot,Buns 6-Pack,249,RT_037,1.11,249
2025-07-01 23:10:52,STORE_031,Bindura_Depot,Mini Rolls 6-Pack,158,RT_012,0.93,158
2025-01-31 23:04:19,STORE_053,Chitungwiza_Depot,Mini Rolls 6-Pack,56,RT_044,1.15,56
2025-02-08 13:04:23,STORE_059,Masvingo_Branch,Whole Wheat,53,RT_027,1.52,53
2025-05-19 05:50:45,STORE_051,Mutare_Branch,Seed Loaf,155,RT_015,1.44,155
2025-06-30 14:03:15,STORE_081,Chitungwiza_Depot,Wholegrain Brown,99,RT_044,1.34,99
2025-01-08 14:46:43,STORE_114,Harare_Willowvale,Wholegrain Brown,105,RT_049,1.38,105
2025-07-01 01:32:07,STORE_135,Masvingo_Branch,Soft White,31,RT_044,1.37,31
2025-02-23 12:00:10,STORE_040,Kwekwe_Depot,Mini Rolls 6-Pack,55,RT_008,1.08,55
2025-02-09 20:58:03,STORE_038,Bulawayo_Branch,Wholegrain Brown,8,RT_034,1.5,8
2025-05-06 18:52:28,STORE_033,Kwekwe_Depot,Family Loaf,244,RT_013,2.25,244
2025-06-15 07:54:10,STORE_093,Harare_Southerton,Seed Loaf,188,RT_010,1.43,188
2025-07-29 23:11:20,STORE_031,Bulawayo_Branch,Buns 6-Pack,86,RT_023,1.16,86
2025-01-03 16:16:00,STORE_016,Harare_Southerton,High Energy White,181,RT_003,1.23,181
2025-05-11 00:18:00,STORE_081,Marondera_Depot,Mini Rolls 6-Pack,140,RT_033,1.16,140
2025-05-23 09:52:58,STORE_058,Masvingo_Branch,Buns 6-Pack,20,RT_030,1.18,20
2025-02-11 21:57:00,STORE_123,Gweru_Branch,Soft White,150,RT_029,1.12,150
2025-01-18 09:52:09,STORE_045,Harare_Willowvale,Wholegrain Brown,196,RT_007,1.37,196
2025-06-25 07:04:56,STORE_100,Kwekwe_Depot,Wholegrain Brown,144,RT_003,1.54,144
2025-03-31 16:20:08,STORE_016,Marondera_Depot,High Energy White,208,RT_035,1.45,208
2025-04-25 15:07:33,STORE_101,Gweru_Branch,High Energy White,82,RT_009,1.46,82
2025-04-01 06:52:37,STORE_006,Chitungwiza_Depot,Whole Wheat,75,RT_029,1.4,75
2025-05-02 04:04:12,STORE_050,Harare_Willowvale,Buns 6-Pack,26,RT_045,1.27,26
2025-03-05 02:46:14,STORE_136,Mutare_Branch,Mini Rolls 6-Pack,128,RT_015,0.91,128
2025-05-25 06:01:17,STORE_137,Bulawayo_Branch,Soft White,226,RT_046,1.14,226
2025-04-11 09:51:33,STORE_130,Bindura_Depot,Soft White,153,RT_026,1.34,153
2025-06-25 05:43:06,STORE_114,Harare_Willowvale,Soft White,192,RT_011,1.39,192
2025-03-03 18:25:58,STORE_118,Mutare_Branch,High Energy Brown,271,RT_037,1.42,271
2025-07-22 02:58:04,STORE_060,Bulawayo_Branch,Mini Rolls 6-Pack,205,RT_043,0.94,205
2025-04-17 18:07:24,STORE_130,Harare_Willowvale,Whole Wheat,44,RT_021,1.63,44
2025-05-11 23:04:41,STORE_064,Chitungwiza_Depot,Whole Wheat,267,RT_017,1.51,267
2025-03-03 09:10:41,STORE_023,Bindura_Depot,Mini Rolls 6-Pack,52,RT_007,0.99,52
2025-05-14 11:32:46,STORE_020,Chitungwiza_Depot,Mini Rolls 6-Pack,108,RT_036,1.12,108
2025-02-13 23:46:00,STORE_043,Bulawayo_Branch,Family Loaf,59,RT_029,2.25,59
2025-04-07 23:13:42,STORE_070,Harare_Southerton,Soft White,157,RT_024,1.37,157
2025-06-24 20:05:04,STORE_015,Harare_Southerton,Whole Wheat,34,RT_026,1.47,34
2025-06-26 18:57:52,STORE_111,Marondera_Depot,Whole Wheat,93,RT_035,1.55,93
2025-07-03 13:47:21,STORE_045,Mutare_Branch,High Energy White,209,RT_020,1.27,209
2025-01-11 07:08:14,STORE_033,Harare_Willowvale,Soft White,305,RT_030,1.35,305
2025-03-13 05:20:08,STORE_107,Bindura_Depot,Wholegrain Brown,10,RT_035,1.54,10
2025-03-18 22:49:21,STORE_057,Harare_Southerton,High Energy Brown,46,RT_023,1.39,46
2025-02-03 05:31:23,STORE_118,Harare_Willowvale,Seed Loaf,215,RT_027,1.69,215
2025-03-13 14:59:03,STORE_113,Bindura_Depot,High Energy White,48,RT_047,1.32,48
2025-02-23 03:12:58,STORE_073,Masvingo_Branch,High Energy White,57,RT_003,1.22,57
2025-01-18 12:42:22,STORE_100,Gweru_Branch,Buns 6-Pack,108,RT_029,1.13,108
2025-02-16 03:35:38,STORE_010,Gweru_Branch,High Energy White,286,RT_028,1.27,286
2025-02-05 02:11:03,STORE_031,Masvingo_Branch,High Energy Brwn,70,RT_006,1.47,70
2025-03-23 19:29:26,STORE_129,Marondera_Depot,Seed Loaf,62,RT_012,1.6,62
2025-07-18 00:17:08,STORE_041,Mutare_Branch,High Energy White,308,RT_014,1.39,308
2025-07-16 23:06:02,STORE_053,Harare_Southerton,Mini Rolls 6-Pack,249,RT_044,1.07,249
2025-05-14 04:11:45,STORE_034,Mutare_Branch,Buns 6-Pack,166,RT_029,1.07,166
2025-01-17 09:59:11,STORE_062,Marondera_Depot,High Energy Brown,264,RT_016,1.23,264
2025-04-12 00:50:30,STORE_074,Bindura_Depot,Soft White,25,RT_028,1.36,25
2025-06-15 18:18:25,STORE_104,Harare_Willowvale,Seed Loaf,138,RT_010,1.68,138
2025-05-10 01:28:10,STORE_006,Harare_Southerton,Mini Rolls 6-Pack,145,RT_030,0.99,145
2025-02-25 11:31:20,STORE_083,Gweru_Branch,Whole Wheat,225,RT_006,1.61,225
2025-04-26 11:20:44,STORE_041,Bulawayo_Branch,Mini Rolls 6-Pack,272,RT_038,1.15,272
2025-01-30 17:13:24,STORE_065,Harare_Southerton,High Energy Brown,130,RT_016,1.43,130
2025-06-25 14:50:41,STORE_092,Harare_Southerton,High Energy White,229,RT_023,1.25,229
2025-07-02 06:01:19,STORE_014,Masvingo_Branch,Buns 6-Pack,172,RT_008,1.23,172
2025-06-21 07:28:30,STORE_043,Bulawayo_Branch,Mini Rolls 6-Pack,79,RT_006,1.0,79
2025-06-30 14:18:53,STORE_125,Masvingo_Branch,Mini Rolls 6-Pack,250,RT_048,0.93,250
2025-06-07 11:32:21,STORE_120,Marondera_Depot,Buns 6-Pack,191,RT_021,1.26,191
2025-05-13 23:07:37,STORE_030,Kwekwe_Depot,Whole Wheat,176,RT_002,1.45,176
2025-03-16 01:32:57,STORE_010,Harare_Southerton,Soft White,242,RT_047,1.36,242
2025-07-24 20:56:36,STORE_108,Chitungwiza_Depot,Family Loaf,157,RT_004,2.11,157
2025-04-06 23:17:40,STORE_122,Harare_Southerton,Wholegrain Brown,121,RT_024,1.34,121
2025-02-13 07:13:16,STORE_018,Mutare_Branch,Seed Loaf,98,RT_020,1.47,98
2025-04-14 01:50:08,STORE_034,Harare_Southerton,High Energy White,90,RT_044,1.28,90
2025-03-20 19:20:07,STORE_041,Bindura_Depot,Mini Rolls 6-Pack,257,RT_042,1.11,257
2025-04-23 02:28:04,STORE_076,Masvingo_Branch,Mini Rolls 6-Pack,139,RT_013,1.0,139
2025-06-24 18:36:51,STORE_095,Chitungwiza_Depot,Whole Wheat,45,RT_031,1.48,45
2025-01-05 15:56:20,STORE_074,Gweru_Branch,Buns 6-Pack,184,RT_046,1.29,184
2025-06-27 21:51:49,STORE_083,Harare_Willowvale,Whole Wheat,135,RT_037,1.65,135
2025-05-01 19:13:41,STORE_126,Harare_Southerton,Family Loaf,290,RT_044,2.18,290
2025-05-17 17:06:24,STORE_008,Gweru_Branch,Whole Wheat,165,RT_020,,165
2025-07-10 02:05:19,STORE_014,Bulawayo_Branch,Family Loaf,204,RT_007,2.27,204
2025-04-28 21:46:42,STORE_139,Harare_Southerton,Family Loaf,174,RT_036,2.29,174
2025-01-27 08:56:09,STORE_042,Kwekwe_Depot,Mini Rolls 6-Pack,86,RT_011,0.9,86
2025-07-26 05:05:20,STORE_001,Harare_Willowvale,High Energy White,297,RT_037,1.29,297
2025-04-17 05:47:33,STORE_077,Chitungwiza_Depot,Family Loaf,140,RT_013,2.39,140
2025-06-03 01:21:09,STORE_072,Mutare_Branch,Wholegrain Brown,183,RT_021,1.58,183
2025-02-26 09:53:30,STORE_047,Gweru_Branch,Mini Rolls 6-Pack,220,RT_001,1.0,220
2025-07-09 13:10:53,STORE_048,Harare_Willowvale,Wholegrain Brown,82,RT_021,1.3,82
2025-02-03 07:36:36,STORE_108,Bindura_Depot,Whole Wheat,67,RT_044,1.44,67
2025-01-31 03:40:14,STORE_062,Gweru_Branch,High Energy White,157,RT_020,1.39,157
2025-06-09 08:22:28,STORE_028,Bulawayo_Branch,Whole Wheat,155,RT_016,1.64,155
2025-07-16 15:04:39,STORE_112,Harare_Southerton,Seed Loaf,245,RT_002,1.4,245
2025-05-25 19:55:49,STORE_121,Chitungwiza_Depot,Mini Rolls 6-Pack,77,RT_020,1.13,77
2025-01-27 05:36:38,STORE_061,Chitungwiza_Depot,Seed Loaf,207,RT_007,1.49,207
2025-03-05 02:22:11,STORE_055,Bulawayo_Branch,Family Loaf,106,RT_033,2.38,106
2025-06-15 11:35:05,STORE_129,Chitungwiza_Depot,Mini Rolls 6-Pack,96,RT_002,0.95,96
2025-05-10 00:04:01,STORE_038,Harare_Willowvale,Buns 6-Pack,231,RT_039,1.05,231
2025-07-09 18:32:32,STORE_067,Harare_Southerton,High Energy White,225,RT_014,1.45,225
2025-03-18 02:27:53,STORE_080,Mutare_Branch,Wholegrain Brown,267,RT_023,1.4,267
2025-05-16 15:14:18,STORE_101,Bulawayo_Branch,Seed Loaf,20,RT_047,1.44,20
2025-01-01 13:49:28,STORE_058,Harare_Willowvale,Soft White,248,RT_047,1.39,248
2025-07-13 08:30:08,STORE_062,Bulawayo_Branch,High Energy Brown,175,RT_024,1.47,175
2025-03-07 03:15:45,STORE_087,Harare_Southerton,Whole Wheat,84,RT_034,1.54,84
2025-07-23 16:49:40,STORE_016,Chitungwiza_Depot,High Energy Brown,107,RT_036,1.28,107
2025-06-13 19:51:23,STORE_082,Harare_Southerton,Seed Loaf,294,RT_006,1.5,294
2025-05-01 14:59:18,STORE_122,Marondera_Depot,Seed Loaf,141,RT_029,1.47,141
2025-04-07 11:03:26,STORE_080,Gweru_Branch,Soft White,243,RT_002,1.13,243
2025-07-19 07:24:11,STORE_031,Gweru_Branch,Whole Wheat,209,RT_007,1.36,209
2025-06-27 06:15:38,STORE_043,Bindura_Depot,Soft White,271,RT_019,1.1,271
2025-05-13 18:59:30,STORE_105,Marondera_Depot,Buns 6-Pack,232,RT_021,1.09,232
2025-03-22 00:49:56,STORE_084,Kwekwe_Depot,Soft White,132,RT_033,1.39,132
2025-03-13 08:49:20,STORE_011,Marondera_Depot,Mini Rolls 6-Pack,100,RT_048,1.15,100
2025-05-21 21:04:56,STORE_029,Kwekwe_Depot,Family Loaf,170,RT_017,2.28,170
2025-01-07 19:10:26,STORE_084,Harare_Willowvale,High Energy White,224,RT_020,1.34,224
2025-01-19 10:08:31,STORE_123,Kwekwe_Depot,Whole Wheat,229,RT_049,1.41,229
2025-01-16 23:48:30,STORE_033,Masvingo_Branch,Seed Loaf,118,RT_046,1.67,118
2025-04-12 03:08:43,STORE_099,Kwekwe_Depot,Seed Loaf,195,RT_003,1.61,195
2025-01-02 14:14:46,STORE_070,Bulawayo_Branch,Wholegrain Brown,10,RT_002,1.44,10
2025-02-14 21:29:39,STORE_101,Masvingo_Branch,Seed Loaf,116,RT_018,1.54,116
2025-06-28 23:20:49,STORE_025,Marondera_Depot,Soft White,224,RT_031,1.27,224
2025-01-28 08:28:39,STORE_066,Kwekwe_Depot,High Energy Brown,16,RT_001,1.41,16
2025-01-27 19:13:52,STORE_042,Bulawayo_Branch,Soft White,224,RT_014,1.15,224
2025-06-20 10:55:16,STORE_083,Bindura_Depot,Soft White,246,RT_047,1.38,246
2025-05-03 03:14:27,STORE_130,Bindura_Depot,Family Loaf,169,RT_040,2.22,169
2025-04-08 16:47:23,STORE_016,Harare_Willowvale,Whole Wheat,241,RT_049,1.53,241
2025-02-10 22:39:13,STORE_095,Marondera_Depot,Family Loaf,13,RT_001,2.12,13
2025-03-30 05:23:31,STORE_025,Harare_Willowvale,Seed Loaf,175,RT_007,1.44,175
2025-05-27 06:47:08,STORE_062,Kwekwe_Depot,Soft White,46,RT_007,1.3,46
2025-04-07 13:21:30,STORE_037,Kwekwe_Depot,Wholegrain Brown,269,RT_028,1.4,269
2025-05-14 06:43:01,STORE_079,Harare_Willowvale,Mini Rolls 6-Pack,140,RT_010,1.03,140
2025-05-27 09:30:37,STORE_113,Mutare_Branch,Seed Loaf,16,RT_007,1.69,16
2025-04-26 06:20:42,STORE_124,Kwekwe_Depot,Family Loaf,291,RT_005,2.21,291
2025-01-15 17:01:36,STORE_090,Masvingo_Branch,Buns 6-Pack,46,RT_041,1.11,46
2025-04-01 03:15:27,STORE_139,Bulawayo_Branch,High Energy Brown,249,RT_007,1.36,249
2025-01-27 20:59:51,STORE_017,Harare_Southerton,Whole Wheat,229,RT_034,1.42,229
2025-06-05 16:50:45,STORE_075,Bulawayo_Branch,Soft White,34,RT_021,1.25,34
2025-04-22 02:42:57,STORE_075,Masvingo_Branch,High Energy White,236,RT_036,1.47,236
2025-06-14 18:12:53,STORE_001,Marondera_Depot,Soft White,15,RT_046,1.19,15
2025-02-25 18:06:07,STORE_092,Marondera_Depot,Buns 6-Pack,246,RT_031,1.15,246
2025-05-22 12:58:35,STORE_077,Harare_Southerton,Family Loaf,130,RT_010,2.21,130
2025-01-02 20:45:01,STORE_115,Marondera_Depot,Mini Rolls 6-Pack,180,RT_041,1.14,180
2025-03-12 01:04:25,STORE_029,Bindura_Depot,Seed Loaf,187,RT_012,1.4,187
2025-04-10 03:59:22,STORE_106,Marondera_Depot,Soft White,144,RT_018,1.37,144
2025-03-27 19:21:58,STORE_070,Gweru_Branch,High Energy Brown,246,RT_010,1.39,246
2025-07-26 23:39:07,STORE_109,Chitungwiza_Depot,Buns 6-Pack,295,RT_009,1.3,295
2025-06-27 04:53:52,STORE_119,Gweru_Branch,Soft White,106,RT_030,1.16,106
2025-06-06 20:16:04,STORE_055,Kwekwe_Depot,Family Loaf,214,RT_045,2.33,214
2025-06-05 18:14:44,STORE_105,Marondera_Depot,Soft White,175,RT_005,1.19,175
2025-02-05 15:46:01,STORE_083,Bindura_Depot,Buns 6-Pack,89,RT_016,1.03,89
2025-06-06 03:45:53,STORE_048,Harare_Southerton,Soft White,54,RT_004,1.34,54
2025-06-05 05:41:53,STORE_064,Harare_Southerton,Whole Wheat,57,RT_035,1.38,57
2025-01-12 18:38:01,STORE_024,Bulawayo_Branch,Soft White,75,RT_009,1.38,75
2025-06-22 18:33:56,STORE_036,Marondera_Depot,High Energy White,300,RT_015,1.44,300
2025-05-11 23:59:03,STORE_070,Chitungwiza_Depot,Soft White,84,RT_049,1.11,84
2025-03-29 11:11:05,STORE_091,Mutare_Branch,Whole Wheat,190,RT_035,1.42,190
2025-04-15 07:13:23,STORE_080,Masvingo_Branch,High Energy Brown,141,RT_028,1.49,141
2025-01-25 02:20:03,STORE_010,Kwekwe_Depot,Seed Loaf,311,RT_013,1.55,311
2025-03-18 20:53:40,STORE_033,Harare_Southerton,Buns 6-Pack,122,RT_032,1.08,122
2025-02-10 08:00:40,STORE_134,Chitungwiza_Depot,Buns 6-Pack,32,RT_006,1.13,32
2025-01-18 15:21:42,STORE_102,Bulawayo_Branch,Family Loaf,223,RT_002,2.14,223
2025-01-14 23:12:31,STORE_006,Bindura_Depot,Mini Rolls 6-Pack,224,RT_006,1.18,224
2025-05-28 17:26:32,STORE_005,Kwekwe_Depot,High Energy White,212,RT_036,1.41,212
2025-06-12 00:46:49,STORE_048,Bindura_Depot,Buns 6-Pack,166,RT_049,1.07,166
2025-05-11 17:36:57,STORE_111,Masvingo_Branch,Seed Loaf,313,RT_017,1.53,313
2025-03-24 23:25:58,STORE_046,Harare_Willowvale,Sugar2kg,201,RT_012,1.17,201
2025-05-02 14:41:18,STORE_013,Bulawayo_Branch,Whole Wheat,8,RT_022,1.58,8
2025-03-23 13:18:25,STORE_032,Bindura_Depot,Buns 6-Pack,193,RT_047,1.05,193
2025-03-26 17:29:43,STORE_138,Gweru_Branch,Whole Wheat,306,RT_013,1.64,306
2025-03-04 23:00:19,STORE_102,Bindura_Depot,Mini Rolls 6-Pack,239,RT_009,1.09,239
2025-02-25 19:21:39,STORE_125,Masvingo_Branch,Soft White,107,RT_044,1.34,107
2025-03-31 11:18:22,STORE_136,Harare_Willowvale,Mini Rolls 6-Pack,185,RT_006,1.05,185
2025-03-08 02:19:14,STORE_124,Bindura_Depot,Whole Wheat,91,RT_028,1.37,91
2025-01-22 06:01:22,STORE_076,Masvingo_Branch,Mini Rolls 6-Pack,147,RT_039,1.13,147
2025-03-21 14:17:17,STORE_131,Mutare_Branch,Family Loaf,45,RT_042,2.29,45
2025-06-20 15:35:08,STORE_010,Masvingo_Branch,Soft White,284,RT_024,1.36,284
2025-01-18 06:04:47,STORE_065,Harare_Willowvale,High Energy White,24,RT_004,1.4,24
2025-06-01 22:26:35,STORE_099,Harare_Willowvale,High Energy White,197,RT_006,1.44,197
2025-06-25 09:58:12,STORE_048,Masvingo_Branch,Buns 6-Pack,152,RT_042,1.28,152
2025-05-26 03:39:35,STORE_048,Kwekwe_Depot,Buns 6-Pack,53,RT_014,1.28,53
2025-05-26 09:59:43,STORE_005,Mutare_Branch,Buns 6-Pack,300,RT_021,1.17,300
2025-02-19 18:37:55,STORE_046,Marondera_Depot,High Energy Brown,161,RT_016,1.36,161
2025-05-23 14:16:34,STORE_114,Kwekwe_Depot,Buns 6-Pack,138,RT_017,1.14,138
2025-04-21 22:02:13,STORE_126,Harare_Willowvale,Wholegrain Brown,61,RT_027,1.59,61
2025-04-06 08:27:19,STORE_080,Bulawayo_Branch,Soft White,54,RT_042,1.36,54
2025-06-17 14:35:30,STORE_101,Bulawayo_Branch,Buns 6-Pack,21,RT_017,1.13,21
2025-06-06 20:37:44,STORE_027,Kwekwe_Depot,High Energy Brown,267,RT_046,1.46,267
2025-03-20 07:52:47,STORE_049,Harare_Willowvale,Whole Wheat,295,RT_007,1.53,295
2025-04-05 00:25:55,STORE_047,Harare_Willowvale,Wholegrain Brown,83,RT_011,1.54,83
2025-07-12 03:12:32,STORE_060,Chitungwiza_Depot,High Energy Brown,191,RT_048,1.43,191
2025-05-19 10:44:26,STORE_027,Marondera_Depot,Wholegrain Brown,127,RT_035,1.32,127
2025-02-10 16:32:10,STORE_026,Marondera_Depot,Family Loaf,261,RT_035,2.27,261
2025-01-03 23:41:56,STORE_059,Masvingo_Branch,Sugar2kg,146,RT_048,1.67,146
2025-01-18 22:55:30,STORE_120,Harare_Willowvale,Seed Loaf,39,RT_018,1.7,39
2025-05-09 20:01:58,STORE_023,Harare_Willowvale,Buns 6-Pack,76,RT_038,1.02,76
2025-01-03 14:53:26,STORE_005,Harare_Southerton,Mini Rolls 6-Pack,204,RT_013,0.9,204
2025-04-23 18:34:49,STORE_106,Masvingo_Branch,Family Loaf,51,RT_024,2.4,51
2025-05-27 04:18:35,STORE_023,Mutare_Branch,High Energy White,315,RT_031,1.29,315
2025-07-07 06:55:52,STORE_050,Bindura_Depot,Whole Wheat,159,RT_008,1.37,159
2025-03-16 01:55:53,STORE_045,Marondera_Depot,Buns 6-Pack,170,RT_002,1.12,170
2025-01-27 19:58:12,STORE_110,Harare_Southerton,Family Loaf,5,RT_017,2.32,5
2025-01-16 14:41:34,STORE_107,Chitungwiza_Depot,High Energy Brown,251,RT_001,1.49,251
2025-03-17 21:35:34,STORE_007,Harare_Southerton,Seed Loaf,143,RT_011,1.56,143
2025-06-15 11:47:48,STORE_027,Kwekwe_Depot,Seed Loaf,197,RT_022,1.5,197
2025-06-27 19:23:45,STORE_003,Kwekwe_Depot,Whole Wheat,123,RT_049,1.54,123
2025-01-18 05:29:03,STORE_001,Harare_Southerton,High Energy Brown,304,RT_027,1.35,304
2025-07-15 14:01:40,STORE_114,Bindura_Depot,High Energy White,76,RT_030,1.49,76
2025-06-24 02:43:23,STORE_135,Bindura_Depot,High Energy White,123,RT_017,1.2,123
2025-05-22 15:15:01,STORE_090,Masvingo_Branch,Wholegrain Brown,230,RT_009,1.6,230
2025-05-15 10:22:52,STORE_024,Gweru_Branch,Seed Loaf,262,RT_045,,262
2025-05-11 01:52:59,STORE_074,Harare_Southerton,Soft White,187,RT_025,1.2,187
2025-05-30 09:33:44,STORE_103,Masvingo_Branch,Buns 6-Pack,303,RT_012,1.23,303
2025-01-02 08:36:48,STORE_089,Gweru_Branch,High Energy Brown,3,RT_022,1.27,3
,STORE_113,Bindura_Depot,Family Loaf,82,RT_016,2.32,82
2025-02-27 23:48:20,STORE_062,Bulawayo_Branch,Mini Rolls 6-Pack,144,RT_034,1.14,144
2025-07-30 11:22:53,STORE_094,Mutare_Branch,Seed Loaf,274,RT_021,1.43,274
2025-05-21 05:31:51,STORE_111,Mutare_Branch,High Energy Brown,298,RT_033,1.32,298
2025-01-21 05:49:42,STORE_069,Bulawayo_Branch,Mini Rolls 6-Pack,104,RT_024,0.9,104
2025-01-07 11:16:21,STORE_096,Bulawayo_Branch,Family Loaf,130,RT_022,2.19,130
2025-05-20 12:56:39,STORE_053,Bindura_Depot,Seed Loaf,149,RT_019,1.5,149
2025-02-13 12:35:01,STORE_011,Mutare_Branch,Mini Rolls 6-Pack,58,RT_001,1.19,58
2025-03-01 12:33:18,STORE_072,Marondera_Depot,Mini Rolls 6-Pack,265,RT_043,1.08,265
2025-04-15 18:39:48,STORE_120,Harare_Southerton,Seed Loaf,253,RT_020,1.62,253
2025-02-12 01:03:52,STORE_065,Harare_Willowvale,High Energy White,238,RT_028,1.45,238
2025-06-18 15:56:42,STORE_031,Bindura_Depot,High Energy White,48,RT_019,1.37,48
2025-05-22 08:20:36,STORE_049,Chitungwiza_Depot,High Energy Brown,181,RT_001,1.33,181
2025-02-19 15:51:37,STORE_001,Harare_Willowvale,Mini Rolls 6-Pack,139,RT_005,1.03,139
2025-02-06 15:55:24,STORE_038,Kwekwe_Depot,High Energy Brown,223,RT_011,1.35,223
2025-03-13 14:47:21,STORE_092,Kwekwe_Depot,Mini Rolls 6-Pack,93,RT_010,0.98,93
2025-02-14 05:21:27,STORE_065,Chitungwiza_Depot,Whole Wheat,116,RT_046,1.55,116
2025-05-27 11:40:39,STORE_117,Harare_Willowvale,Family Loaf,249,RT_021,2.27,249
2025-03-26 06:38:25,STORE_010,Masvingo_Branch,Mini Rolls 6-Pack,175,RT_031,1.03,175
2025-04-22 00:00:46,STORE_040,Harare_Willowvale,Wholegrain Brown,133,RT_046,1.5,133
2025-07-24 09:04:13,STORE_080,Bindura_Depot,Mini Rolls 6-Pack,284,RT_006,1.04,284
2025-06-03 07:17:42,STORE_067,Bindura_Depot,Seed Loaf,152,RT_021,1.48,152
2025-05-31 19:23:12,STORE_133,,Buns 6-Pack,264,RT_003,1.24,264
2025-04-04 07:55:36,STORE_030,Masvingo_Branch,Family Loaf,176,RT_029,2.2,176
2025-01-04 08:49:58,STORE_029,Bindura_Depot,High Energy White,211,RT_012,1.37,211
2025-03-10 07:30:32,STORE_136,Bindura_Depot,Buns 6-Pack,27,RT_033,1.28,27
2025-02-17 13:24:30,STORE_020,Gweru_Branch,Mini Rolls 6-Pack,136,RT_008,1.0,136
2025-03-10 16:58:31,STORE_112,Masvingo_Branch,Soft White,221,RT_041,1.15,221
2025-05-28 08:20:04,STORE_130,Masvingo_Branch,High Energy White,102,RT_042,1.35,102
2025-05-12 19:46:51,STORE_033,Gweru_Branch,High Energy Brown,176,RT_044,1.29,176
2025-06-21 07:04:07,STORE_041,Marondera_Depot,Family Loaf,9,RT_016,2.38,9
2025-07-26 11:10:01,STORE_126,Bulawayo_Branch,Buns 6-Pack,195,RT_009,1.02,195
2025-04-21 02:11:18,STORE_054,Masvingo_Branch,Family Loaf,316,RT_006,2.25,316
2025-04-19 19:03:42,STORE_037,Harare_Southerton,Mini Rolls 6-Pack,26,RT_039,1.15,26
2025-04-22 03:33:24,STORE_058,Kwekwe_Depot,Soft White,183,RT_025,1.15,183
2025-06-11 00:45:40,STORE_116,Harare_Southerton,Buns 6-Pack,173,RT_025,1.15,173
2025-04-21 14:55:06,STORE_120,Bulawayo_Branch,Seed Loaf,41,RT_044,1.69,41
2025-07-29 01:46:49,STORE_113,Chitungwiza_Depot,Mini Rolls 6-Pack,44,RT_012,0.98,44
2025-02-27 04:51:52,STORE_003,Bindura_Depot,Mini Rolls 6-Pack,288,RT_029,1.11,288
2025-07-13 18:35:25,STORE_055,Bindura_Depot,Soft White,285,RT_028,1.13,285
2025-05-14 02:49:22,STORE_030,Bulawayo_Branch,Whole Wheat,187,RT_027,1.58,187
2025-01-04 13:44:57,STORE_011,Harare_Southerton,Buns 6-Pack,67,RT_044,1.11,67
2025-03-27 15:02:09,STORE_137,Mutare_Branch,High Energy White,274,RT_032,1.36,274
2025-01-13 17:42:47,STORE_058,Masvingo_Branch,Wholegrain Brown,50,RT_022,1.39,50
2025-01-26 17:56:55,STORE_037,,Seed Loaf,115,RT_008,1.59,115
2025-07-11 06:11:55,STORE_085,Bindura_Depot,Buns 6-Pack,31,RT_013,1.07,31
2025-05-25 03:13:38,STORE_122,Masvingo_Branch,Buns 6-Pack,15,RT_006,1.18,15
2025-07-23 09:45:34,STORE_076,Gweru_Branch,Seed Loaf,97,RT_039,1.68,97
2025-04-16 10:26:49,STORE_042,Kwekwe_Depot,Wholegrain Brown,148,RT_048,1.54,148
2025-02-13 02:53:34,STORE_031,Bulawayo_Branch,High Energy White,261,RT_033,1.23,261
2025-05-11 03:14:27,STORE_002,Mutare_Branch,Buns 6-Pack,59,RT_016,1.29,59
2025-02-22 10:05:00,STORE_016,Marondera_Depot,Soft White,269,RT_028,1.32,269
2025-01-17 04:29:18,STORE_088,Bindura_Depot,Seed Loaf,8,RT_028,1.64,8
2025-03-18 16:48:44,STORE_040,Kwekwe_Depot,Family Loaf,289,RT_006,2.33,289
2025-03-14 01:12:55,STORE_092,Harare_Willowvale,Buns 6-Pack,56,RT_025,1.09,56
2025-03-06 13:19:18,STORE_021,Gweru_Branch,Seed Loaf,318,RT_049,1.66,318
2025-03-05 09:24:53,STORE_003,Kwekwe_Depot,Family Loaf,228,RT_002,,228
2025-02-14 21:19:23,STORE_032,Kwekwe_Depot,Family Loaf,155,RT_022,2.24,155
2025-05-01 05:27:02,STORE_091,Kwekwe_Depot,Seed Loaf,23,RT_019,1.59,23
2025-02-09 00:40:21,STORE_084,Bulawayo_Branch,Soft White,217,RT_038,1.34,217
2025-05-31 23:59:17,STORE_115,Bulawayo_Branch,High Energy Brown,193,RT_045,1.32,193
2025-01-22 22:15:54,STORE_132,Masvingo_Branch,Wholegrain Brown,106,RT_019,1.57,106
2025-04-09 11:17:21,STORE_066,Harare_Willowvale,Whole Wheat,260,RT_001,1.42,260
2025-03-05 23:50:46,STORE_086,Bindura_Depot,Family Loaf,245,RT_005,2.38,245
2025-01-11 00:46:03,STORE_046,Bindura_Depot,High Energy White,95,RT_022,1.34,95
2025-01-08 22:25:03,STORE_059,Gweru_Branch,Family Loaf,315,RT_028,2.17,315
2025-06-11 00:35:27,STORE_122,Harare_Willowvale,Soft White,110,RT_014,1.33,110
2025-01-12 19:44:29,STORE_057,Harare_Southerton,Buns 6-Pack,287,RT_013,1.21,287
2025-05-01 12:45:29,STORE_121,Kwekwe_Depot,Whole Wheat,283,RT_004,1.56,283
2025-04-19 12:47:39,STORE_122,Kwekwe_Depot,High Energy White,227,RT_033,1.5,227
2025-03-08 14:00:10,STORE_107,Masvingo_Branch,High Energy White,236,RT_027,1.45,236
2025-01-18 23:02:06,STORE_126,Kwekwe_Depot,Mini Rolls 6-Pack,266,RT_045,1.05,266
2025-04-29 19:55:00,STORE_094,Harare_Southerton,Whole Wheat,81,RT_038,1.46,81
2025-04-13 14:19:27,STORE_111,Masvingo_Branch,Whole Wheat,303,RT_039,1.52,303
2025-07-07 01:57:33,STORE_083,Masvingo_Branch,Mini Rolls 6-Pack,265,RT_007,1.12,265
2025-06-10 23:36:11,STORE_031,Masvingo_Branch,Mini Rolls 6-Pack,66,RT_020,1.16,66
2025-06-01 14:45:07,STORE_065,Gweru_Branch,Milk1L,106,RT_044,1.11,106
2025-02-20 17:26:34,STORE_093,Bindura_Depot,Soft White,210,RT_013,1.38,210
2025-05-25 07:39:22,STORE_133,Marondera_Depot,Buns 6-Pack,190,,1.02,190
2025-01-03 12:21:54,STORE_026,Gweru_Branch,Soft White,86,RT_025,1.21,86
2025-01-06 20:49:55,STORE_091,Bindura_Depot,High Energy White,187,RT_011,1.36,187
2025-05-14 10:41:17,STORE_056,Mutare_Branch,Soft White,66,RT_010,1.25,66
2025-02-19 10:48:33,STORE_030,Harare_Willowvale,Buns 6-Pack,210,RT_022,1.23,210
2025-06-25 22:22:42,STORE_118,Masvingo_Branch,Mini Rolls 6-Pack,109,RT_028,1.05,109
2025-07-19 18:54:45,STORE_130,Bulawayo_Branch,Buns 6-Pack,299,RT_013,1.13,299
2025-01-17 09:55:37,STORE_025,Chitungwiza_Depot,Soft White,121,RT_014,1.37,121
2025-06-30 21:19:53,STORE_126,Bulawayo_Branch,Buns 6-Pack,114,RT_028,1.21,114
2025-06-09 00:25:03,STORE_116,Kwekwe_Depot,Wholegrain Brown,317,RT_012,1.35,317
2025-05-28 04:08:29,STORE_049,Marondera_Depot,Buns 6-Pack,163,RT_033,1.23,163
2025-06-06 23:46:45,STORE_021,Harare_Willowvale,Wholegrain Brown,39,RT_002,1.51,39
2025-06-19 16:31:05,STORE_024,Chitungwiza_Depot,Wholegrain Brown,44,RT_035,1.37,44
2025-02-10 21:57:34,STORE_089,Bulawayo_Branch,Mini Rolls 6-Pack,27,RT_019,0.93,27
2025-01-14 17:43:38,STORE_018,Bindura_Depot,Family Loaf,113,RT_005,2.32,113
2025-01-09 18:46:35,STORE_051,Mutare_Branch,High Energy Brown,256,RT_017,1.41,256
2025-02-07 18:55:08,STORE_054,Marondera_Depot,Whole Wheat,256,RT_043,1.53,256
2025-01-02 07:22:15,STORE_094,Marondera_Depot,Family Loaf,202,RT_031,2.13,202
2025-01-12 17:28:15,STORE_005,Bulawayo_Branch,Wholegrain Brown,93,RT_029,1.42,93
2025-06-20 22:16:18,STORE_074,Harare_Willowvale,Wholegrain Brown,389,RT_026,1.42,389
2025-05-03 22:30:40,STORE_060,Masvingo_Branch,Buns 6-Pack,230,RT_023,1.24,230
2025-06-07 08:03:45,STORE_096,Masvingo_Branch,Whole Wheat,96,RT_011,1.61,96
2025-03-30 12:17:22,STORE_094,Bindura_Depot,High Energy Brown,52,RT_017,1.5,52
2025-02-25 17:24:07,STORE_015,Mutare_Branch,High Energy White,14,RT_045,1.32,14
2025-04-23 21:51:01,STORE_097,Marondera_Depot,Mini Rolls 6-Pack,172,RT_034,1.19,172
2025-07-08 18:51:36,STORE_013,Marondera_Depot,Whole Wheat,84,RT_001,1.64,84
2025-05-06 10:31:56,STORE_084,Masvingo_Branch,Soft White,120,RT_003,1.22,120
2025-02-23 22:43:49,STORE_101,Chitungwiza_Depot,Whole Wheat,164,RT_045,1.38,164
2025-04-10 19:17:21,STORE_038,Harare_Southerton,Buns 6-Pack,420,RT_005,1.25,420
2025-06-21 13:38:36,STORE_017,Chitungwiza_Depot,Whole Wheat,204,RT_013,1.36,204
2025-05-15 21:18:24,STORE_005,Masvingo_Branch,Seed Loaf,274,RT_012,1.7,274
2025-07-18 04:13:20,STORE_126,Mutare_Branch,High Energy White,314,RT_026,1.23,314
2025-04-19 19:57:04,STORE_096,Gweru_Branch,Mini Rolls 6-Pack,162,RT_040,1.18,162
2025-05-07 07:24:30,STORE_102,Mutare_Branch,Family Loaf,71,RT_014,2.35,71
2025-06-20 22:44:12,STORE_072,Harare_Southerton,Family Loaf,93,RT_041,2.38,93
2025-07-21 03:51:59,STORE_012,Kwekwe_Depot,Whole Wheat,127,RT_032,1.64,127
2025-03-18 02:35:16,STORE_128,Marondera_Depot,Wholegrain Brown,67,RT_003,1.54,67
2025-05-10 22:31:57,STORE_063,Chitungwiza_Depot,High Energy White,179,RT_001,1.26,179
2025-02-25 12:40:22,STORE_090,Marondera_Depot,Soft White,215,RT_041,1.17,215
2025-07-26 00:26:18,STORE_129,Kwekwe_Depot,Buns 6-Pack,51,RT_027,1.21,51
2025-04-03 04:20:43,STORE_111,Chitungwiza_Depot,Whole Wheat,32,RT_039,1.52,32
2025-03-02 23:12:08,STORE_114,Harare_Willowvale,Family Loaf,51,RT_001,2.29,51
2025-06-29 18:15:10,STORE_023,Mutare_Branch,High Energy Brown,32,RT_012,1.45,32
2025-04-30 07:36:30,STORE_023,Kwekwe_Depot,Wholegrain Brown,148,RT_016,1.34,148
2025-07-02 07:14:05,STORE_081,Chitungwiza_Depot,Seed Loaf,182,RT_016,1.67,182
2025-03-27 16:54:12,STORE_112,Bindura_Depot,Wholegrain Brown,312,RT_035,1.57,312
2025-02-09 16:04:55,STORE_005,Masvingo_Branch,Seed Loaf,264,RT_028,1.57,264
2025-01-17 05:17:51,STORE_107,Gweru_Branch,Seed Loaf,212,RT_017,1.5,212
2025-05-19 23:06:08,STORE_139,Harare_Willowvale,Buns 6-Pack,276,RT_030,1.26,276
2025-02-01 10:30:07,STORE_010,Bindura_Depot,Mini Rolls 6-Pack,110,RT_010,1.08,110
2025-02-01 17:38:14,STORE_037,Kwekwe_Depot,High Energy Brown,179,RT_001,1.23,179
,STORE_118,Marondera_Depot,Mini Rolls 6-Pack,22,RT_025,1.13,22
2025-02-02 16:58:16,STORE_077,Mutare_Branch,Buns 6-Pack,272,RT_026,1.04,272
2025-01-24 13:30:48,STORE_015,Bindura_Depot,Soft White,100,RT_014,,100
2025-04-28 02:23:17,STORE_087,Mutare_Branch,Buns 6-Pack,67,RT_023,1.01,67
2025-05-27 13:08:13,STORE_039,Kwekwe_Depot,Wholegrain Brown,231,RT_021,1.43,231
2025-07-19 19:00:30,STORE_068,Masvingo_Branch,Seed Loaf,163,RT_037,1.54,163
2025-06-16 08:51:28,STORE_121,Kwekwe_Depot,Whole Wheat,272,RT_026,1.36,272
2025-03-12 00:00:00,STORE_078,Mutare_Branch,Mini Rolls 6-Pack,6,RT_009,1.04,6
2025-03-05 22:20:32,STORE_084,Masvingo_Branch,High Energy Brown,124,RT_037,1.36,124
2025-05-03 01:56:21,STORE_108,Gweru_Branch,Seed Loaf,223,RT_011,1.63,223
2025-07-03 11:10:28,STORE_059,Mutare_Branch,Soft White,104,RT_048,1.27,104
2025-02-17 15:16:51,STORE_080,Harare_Southerton,Whole Wheat,226,RT_031,1.51,226
2025-01-27 19:13:52,STORE_042,Bulawayo_Branch,Soft White,224,RT_014,1.15,224
2025-03-28 01:39:51,STORE_037,Marondera_Depot,Seed Loaf,126,RT_035,1.55,126
2025-06-29 05:30:15,STORE_126,Bulawayo_Branch,Mini Rolls 6-Pack,277,RT_016,0.96,277
2025-05-23 11:21:18,STORE_075,Kwekwe_Depot,Soft White,4,RT_030,1.21,4
2025-04-02 21:53:58,STORE_119,Chitungwiza_Depot,High Energy Brown,223,RT_026,1.23,223
2025-05-14 00:11:48,STORE_037,Bindura_Depot,Seed Loaf,3,RT_012,1.63,3
2025-04-09 10:31:29,STORE_003,Gweru_Branch,High Energy White,49,RT_033,1.27,49
2025-03-30 00:11:16,STORE_051,Harare_Southerton,Mini Rolls 6-Pack,151,RT_026,1.19,151
2025-04-06 15:43:25,STORE_053,Chitungwiza_Depot,Whole Wheat,115,RT_013,1.54,115
2025-01-22 03:24:10,STORE_062,Marondera_Depot,Seed Loaf,302,RT_027,1.7,302
2025-01-19 02:38:38,STORE_063,Mutare_Branch,Soft White,71,RT_042,1.31,71
2025-03-06 00:59:58,STORE_131,Harare_Southerton,Seed Loaf,83,RT_021,1.56,83
2025-01-14 06:38:36,STORE_019,Bulawayo_Branch,Whole Wheat,30,RT_038,1.38,30
2025-03-06 04:27:16,STORE_096,Kwekwe_Depot,Whole Wheat,100,RT_035,1.64,100
2025-03-25 04:54:44,STORE_012,Masvingo_Branch,Seed Loaf,216,RT_046,1.68,216
2025-05-20 23:51:19,STORE_111,Harare_Willowvale,High Energy White,28,RT_029,1.48,28
2025-06-15 05:24:03,STORE_006,Marondera_Depot,Whole Wheat,117,RT_043,1.65,117
2025-03-31 17:03:01,STORE_017,Bulawayo_Branch,Soft White,290,RT_005,1.33,290
2025-01-27 20:03:40,STORE_024,Gweru_Branch,Soft White,179,RT_005,1.19,179
2025-06-22 11:19:40,STORE_099,Masvingo_Branch,High Energy Brown,90,RT_041,1.36,90
2025-02-08 05:03:14,STORE_119,Chitungwiza_Depot,Mini Rolls 6-Pack,101,RT_039,0.94,101
2025-07-26 20:12:52,STORE_078,Marondera_Depot,Seed Loaf,14,RT_011,1.63,14
2025-05-19 12:24:37,STORE_036,Harare_Willowvale,High Energy White,85,RT_035,1.47,85
2025-02-24 22:54:25,STORE_087,Harare_Willowvale,Coke500ml,181,RT_010,1.25,181
2025-03-13 01:11:35,STORE_049,,Soft White,148,RT_037,1.19,148
2025-02-21 22:43:18,STORE_047,Bindura_Depot,Whole grain Brown,199,RT_040,1.53,199
2025-04-14 21:32:46,STORE_031,Chitungwiza_Depot,Family Loaf,93,RT_026,2.34,93
2025-06-01 12:43:04,STORE_126,Harare_Southerton,Wholegrain Brown,124,RT_012,1.6,124
2025-03-19 02:34:24,STORE_011,Kwekwe_Depot,Buns 6-Pack,254,RT_027,1.16,254
2025-07-16 21:35:14,STORE_062,Harare_Southerton,Wholegrain Brown,162,RT_029,1.51,162
2025-05-18 00:47:08,STORE_013,Masvingo_Branch,Seed Loaf,93,RT_013,1.4,93
2025-07-03 15:27:55,STORE_043,Kwekwe_Depot,Buns 6-Pack,13,RT_042,1.18,13
2025-06-28 12:20:47,STORE_070,Bulawayo_Branch,High Energy Brown,186,RT_016,1.24,186
2025-05-25 14:35:27,STORE_059,Mutare_Branch,Wholegrain Brown,200,RT_002,1.36,200
2025-07-23 07:06:16,STORE_080,Harare_Southerton,Mini Rolls 6-Pack,250,RT_014,1.08,250
2025-04-16 12:38:55,STORE_028,Harare_Southerton,Buns 6-Pack,204,RT_031,1.08,204
2025-07-07 18:11:37,STORE_039,,Whole Wheat,271,RT_010,1.57,271
2025-02-16 23:21:58,STORE_038,Bindura_Depot,Seed Loaf,315,RT_015,1.69,315
2025-02-13 04:43:58,STORE_035,Harare_Willowvale,Family Loaf,209,RT_037,2.12,209
2025-04-30 10:38:55,STORE_079,Masvingo_Branch,Wholegrain Brown,177,RT_045,1.55,177
2025-05-27 15:41:47,STORE_001,Bulawayo_Branch,High Energy Brown,120,RT_045,1.3,120
2025-07-24 21:15:30,STORE_014,Bulawayo_Branch,Buns 6-Pack,280,RT_007,1.14,280
2025-02-12 20:56:27,STORE_099,Bulawayo_Branch,High Energy White,192,RT_008,1.49,192
2025-05-18 05:03:48,STORE_024,Bindura_Depot,Buns 6-Pack,171,RT_003,1.1,171
2025-07-22 14:05:47,STORE_060,Kwekwe_Depot,Buns 6-Pack,272,RT_033,1.16,272
2025-04-05 08:45:13,STORE_014,Bindura_Depot,High Energy Brown,289,RT_036,1.27,289
2025-01-07 10:03:14,STORE_111,Bulawayo_Branch,SoftWhite,305,RT_043,1.38,305
2025-07-24 06:50:18,STORE_036,,Wholegrain Brown,45,RT_010,1.45,45
2025-02-03 06:12:04,STORE_098,Bindura_Depot,Buns 6-Pack,222,RT_034,1.15,222
2025-06-07 07:51:17,STORE_113,Chitungwiza_Depot,High Energy White,176,RT_019,1.41,176
2025-06-12 04:24:34,STORE_046,Harare_Willowvale,Seed Loaf,27,RT_016,1.44,27
2025-06-16 02:19:30,STORE_059,Marondera_Depot,Whole Wheat,196,RT_003,1.57,196
2025-06-24 20:33:46,STORE_042,Marondera_Depot,Family Loaf,255,RT_030,2.38,255
2025-01-03 02:51:02,STORE_033,Harare_Southerton,Seed Loaf,227,RT_023,1.48,227
2025-06-01 16:05:08,STORE_103,Kwekwe_Depot,Seed Loaf,85,RT_044,1.5,85
2025-01-12 12:48:50,STORE_127,Bulawayo_Branch,Family Loaf,180,RT_001,2.39,180
2025-05-15 15:56:23,STORE_130,Kwekwe_Depot,High Energy White,67,RT_045,1.48,67
2025-01-10 17:56:26,STORE_068,Harare_Willowvale,Seed Loaf,156,RT_007,1.68,156
2025-07-11 08:38:01,STORE_027,Kwekwe_Depot,Soft White,285,RT_027,1.14,285
2025-04-03 15:03:49,STORE_082,Bindura_Depot,Seed Loaf,168,RT_020,1.49,168
2025-02-10 10:33:49,STORE_058,Bulawayo_Branch,Whole Wheat,227,RT_023,1.45,227
2025-04-04 18:07:04,STORE_053,Chitungwiza_Depot,Mini Rolls 6-Pack,109,RT_025,1.18,109
2025-07-23 02:14:20,STORE_050,Bulawayo_Branch,Whole Wheat,187,RT_045,1.4,187
2025-01-13 22:47:24,STORE_042,Bulawayo_Branch,Whole Wheat,35,RT_013,1.62,35
2025-02-27 03:44:51,STORE_034,Bindura_Depot,Whole Wheat,308,RT_032,1.59,308
2025-02-16 08:04:47,STORE_089,Kwekwe_Depot,Soft White,125,RT_025,1.19,125
2025-07-11 22:47:45,STORE_131,Masvingo_Branch,Family Loaf,252,RT_002,2.27,252
2025-06-09 12:25:50,STORE_049,Chitungwiza_Depot,High Energy Brown,122,RT_045,1.34,122
2025-07-19 11:07:31,STORE_138,Bulawayo_Branch,Mini Rolls 6-Pack,71,RT_044,0.91,71
2025-07-30 04:11:28,STORE_013,Harare_Southerton,Soft White,137,RT_037,1.32,137
2025-02-01 13:44:10,STORE_051,Chitungwiza_Depot,Buns 6-Pack,72,RT_011,1.18,72
2025-03-25 21:00:13,STORE_095,Kwekwe_Depot,Soft White,115,RT_011,1.13,115
2025-06-08 23:34:18,STORE_086,Bindura_Depot,Seed Loaf,31,RT_010,1.64,31
2025-03-01 09:56:21,STORE_085,Harare_Willowvale,High Energy White,120,RT_007,1.31,120
2025-12-05 00:00:00,STORE_136,Kwekwe_Depot,Whole Wheat,100,RT_016,1.59,100
2025-03-19 11:47:13,STORE_014,Bindura_Depot,Seed Loaf,238,RT_005,1.58,238
2025-02-10 08:40:58,STORE_017,Mutare_Branch,High Energy White,72,RT_031,1.48,72
2025-03-06 00:24:12,STORE_028,Marondera_Depot,Wholegrain Brown,256,RT_047,1.57,256
2025-07-05 04:24:23,STORE_053,Kwekwe_Depot,Buns 6-Pack,9,RT_005,1.18,9
2025-07-19 18:37:51,STORE_036,Mutare_Branch,High Energy White,133,RT_027,1.25,133
2025-04-21 17:08:17,STORE_026,Masvingo_Branch,Whole Wheat,217,RT_033,1.46,217
2025-03-12 05:45:35,STORE_063,Bulawayo_Branch,Wholegrain Brown,92,RT_046,1.32,92
2025-02-24 15:05:02,STORE_049,Chitungwiza_Depot,Whole Wheat,65,RT_025,1.46,65
2025-02-10 11:37:39,STORE_101,Mutare_Branch,Buns 6-Pack,120,RT_035,1.07,120
2025-06-22 22:08:24,STORE_015,Bulawayo_Branch,Seed Loaf,290,RT_002,1.54,290
2025-07-09 06:44:10,STORE_079,Gweru_Branch,High Energy Brown,267,RT_029,1.43,267
2025-04-17 11:12:49,STORE_124,Chitungwiza_Depot,Seed Loaf,149,RT_032,1.66,149
2025-05-27 23:49:58,STORE_050,Harare_Willowvale,High Energy Brown,101,RT_042,1.37,101
2025-06-23 13:08:35,STORE_068,Marondera_Depot,High Energy Brown,302,RT_032,1.28,302
2025-05-03 04:41:16,STORE_023,Masvingo_Branch,Family Loaf,145,RT_047,2.26,145
2025-05-21 06:43:52,STORE_090,Gweru_Branch,Buns 6-Pack,99,RT_013,1.16,99
2025-03-15 13:48:15,STORE_010,Chitungwiza_Depot,Whole Wheat,39,RT_004,1.48,39
2025-05-25 09:48:12,STORE_092,Masvingo_Branch,Whole Wheat,53,RT_048,1.35,53
2025-03-22 14:02:24,STORE_102,Bindura_Depot,Mini Rolls 6-Pack,146,RT_047,0.97,146
2025-03-10 00:01:33,STORE_101,Bindura_Depot,Soft White,95,RT_045,1.26,95
2025-01-25 20:53:35,STORE_017,Harare_Southerton,Buns 6-Pack,283,RT_027,1.3,283
2025-06-22 02:28:52,STORE_135,Bulawayo_Branch,Buns 6-Pack,246,RT_023,1.16,246
2025-07-09 07:16:08,STORE_104,Chitungwiza_Depot,Mini Rolls 6-Pack,318,RT_041,0.91,318
2025-06-12 10:22:30,STORE_044,Masvingo_Branch,Whole Wheat,113,RT_014,1.65,113
2025-02-13 04:47:57,STORE_070,Kwekwe_Depot,High Energy White,13,RT_019,1.23,13
2025-06-04 04:13:34,STORE_118,Marondera_Depot,Mini Rolls 6-Pack,152,RT_038,1.05,152
2025-01-13 00:32:14,STORE_062,Bindura_Depot,Family Loaf,74,RT_016,2.19,74
2025-06-27 10:18:13,STORE_089,Mutare_Branch,Buns 6-Pack,125,RT_022,1.16,125
2025-02-14 19:47:46,STORE_030,Harare_Willowvale,High Energy Brown,316,RT_032,1.42,316
2025-02-27 13:21:03,STORE_013,Mutare_Branch,Wholegrain Brown,288,RT_045,1.54,288
2025-04-29 13:56:07,STORE_066,Bulawayo_Branch,Whole Wheat,61,RT_010,1.48,61
2025-03-13 11:16:42,STORE_134,Harare_Southerton,Wholegrain Brown,129,RT_029,1.34,129
2025-01-30 04:21:19,STORE_055,Bulawayo_Branch,High Energy Brown,315,RT_014,1.27,315
2025-03-08 18:42:44,STORE_082,Gweru_Branch,Mini Rolls 6-Pack,23,RT_003,0.95,23
2025-01-22 03:45:16,STORE_002,Marondera_Depot,Family Loaf,193,RT_038,2.17,193
2025-06-26 07:42:25,STORE_108,Masvingo_Branch,Wholegrain Brown,204,RT_048,1.41,204
2025-01-05 19:44:50,STORE_122,Harare_Willowvale,Seed Loaf,25,RT_020,1.62,25
2025-04-13 11:46:37,STORE_016,Chitungwiza_Depot,Buns 6-Pack,176,RT_006,1.07,176
2025-05-22 23:44:43,STORE_073,Mutare_Branch,Soft White,17,RT_017,1.13,17
2025-02-26 22:31:35,STORE_037,Bulawayo_Branch,High Energy Brown,123,RT_046,1.22,123
2025-06-28 12:44:00,STORE_131,Gweru_Branch,High Energy White,122,RT_028,1.27,122
2025-04-09 16:39:31,STORE_014,Masvingo_Branch,Wholegrain Brown,258,RT_026,1.34,258
2025-04-26 19:24:38,STORE_137,Gweru_Branch,Family Loaf,58,RT_026,2.14,58
2025-04-04 08:50:34,STORE_005,Bulawayo_Branch,Family Loaf,69,RT_013,2.38,69
2025-03-01 20:54:46,STORE_124,Chitungwiza_Depot,Wholegrain Brown,258,RT_043,1.34,258
2025-02-23 07:50:55,STORE_024,Mutare_Branch,Buns 6-Pack,135,RT_018,1.16,135
2025-01-27 08:06:38,STORE_058,Gweru_Branch,Soft White,20,RT_042,1.37,20
2025-04-06 00:30:42,STORE_070,Bulawayo_Branch,Wholegrain Brown,77,RT_008,1.56,77
2025-05-24 07:31:58,STORE_107,Harare_Willowvale,Buns 6-Pack,52,RT_041,1.3,52
2025-04-06 09:29:44,STORE_038,Gweru_Branch,Wholegrain Brown,216,RT_030,1.33,216
2025-07-19 18:48:39,STORE_031,Bulawayo_Branch,Soft White,72,RT_022,1.29,72
2025-03-22 16:25:38,STORE_007,Harare_Southerton,High Energy Brown,223,RT_035,1.29,223
2025-07-12 09:41:23,STORE_118,Kwekwe_Depot,Soft White,317,RT_026,1.24,317
2025-07-21 19:10:13,STORE_133,Kwekwe_Depot,High Energy Brown,165,RT_013,1.29,165
2025-05-05 01:15:26,STORE_047,Masvingo_Branch,Whole Wheat,242,RT_011,1.52,242
2025-05-02 17:06:15,STORE_122,Bulawayo_Branch,High Energy White,164,RT_033,1.22,164
2025-05-16 07:08:40,STORE_128,Kwekwe_Depot,High Energy White,253,RT_032,1.27,253
2025-03-23 00:16:06,STORE_009,Chitungwiza_Depot,High Energy Brown,285,RT_030,1.41,285
2025-05-30 14:21:20,STORE_052,Chitungwiza_Depot,Soft White,34,RT_022,1.2,34
2025-03-07 18:54:14,STORE_042,Harare_Southerton,High Energy Brown,164,RT_016,1.28,164
2025-04-15 07:00:23,STORE_076,Kwekwe_Depot,Mini Rolls 6-Pack,71,RT_037,0.95,71
2025-06-24 18:47:16,STORE_081,Harare_Willowvale,Mini Rolls 6-Pack,137,RT_043,1.0,137
2025-07-25 04:28:58,STORE_135,Chitungwiza_Depot,Family Loaf,4,RT_046,2.15,4
2025-05-12 02:38:30,STORE_007,Harare_Willowvale,Wholegrain Brown,166,RT_031,1.4,166
2025-07-02 02:26:02,STORE_106,Harare_Southerton,High Energy Brown,228,RT_010,1.5,228
2025-03-06 12:44:37,STORE_127,Chitungwiza_Depot,Seed Loaf,40,RT_010,1.67,40
2025-07-29 08:25:20,STORE_135,Bindura_Depot,Soft White,306,RT_011,1.33,306
2025-06-11 18:31:35,STORE_117,Marondera_Depot,Wholegrain Brown,285,RT_038,1.52,285
2025-01-13 03:16:21,STORE_111,Gweru_Branch,Wholegrain Brown,283,RT_019,1.37,283
2025-04-28 05:39:02,STORE_044,Bulawayo_Branch,Soft White,39,RT_030,1.28,39
2025-05-12 15:40:57,STORE_115,Gweru_Branch,Buns 6-Pack,3,RT_042,1.01,3
2025-05-17 06:11:16,STORE_048,Mutare_Branch,Buns 6-Pack,97,RT_027,1.27,97
2025-03-30 02:48:07,STORE_088,Kwekwe_Depot,Soft White,273,RT_038,1.38,273
2025-06-20 04:53:16,STORE_118,Harare_Willowvale,Soft White,448,RT_009,1.38,448
2025-03-13 03:07:40,STORE_082,Mutare_Branch,High Energy Brown,107,RT_008,1.39,107
2025-05-18 12:54:47,STORE_109,Chitungwiza_Depot,High Energy Brown,89,RT_011,1.31,89
2025-04-08 01:29:40,STORE_121,Mutare_Branch,Family Loaf,130,RT_044,2.17,130
2025-04-27 07:24:26,STORE_032,Chitungwiza_Depot,Soft White,16,RT_016,1.26,16
2025-07-17 05:48:36,STORE_014,Bulawayo_Branch,Whole Whet,275,RT_046,1.53,275
2025-02-03 07:28:37,STORE_014,Mutare_Branch,Buns 6-Pack,210,RT_022,1.14,210
2025-02-04 17:13:30,STORE_093,Masvingo_Branch,Family Loaf,236,RT_003,2.12,236
2025-03-27 01:06:05,STORE_033,Bindura_Depot,Mini Rolls 6-Pack,71,RT_021,0.91,71
,STORE_044,Bulawayo_Branch,High Energy Brown,265,RT_038,1.4,265
2025-02-04 10:44:02,STORE_119,Marondera_Depot,Family Loaf,306,RT_011,2.15,306
2025-04-05 02:42:02,STORE_121,Bulawayo_Branch,Wholegrain Brown,53,RT_018,1.38,53
2025-02-05 09:57:47,STORE_052,Gweru_Branch,Family Loaf,264,RT_038,2.33,264
2025-04-12 00:48:44,STORE_066,Chitungwiza_Depot,Soft White,132,RT_021,,132
2025-05-13 18:29:13,STORE_068,Kwekwe_Depot,Mini Rolls 6-Pack,53,RT_011,0.94,53
2025-01-29 07:08:33,STORE_125,Bindura_Depot,Wholegrain Brown,24,RT_007,1.47,24
2025-06-08 07:52:05,STORE_089,Gweru_Branch,High Energy White,215,RT_012,1.43,215
2025-07-12 17:04:00,STORE_081,Chitungwiza_Depot,High Energy Brown,234,RT_027,1.26,234
2025-04-22 01:04:31,STORE_123,Harare_Willowvale,Wholegrain Brown,304,RT_003,1.53,304
2025-07-01 20:40:15,STORE_068,Masvingo_Branch,Whole Wheat,60,RT_009,1.36,60
2025-01-15 14:23:22,STORE_112,Marondera_Depot,High Energy White,116,RT_003,1.44,116
2025-01-17 13:19:03,STORE_082,Marondera_Depot,High Energy Brown,226,RT_031,1.29,226
2025-02-14 00:44:47,STORE_094,Masvingo_Branch,Mini Rolls 6-Pack,34,RT_002,1.2,34
2025-02-14 22:03:13,STORE_103,Harare_Willowvale,Wholegrain Brown,103,RT_004,1.38,103
2025-07-30 06:36:54,STORE_001,Bulawayo_Branch,Whole Wheat,75,RT_032,1.65,75
2025-04-20 11:34:07,STORE_116,Bindura_Depot,High Energy White,215,RT_037,1.24,215
2025-05-20 15:15:37,STORE_042,Mutare_Branch,Family Loaf,185,RT_009,2.15,185
2025-05-15 15:45:13,STORE_024,Gweru_Branch,High Energy White,25,RT_017,1.37,25
2025-01-31 03:00:07,STORE_083,Kwekwe_Depot,High Energy White,32,RT_041,1.39,32
2025-07-13 08:22:56,STORE_024,Bulawayo_Branch,Mini Rolls 6-Pack,277,RT_039,0.93,277
2025-07-29 13:07:50,STORE_058,Harare_Willowvale,High Energy White,24,RT_043,1.49,24
2025-06-27 23:47:36,STORE_038,Kwekwe_Depot,Seed Loaf,222,RT_022,1.61,222
2025-03-03 21:07:51,STORE_033,Chitungwiza_Depot,Seed Loaf,245,RT_043,1.48,245
2025-05-21 00:50:15,STORE_126,Chitungwiza_Depot,Soft White,68,RT_045,1.2,68
2025-01-10 09:41:01,STORE_045,Masvingo_Branch,Family Loaf,85,RT_026,2.24,85
2025-03-15 11:29:24,STORE_092,Bindura_Depot,High Energy White,312,RT_028,1.37,312
2025-04-04 17:58:52,STORE_107,Harare_Southerton,Seed Loaf,8,RT_029,1.7,8
2025-03-23 13:52:49,STORE_135,Mutare_Branch,High Energy Brown,316,RT_024,1.4,316
2025-06-03 05:10:54,STORE_116,Gweru_Branch,Whole Wheat,298,RT_022,1.4,298
2025-04-11 23:00:56,STORE_074,Mutare_Branch,Whole Wheat,309,RT_030,1.64,309
2025-07-03 21:13:24,STORE_018,Bindura_Depot,Whole Wheat,126,RT_007,1.41,126
2025-01-24 17:31:16,STORE_041,Marondera_Depot,Whole Wheat,184,RT_014,1.63,184
2025-02-14 01:48:22,STORE_031,Harare_Southerton,Whole Wheat,312,RT_010,1.4,312
2025-05-26 11:25:21,STORE_108,Chitungwiza_Depot,Family Loaf,303,RT_014,2.35,303
2025-02-09 00:47:35,STORE_087,Marondera_Depot,High Energy Brown,174,RT_038,1.36,174
2025-07-16 03:38:52,STORE_054,Bulawayo_Branch,Buns 6-Pack,303,RT_024,1.12,303
2025-01-17 07:29:59,STORE_052,Mutare_Branch,High Energy Brown,88,RT_031,1.29,88
2025-02-16 21:32:19,STORE_010,Mutare_Branch,Wholegrain Brown,139,RT_018,1.53,139
2025-05-20 20:45:35,STORE_062,Mutare_Branch,Seed Loaf,64,RT_046,1.69,64
2025-01-10 02:46:40,STORE_011,Kwekwe_Depot,Buns 6-Pack,305,RT_023,1.01,305
2025-07-12 19:49:43,STORE_014,Mutare_Branch,Buns 6-Pack,109,RT_014,1.06,109
2025-01-19 13:38:33,STORE_133,Mutare_Branch,High Energy Brown,239,RT_031,1.32,239
2025-01-01 05:02:59,STORE_118,Masvingo_Branch,High Energy White,155,RT_025,1.27,155
2025-04-27 22:49:47,STORE_079,Marondera_Depot,Soft White,116,RT_025,1.25,116
2025-07-20 14:25:16,STORE_092,Harare_Southerton,High Energy White,158,RT_047,1.48,158
2025-06-06 00:24:14,STORE_098,Harare_Willowvale,Wholegrain Brown,42,RT_014,1.51,42
2025-07-22 04:26:28,STORE_084,Harare_Southerton,High Energy Brown,148,RT_024,1.29,148
2025-03-22 12:10:55,STORE_005,Bulawayo_Branch,Whole Wheat,170,RT_006,1.54,170
2025-04-06 22:41:21,STORE_121,Bulawayo_Branch,Soft White,280,RT_010,1.33,280
2025-05-20 22:55:43,STORE_052,Marondera_Depot,Soft White,278,RT_044,1.3,278
2025-07-14 12:25:08,STORE_068,Harare_Southerton,Family Loaf,258,RT_034,2.35,258
2025-06-12 12:08:03,STORE_118,Mutare_Branch,Family Loaf,199,RT_047,2.35,199
2025-03-10 05:44:42,STORE_007,Marondera_Depot,Soft White,147,RT_039,1.27,147
2025-03-24 09:09:13,STORE_071,Gweru_Branch,Seed Loaf,157,RT_035,1.58,157
2025-03-11 15:01:13,STORE_122,Marondera_Depot,Wholegrain Brown,271,RT_014,1.38,271
2025-05-02 15:57:26,STORE_104,Harare_Willowvale,Whole Wheat,293,RT_012,1.5,293
2025-07-20 20:13:43,STORE_099,Mutare_Branch,Whole Wheat,29,RT_019,1.44,29
2025-05-30 00:02:24,STORE_093,Masvingo_Branch,Family Loaf,158,RT_012,2.13,158
2025-05-30 16:24:34,STORE_105,Harare_Southerton,Mini Rolls 6-Pack,117,RT_001,1.07,117
2025-05-25 11:30:17,STORE_034,Chitungwiza_Depot,Whole Wheat,124,RT_005,1.46,124
2025-02-25 00:40:17,STORE_131,Bindura_Depot,Whole Wheat,35,RT_045,1.43,35
2025-01-05 05:41:39,STORE_007,Mutare_Branch,Soft White,118,RT_001,1.26,118
2025-03-30 15:02:31,STORE_065,Bulawayo_Branch,Seed Loaf,177,RT_031,1.46,177
2025-03-30 13:31:19,STORE_103,Kwekwe_Depot,Mini Rolls 6-Pack,292,RT_002,1.06,292
2025-02-11 05:18:17,STORE_081,Kwekwe_Depot,High Energy White,82,RT_017,1.4,82
2025-02-22 05:32:41,STORE_062,Bulawayo_Branch,High Energy White,228,RT_020,1.42,228
2025-06-26 07:40:22,STORE_052,Gweru_Branch,Whole Wheat,289,RT_045,1.49,289
2025-03-29 12:01:56,STORE_031,Masvingo_Branch,Mini Rolls 6-Pack,58,RT_015,1.01,58
2025-06-06 22:58:22,STORE_089,Gweru_Branch,Seed Loaf,278,RT_022,1.63,278
2025-07-30 14:00:07,STORE_034,Bindura_Depot,Family Loaf,241,RT_002,2.36,241
2025-01-07 09:15:41,STORE_110,Bindura_Depot,Mini Rolls 6-Pack,84,RT_048,0.98,84
2025-01-25 23:09:01,STORE_024,Mutare_Branch,Whole Wheat,94,RT_030,1.37,94
2025-06-14 05:11:51,STORE_087,Bindura_Depot,Seed Loaf,161,RT_041,1.49,161
2025-02-10 11:45:52,STORE_005,Bulawayo_Branch,High Energy White,205,RT_005,1.5,205
2025-02-03 05:34:19,STORE_037,Mutare_Branch,High Energy White,128,RT_029,1.39,128
2025-04-20 20:15:36,STORE_008,Marondera_Depot,Soft White,171,RT_046,1.35,171
2025-05-03 08:21:41,STORE_070,Harare_Willowvale,Whole Wheat,105,RT_021,1.38,105
2025-05-19 11:05:49,STORE_103,Gweru_Branch,Family Loaf,113,RT_049,2.34,113
2025-05-22 09:05:08,STORE_046,Masvingo_Branch,Soft White,134,RT_044,1.38,134
2025-03-17 06:58:54,STORE_095,Masvingo_Branch,Whole Wheat,14,RT_010,1.42,14
2025-07-13 01:14:00,STORE_112,Bindura_Depot,Family Loaf,202,RT_009,2.31,202
2025-05-24 20:44:50,STORE_092,Harare_Southerton,Milk1L,192,RT_037,1.27,192
,STORE_029,Marondera_Depot,Mini Rolls 6-Pack,7,RT_031,1.19,7
2025-03-14 15:13:09,STORE_053,Marondera_Depot,Wholegrain Brown,95,RT_044,1.53,95
2025-07-03 11:18:12,STORE_115,Chitungwiza_Depot,Mini Rolls 6-Pack,42,RT_003,1.1,42
2025-02-08 14:50:40,STORE_018,Mutare_Branch,High Energy Brown,160,RT_034,1.33,160
2025-04-07 16:57:05,STORE_091,Harare_Southerton,High Energy White,245,RT_041,1.26,245
2025-05-01 09:07:24,STORE_138,Marondera_Depot,Mini Rolls 6-Pack,190,RT_039,1.09,190
2025-01-23 22:06:47,STORE_023,Chitungwiza_Depot,Wholegrain Brown,7,RT_038,1.6,7
2025-07-23 18:33:27,STORE_128,Mutare_Branch,Whole Wheat,96,RT_021,1.6,96
2025-04-07 08:08:55,STORE_133,Kwekwe_Depot,Wholegrain Brown,125,RT_012,1.46,125
2025-06-26 00:03:54,STORE_102,Gweru_Branch,Buns 6-Pack,114,RT_044,1.03,114
2025-03-04 09:24:16,STORE_116,Bindura_Depot,High Energy White,212,RT_007,1.21,212
2025-05-19 07:36:11,STORE_127,Gweru_Branch,Buns 6-Pack,288,RT_034,1.3,288
2025-02-01 19:53:45,STORE_104,Harare_Willowvale,Mini Rolls 6-Pack,211,RT_049,1.05,211
2025-01-18 10:27:20,STORE_130,Gweru_Branch,Family Loaf,187,RT_029,2.3,187
2025-03-16 14:08:09,STORE_080,Gweru_Branch,Buns 6-Pack,248,RT_021,1.13,248
2025-05-14 21:28:16,STORE_103,Masvingo_Branch,Whole Wheat,24,RT_010,1.55,24
2025-01-07 19:14:59,STORE_105,Bindura_Depot,Wholegrain Brown,115,RT_030,1.59,115
2025-04-23 16:00:09,STORE_072,Marondera_Depot,High Energy Brown,309,RT_035,1.49,309
2025-05-15 00:25:49,STORE_078,Masvingo_Branch,Seed Loaf,236,RT_017,1.59,236
2025-01-02 05:44:02,STORE_015,Gweru_Branch,Mini Rolls 6-Pack,196,RT_044,0.96,196
2025-07-29 16:18:19,STORE_010,Gweru_Branch,Whole Wheat,64,RT_038,1.48,64
2025-06-20 16:41:12,STORE_111,Bindura_Depot,Soft White,223,RT_020,1.2,223
2025-05-14 01:47:58,STORE_112,Gweru_Branch,Family Loaf,126,RT_021,2.39,126
2025-02-27 22:20:31,STORE_036,Chitungwiza_Depot,Seed Loaf,291,RT_015,1.41,291
2025-07-09 16:07:01,STORE_048,Marondera_Depot,Whole Wheat,313,RT_014,1.39,313
2025-01-28 14:54:48,STORE_126,Mutare_Branch,Family Loaf,46,RT_043,2.18,46
2025-02-01 09:23:08,STORE_047,Harare_Willowvale,Seed Loaf,271,RT_031,1.7,271
2025-03-09 04:35:33,STORE_013,Bulawayo_Branch,Family Loaf,152,RT_033,2.16,152
2025-03-04 11:41:09,STORE_076,Harare_Willowvale,High Energy White,54,RT_023,1.49,54
2025-06-17 23:39:56,STORE_067,Bindura_Depot,Whole Wheat,159,RT_005,1.38,159
2025-03-19 12:32:27,STORE_037,Bulawayo_Branch,Seed Loaf,229,RT_010,1.56,229
2025-05-25 05:42:30,STORE_120,Chitungwiza_Depot,Mini Rolls 6-Pack,161,RT_045,0.99,161
2025-01-28 17:13:40,STORE_102,Kwekwe_Depot,Wholegrain Brown,201,RT_023,1.56,201
2025-06-22 07:13:01,STORE_056,Bulawayo_Branch,Family Loaf,78,RT_006,2.19,78
2025-05-23 20:11:58,STORE_119,Bindura_Depot,Family Loaf,90,RT_005,2.12,90
2025-06-02 23:34:08,STORE_043,Bulawayo_Branch,Buns 6-Pack,28,RT_046,1.3,28
2025-03-02 16:26:14,STORE_086,Harare_Southerton,Buns 6-Pack,197,RT_025,1.09,197
2025-02-05 09:32:01,STORE_088,Chitungwiza_Depot,Soft White,70,RT_025,1.12,70
2025-07-02 02:25:29,STORE_039,Harare_Willowvale,Whole Wheat,13,RT_009,1.54,13
2025-01-26 20:37:48,STORE_067,Gweru_Branch,Seed Loaf,220,,1.43,220
2025-04-02 20:12:25,STORE_015,Bulawayo_Branch,Wholegrain Brown,109,RT_012,1.33,109
2025-05-20 08:26:09,STORE_086,Kwekwe_Depot,Seed Loaf,261,RT_042,1.44,261
2025-07-18 12:57:41,STORE_065,Kwekwe_Depot,Soft White,8,RT_021,1.23,8
2025-02-27 21:05:38,STORE_011,Mutare_Branch,Seed Loaf,317,RT_029,1.43,317
2025-04-09 21:16:53,STORE_099,Kwekwe_Depot,High Energy Brown,178,RT_036,1.44,178
2025-05-31 15:29:31,STORE_100,Mutare_Branch,Soft White,145,RT_002,1.11,145
2025-02-10 07:42:45,STORE_081,Harare_Southerton,Soft Whtie,239,RT_026,1.28,239
2025-06-12 17:01:05,STORE_110,Harare_Southerton,Whole Wheat,317,RT_016,1.51,317
2025-02-18 12:41:36,STORE_075,Bulawayo_Branch,High Energy White,22,RT_049,1.45,22
2025-06-28 11:37:20,STORE_069,Marondera_Depot,High Energy White,104,RT_036,1.27,104
2025-02-05 18:20:07,STORE_012,Gweru_Branch,Mini Rolls 6-Pack,243,RT_037,0.99,243
2025-07-29 04:42:23,STORE_026,Kwekwe_Depot,Buns 6-Pack,193,RT_016,1.15,193
2025-02-22 15:02:05,STORE_019,Kwekwe_Depot,Family Loaf,304,RT_009,2.2,304
2025-05-19 08:05:14,STORE_079,Harare_Southerton,High Energy Brown,68,RT_009,1.25,68
2025-03-31 01:31:22,STORE_092,Bindura_Depot,Seed Loaf,212,RT_015,1.63,212
2025-01-01 07:22:47,STORE_094,Bindura_Depot,Buns 6-Pack,260,RT_002,1.08,260
2025-01-05 04:32:29,STORE_010,Chitungwiza_Depot,Wholegrain Brown,269,RT_001,1.42,269
2025-03-10 13:30:08,STORE_065,Harare_Southerton,Soft White,83,RT_025,1.12,83
2025-01-23 16:31:39,STORE_070,Mutare_Branch,Wholegrain Brown,117,RT_041,1.55,117
2025-04-29 22:36:35,STORE_048,Bindura_Depot,Wholegrain Brown,23,RT_027,1.34,23
2025-06-21 20:06:07,STORE_117,Masvingo_Branch,Seed Loaf,300,RT_010,1.51,300
2025-01-10 20:32:43,STORE_004,Kwekwe_Depot,Seed Loaf,151,RT_033,1.46,151
2025-05-01 13:34:45,STORE_011,Bindura_Depot,Buns 6-Pack,130,RT_042,1.02,130
2025-03-08 21:12:08,STORE_127,Masvingo_Branch,Soft White,40,RT_005,1.34,40
2025-03-10 13:42:35,STORE_108,Masvingo_Branch,Buns 6-Pack,284,,1.06,284
2025-04-04 06:27:10,STORE_126,Marondera_Depot,Buns 6-Pack,259,RT_005,1.23,259
2025-04-09 00:27:45,STORE_114,Mutare_Branch,Family Loaf,35,RT_045,2.22,35
2025-03-03 02:42:36,STORE_044,Bindura_Depot,Seed Loaf,17,RT_043,1.42,17
2025-07-30 00:48:29,STORE_047,Harare_Southerton,Family Loaf,295,RT_045,2.4,295
2025-07-24 14:33:30,STORE_095,Gweru_Branch,Mini Rolls 6-Pack,77,RT_022,1.08,77
2025-04-06 09:36:20,STORE_089,Bindura_Depot,Mini Rolls 6-Pack,279,RT_049,1.14,279
2025-05-07 03:41:26,STORE_003,Chitungwiza_Depot,Family Loaf,161,RT_018,2.4,161
2025-03-13 02:28:46,STORE_094,Harare_Southerton,Whole Wheat,88,RT_040,1.55,88
2025-07-18 12:19:20,STORE_053,Harare_Southerton,Seed Loaf,259,RT_012,1.69,259
2025-05-02 11:38:44,STORE_065,Gweru_Branch,Seed Loaf,453,RT_009,1.47,453
2025-04-03 20:45:56,STORE_086,Chitungwiza_Depot,High Energy Brown,234,RT_033,1.36,234
2025-03-13 02:14:13,STORE_132,Masvingo_Branch,High Energy Brown,238,RT_009,1.35,238
2025-01-18 18:10:27,STORE_130,Bulawayo_Branch,Family Loaf,156,RT_035,2.3,156
2025-04-16 05:57:12,STORE_137,Chitungwiza_Depot,Seed Loaf,11,RT_035,1.52,11
2025-03-12 00:00:00,STORE_083,Harare_Southerton,High Energy White,232,RT_033,1.47,232
2025-07-29 01:48:52,STORE_055,Harare_Willowvale,Wholegrain Brown,41,RT_036,1.51,41
2025-01-06 06:43:15,STORE_083,Masvingo_Branch,High Energy White,193,RT_016,1.31,193
2025-05-19 10:02:02,STORE_044,Harare_Willowvale,Mini Rolls 6-Pack,78,RT_030,0.91,78
2025-03-25 21:51:43,STORE_027,Harare_Southerton,Buns 6-Pack,299,RT_024,1.18,299
2025-05-06 18:05:06,STORE_047,Harare_Willowvale,Mini Rolls 6-Pack,62,RT_045,0.96,62
2025-03-12 07:25:46,STORE_081,Bindura_Depot,High Energy Brown,185,RT_022,1.46,185
2025-04-16 14:23:21,STORE_096,Mutare_Branch,Whole Wheat,310,RT_026,1.61,310
2025-07-07 22:28:42,STORE_056,Chitungwiza_Depot,High Energy White,174,RT_047,1.42,174
2025-03-16 21:57:32,STORE_119,Harare_Southerton,Soft White,107,RT_037,1.1,107
2025-05-03 19:39:32,STORE_013,Masvingo_Branch,Wholegrain Brown,282,RT_043,1.48,282
2025-07-02 21:41:38,STORE_005,Bulawayo_Branch,Mini Rolls 6-Pack,31,RT_004,1.13,31
2025-07-13 00:05:38,STORE_078,Chitungwiza_Depot,Family Loaf,141,RT_008,2.18,141
2025-07-08 07:49:40,STORE_064,Harare_Willowvale,Mini Rolls 6-Pack,138,RT_047,0.93,138
2025-04-09 10:11:42,STORE_109,Bulawayo_Branch,Seed Loaf,28,RT_034,1.65,28
2025-02-24 13:38:34,STORE_060,Gweru_Branch,High Energy Brown,288,RT_035,1.42,288
2025-06-18 00:23:22,STORE_011,Bulawayo_Branch,High Energy White,112,RT_012,1.35,112
2025-03-08 22:38:01,STORE_134,Marondera_Depot,Buns 6-Pack,96,RT_019,1.18,96
2025-05-18 02:50:06,STORE_046,Harare_Willowvale,Soft White,283,RT_030,1.2,283
2025-02-16 00:03:23,STORE_074,Gweru_Branch,Buns 6-Pack,279,RT_025,1.13,279
2025-07-26 03:57:04,STORE_130,Harare_Willowvale,Seed Loaf,78,RT_004,1.67,78
2025-05-17 05:52:46,STORE_056,Harare_Willowvale,Family Loaf,243,RT_033,2.3,243
2025-04-03 03:08:55,STORE_106,Masvingo_Branch,Whole Wheat,315,RT_023,1.42,315
2025-05-25 11:16:17,STORE_035,Bindura_Depot,Wholegrain Brown,138,RT_035,1.55,138
2025-03-12 20:10:32,STORE_053,Bindura_Depot,Seed Loaf,116,RT_037,1.63,116
2025-06-22 04:56:15,STORE_011,Mutare_Branch,Soft White,57,RT_046,1.38,57
2025-03-06 01:02:06,STORE_042,Harare_Southerton,Buns 6-Pack,266,RT_035,1.29,266
2025-05-07 01:21:04,STORE_059,Kwekwe_Depot,Seed Loaf,48,RT_015,1.62,48
2025-01-30 23:20:44,STORE_002,Marondera_Depot,Buns 6-Pack,76,RT_008,1.03,76
2025-01-05 11:47:56,STORE_113,Marondera_Depot,SoapBar,132,RT_041,1.6,132
2025-04-22 01:33:33,STORE_092,Harare_Southerton,Whole Wheat,202,RT_007,1.39,202
2025-01-04 16:26:48,STORE_078,Gweru_Branch,Whole Wheat,29,RT_046,1.62,29
2025-03-30 19:48:19,STORE_012,Masvingo_Branch,Milk1L,223,RT_015,2.29,223
2025-02-18 10:17:31,STORE_059,Bulawayo_Branch,Family Loaf,257,RT_019,2.33,257
2025-04-29 07:58:23,STORE_094,Marondera_Depot,Family Loaf,83,RT_049,2.21,83
2025-06-28 13:44:13,STORE_118,Harare_Southerton,High Energy White,25,RT_005,1.34,25
,STORE_021,Harare_Southerton,Seed Loaf,105,RT_040,1.5,105
2025-03-03 01:46:16,STORE_092,Masvingo_Branch,High Energy Brown,56,RT_006,1.21,56
2025-03-01 19:12:09,STORE_115,Chitungwiza_Depot,Wholegrain Brown,243,RT_026,1.31,243
2025-04-27 09:50:16,STORE_130,Bulawayo_Branch,Buns 6-Pack,85,RT_024,1.03,85
2025-03-07 03:29:33,STORE_101,Chitungwiza_Depot,Soft White,72,RT_026,1.14,72
2025-05-04 23:10:32,STORE_066,Harare_Willowvale,Mini Rolls 6-Pack,278,RT_017,1.15,278
2025-05-01 21:34:35,STORE_004,Bindura_Depot,Whole Wheat,114,RT_022,1.56,114
2025-02-14 09:04:02,STORE_133,Kwekwe_Depot,Whole Wheat,32,RT_040,1.54,32
2025-05-21 23:58:58,STORE_073,Mutare_Branch,Seed Loaf,18,RT_002,1.47,18
2025-02-01 06:08:22,STORE_052,Bulawayo_Branch,Buns 6-Pack,49,RT_018,1.26,49
2025-01-03 00:20:01,STORE_106,Marondera_Depot,High Energy White,35,RT_031,1.46,35
2025-05-21 02:33:56,STORE_055,Bindura_Depot,Family Loaf,80,RT_035,2.33,80
2025-07-12 23:23:36,STORE_075,Masvingo_Branch,SeedLoaf,88,RT_039,1.42,88
2025-04-19 02:06:10,STORE_134,Harare_Willowvale,High Energy Brown,76,RT_037,1.34,76
2025-05-01 17:47:07,STORE_137,Chitungwiza_Depot,Family Loaf,87,RT_044,2.3,87
2025-02-28 13:58:20,STORE_134,Harare_Willowvale,Wholegrain Brown,26,RT_039,1.45,26
2025-06-25 09:09:54,STORE_030,Mutare_Branch,Buns 6-Pack,202,RT_013,1.09,202
2025-05-17 23:15:06,STORE_060,Bulawayo_Branch,Family Loaf,109,RT_037,2.27,109
2025-03-13 04:53:10,STORE_018,Bulawayo_Branch,Wholegrain Brown,101,RT_005,1.41,101
2025-02-12 06:07:04,STORE_026,Bindura_Depot,Soft White,283,RT_013,1.24,283
2025-01-18 17:17:44,STORE_132,Chitungwiza_Depot,Mini Rolls 6-Pack,127,RT_046,1.09,127
2025-04-30 16:32:00,STORE_018,Marondera_Depot,Soft White,49,RT_043,1.19,49
2025-01-06 12:13:35,STORE_083,Bindura_Depot,Seed Loaf,223,RT_036,1.41,223
2025-02-18 06:42:44,STORE_126,Gweru_Branch,Buns 6-Pack,113,RT_023,1.25,113
2025-06-08 11:38:10,STORE_080,Harare_Southerton,Mini Rolls 6-Pack,23,RT_012,1.07,23
2025-02-10 15:44:24,STORE_136,Harare_Southerton,Seed Loaf,313,RT_001,1.6,313
2025-04-28 23:10:57,STORE_132,Harare_Willowvale,Wholegrain Brown,242,RT_032,1.49,242
2025-03-01 09:06:37,STORE_132,Bindura_Depot,Soft White,120,RT_031,1.18,120
2025-01-16 15:41:11,STORE_074,Harare_Willowvale,Mini Rolls 6-Pack,50,RT_023,1.15,50
2025-01-21 10:17:20,STORE_109,Mutare_Branch,High Energy White,71,RT_041,1.33,71
2025-05-18 17:22:52,STORE_075,Chitungwiza_Depot,Mini Rolls 6-Pack,204,RT_040,0.92,204
2025-01-27 23:50:14,STORE_012,Gweru_Branch,Mini Rolls 6-Pack,263,RT_021,1.04,263
2025-06-24 20:11:32,STORE_105,Bindura_Depot,High Energy White,37,RT_002,1.27,37
2025-05-23 14:20:22,STORE_088,Kwekwe_Depot,Seed Loaf,212,RT_030,1.69,212
2025-06-01 05:29:35,STORE_133,Chitungwiza_Depot,Buns 6-Pack,43,RT_022,1.0,43
2025-01-29 12:53:16,STORE_033,Mutare_Branch,Wholegrain Brown,100,RT_049,1.33,100
2025-07-06 22:53:09,STORE_047,Marondera_Depot,Buns 6-Pack,297,RT_005,1.17,297
2025-01-16 17:19:16,STORE_105,Mutare_Branch,Family Loaf,140,RT_011,2.12,140
2025-03-28 10:08:17,STORE_073,Marondera_Depot,Wholegrain Brown,247,RT_031,1.36,247
2025-03-27 18:52:59,STORE_054,Kwekwe_Depot,Seed Loaf,33,RT_041,1.53,33
2025-07-10 22:10:15,STORE_013,Masvingo_Branch,Whole Wheat,223,RT_047,1.39,223
2025-03-24 05:30:27,STORE_039,Bulawayo_Branch,Seed Loaf,199,RT_046,1.48,199
2025-06-29 02:13:00,STORE_061,Chitungwiza_Depot,Buns 6-Pack,298,RT_009,1.21,298
2025-05-30 14:05:59,STORE_064,Marondera_Depot,Buns 6-Pack,60,RT_016,1.08,60
2025-06-23 06:23:28,STORE_059,Mutare_Branch,Mini Rolls 6-Pack,44,RT_043,1.03,44
2025-03-29 05:50:12,STORE_040,Harare_Willowvale,Soft White,51,RT_028,1.28,51
2025-05-07 10:13:57,STORE_055,Chitungwiza_Depot,Soft White,280,RT_037,1.37,280
2025-05-16 20:25:32,STORE_037,Marondera_Depot,Family Loaf,151,RT_008,2.37,151
2025-01-05 10:04:16,STORE_057,Bulawayo_Branch,High Energy Brown,169,RT_036,1.4,169
2025-02-27 15:45:05,STORE_047,Bindura_Depot,Buns 6-Pack,21,RT_018,1.03,21
2025-06-18 05:06:12,STORE_032,Harare_Southerton,Wholegrain Brown,215,RT_006,1.37,215
2025-04-17 04:36:08,STORE_007,Bindura_Depot,Wholegrain Brown,248,RT_030,1.45,248
2025-01-19 15:03:07,STORE_058,Mutare_Branch,High Energy White,91,RT_025,1.45,91
2025-05-17 03:18:22,STORE_123,Harare_Southerton,High Energy Brown,104,RT_032,1.44,104
2025-07-20 03:35:09,STORE_110,Gweru_Branch,Whole Wheat,134,RT_005,1.35,134
2025-07-04 02:16:09,STORE_029,Mutare_Branch,High Energy Brown,300,RT_049,1.39,300
2025-04-20 19:11:01,STORE_045,Chitungwiza_Depot,High Energy Brown,210,RT_043,1.48,210
2025-02-21 02:52:08,STORE_064,Mutare_Branch,Family Loaf,203,RT_026,2.1,203
2025-05-07 01:31:40,STORE_131,Marondera_Depot,Mini Rolls 6-Pack,103,RT_010,1.19,103
2025-06-18 17:13:20,STORE_075,Harare_Southerton,Family Loaf,33,RT_012,2.35,33
2025-07-25 00:50:57,STORE_067,Mutare_Branch,Wholegrain Brown,270,RT_019,1.49,270
2025-05-20 15:59:56,STORE_123,Masvingo_Branch,Buns 6-Pack,86,RT_017,1.17,86
2025-07-22 06:37:34,STORE_047,Bulawayo_Branch,High Energy White,192,RT_031,1.49,192
2025-01-03 23:05:31,STORE_049,Gweru_Branch,Soft White,204,RT_014,1.33,204
2025-01-09 21:10:42,STORE_084,Harare_Southerton,Soft White,283,RT_022,1.13,283
2025-02-01 23:42:59,STORE_118,Masvingo_Branch,Family Loaf,161,RT_015,2.1,161
2025-01-25 18:34:27,STORE_006,Gweru_Branch,Seed Loaf,75,RT_039,1.56,75
2025-03-26 07:41:55,STORE_072,Bulawayo_Branch,High Energy Brown,127,RT_014,1.3,127
2025-05-28 13:52:01,STORE_028,Harare_Southerton,High Energy White,194,RT_039,1.32,194
2025-04-24 21:32:25,STORE_133,Marondera_Depot,Family Loaf,205,RT_040,2.11,205
2025-07-27 12:58:08,STORE_035,Marondera_Depot,Mini Rolls 6-Pack,5,RT_013,0.92,5
2025-02-10 14:58:54,STORE_082,Gweru_Branch,Whole Wheat,269,RT_002,1.55,269
2025-05-25 20:37:57,STORE_119,Masvingo_Branch,High Energy Brown,251,RT_047,1.42,251
2025-04-08 19:36:32,STORE_121,Mutare_Branch,High Energy White,226,RT_006,1.44,226
2025-03-09 05:48:21,STORE_013,Masvingo_Branch,High Energy White,134,RT_029,1.35,134
2025-04-24 08:52:34,STORE_119,Harare_Willowvale,High Energy Brown,255,RT_020,1.5,255
2025-03-04 22:57:13,STORE_047,Bulawayo_Branch,High Energy White,93,RT_004,1.26,93
2025-02-18 10:13:21,STORE_109,Chitungwiza_Depot,Soft White,294,RT_036,1.33,294
2025-02-17 06:36:31,STORE_011,Mutare_Branch,Whole Wheat,37,RT_038,1.48,37
2025-01-27 21:57:32,STORE_028,Mutare_Branch,High Energy White,250,RT_028,1.41,250
2025-04-20 22:00:06,STORE_099,Gweru_Branch,High Energy White,210,RT_002,1.23,210
2025-05-13 12:56:31,STORE_053,Kwekwe_Depot,Soft White,81,RT_012,1.15,81
2025-06-05 17:26:29,STORE_018,Gweru_Branch,Family Loaf,82,RT_034,2.4,82
2025-07-05 05:05:01,STORE_082,Marondera_Depot,Buns 6-Pack,176,RT_019,1.22,176
2025-03-24 07:44:06,STORE_134,Masvingo_Branch,Buns 6-Pack,142,RT_020,1.24,142
2025-05-03 20:18:11,STORE_039,Mutare_Branch,Family Loaf,162,RT_008,,162
2025-02-16 20:39:05,STORE_055,Gweru_Branch,High Energy Brown,256,RT_026,1.35,256
2025-05-30 19:28:09,STORE_102,Harare_Southerton,Seed Loaf,223,RT_025,1.55,223
2025-06-02 04:44:28,STORE_055,Bulawayo_Branch,High Energy Brown,245,RT_024,1.42,245
2025-05-03 19:41:17,STORE_022,Harare_Willowvale,High Energy White,303,RT_012,1.41,303
2025-06-14 20:12:53,STORE_110,Harare_Willowvale,Buns 6-Pack,172,RT_042,1.15,172
2025-02-10 04:24:48,STORE_046,Masvingo_Branch,Family Loaf,223,RT_012,2.33,223
2025-03-12 00:00:00,STORE_083,Chitungwiza_Depot,High Energy White,312,RT_015,1.47,312
2025-07-05 09:23:54,STORE_023,Mutare_Branch,Mini Rolls 6-Pack,228,RT_023,1.11,228
2025-03-14 17:36:19,STORE_061,Harare_Willowvale,Seed Loaf,175,RT_037,1.64,175
2025-04-06 00:18:13,STORE_091,Gweru_Branch,Whole Wheat,217,RT_031,1.41,217
2025-07-13 06:47:59,STORE_104,Bulawayo_Branch,Whole Wheat,225,RT_047,1.54,225
2025-07-06 19:33:27,STORE_136,Harare_Willowvale,Buns 6-Pack,117,RT_049,1.21,117
2025-03-21 22:32:06,STORE_034,Marondera_Depot,Mini Rolls 6-Pack,173,RT_033,1.06,173
2025-04-29 02:43:46,STORE_092,Bindura_Depot,Buns 6-Pack,266,RT_014,1.24,266
2025-06-23 20:25:40,STORE_023,Gweru_Branch,High Energy Brown,31,RT_043,1.27,31
2025-01-31 05:54:35,STORE_087,Harare_Willowvale,Family Loaf,28,RT_016,2.23,28
2025-05-08 15:04:07,STORE_039,Chitungwiza_Depot,Whole Wheat,188,RT_041,1.55,188
2025-01-15 16:35:43,STORE_065,Gweru_Branch,Buns 6-Pack,306,RT_036,1.02,306
2025-06-18 12:46:33,STORE_106,Marondera_Depot,Buns 6-Pack,288,RT_030,1.16,288
2025-05-30 12:01:15,STORE_068,Mutare_Branch,Buns 6-Pack,118,RT_013,1.26,118
2025-05-19 05:56:19,STORE_066,Marondera_Depot,High Energy White,25,RT_026,1.41,25
2025-04-14 13:11:34,STORE_050,Bulawayo_Branch,Wholegrain Brown,52,RT_043,1.31,52
2025-06-01 22:55:27,STORE_111,Masvingo_Branch,Mini Rolls 6-Pack,276,RT_010,1.15,276
2025-06-14 05:44:59,STORE_027,Kwekwe_Depot,Whole Wheat,124,RT_009,1.52,124
2025-01-21 00:19:47,STORE_069,Marondera_Depot,High Energy White,135,RT_034,1.43,135
2025-06-29 19:35:15,STORE_009,Chitungwiza_Depot,Buns 6-Pack,317,RT_002,1.11,317
2025-03-14 17:51:28,STORE_112,Kwekwe_Depot,High Energy White,258,RT_025,1.42,258
2025-05-31 06:10:20,STORE_107,Marondera_Depot,Family Loaf,301,RT_023,2.33,301
2025-04-28 12:30:15,STORE_046,Gweru_Branch,High Energy Brown,243,RT_022,1.34,243
2025-05-23 08:35:55,STORE_065,Harare_Southerton,Whole Wheat,185,RT_045,1.37,185
2025-02-16 00:47:46,STORE_063,Chitungwiza_Depot,Mini Rolls 6-Pack,13,RT_012,0.98,13
2025-06-17 11:47:31,STORE_049,Gweru_Branch,Whole Wheat,20,RT_022,1.53,20
2025-01-10 18:49:37,STORE_070,Marondera_Depot,Family Loaf,81,RT_008,2.22,81
2025-02-04 14:01:28,STORE_048,Masvingo_Branch,Seed Loaf,140,RT_003,1.47,140
2025-06-18 00:06:08,STORE_089,Chitungwiza_Depot,HighEnergyWhite,189,RT_033,1.22,189
2025-01-20 17:15:28,STORE_052,Mutare_Branch,Seed Loaf,265,RT_043,1.41,265
2025-01-30 22:56:00,STORE_131,Masvingo_Branch,Seed Loaf,204,RT_046,1.67,204
2025-06-06 18:25:12,STORE_082,Bulawayo_Branch,Wholegrain Brown,265,RT_049,1.55,265
2025-03-20 11:23:51,STORE_129,Harare_Willowvale,Whole Wheat,61,RT_044,1.35,61
2025-05-31 05:25:13,STORE_031,Masvingo_Branch,Whole Wheat,150,RT_001,1.56,150
2025-01-04 07:15:56,STORE_125,Bindura_Depot,Buns 6-Pack,197,RT_042,1.07,197
2025-07-21 19:55:18,STORE_123,Harare_Southerton,Family Loaf,311,RT_039,2.38,311
2025-01-26 15:15:34,STORE_090,Masvingo_Branch,Seed Loaf,89,RT_047,1.4,89
2025-02-03 00:48:55,STORE_122,Mutare_Branch,Seed Loaf,293,RT_040,1.61,293
2025-02-12 18:42:56,STORE_130,Chitungwiza_Depot,High Energy Brown,112,RT_020,1.29,112
2025-06-20 08:04:43,STORE_017,Kwekwe_Depot,Whole Wheat,204,RT_041,1.4,204
2025-02-15 17:00:44,STORE_115,Harare_Willowvale,High Energy Brown,234,RT_027,1.46,234
2025-03-07 20:03:58,STORE_031,Bulawayo_Branch,High Energy Brown,19,RT_012,1.39,19
2025-01-17 16:56:41,STORE_002,Bulawayo_Branch,High Energy White,127,RT_020,1.21,127
2025-05-11 09:07:50,STORE_035,Masvingo_Branch,Family Loaf,228,RT_012,2.13,228
2025-03-29 19:32:25,STORE_087,Chitungwiza_Depot,Family Loaf,119,RT_044,2.35,119
2025-05-13 08:27:01,STORE_129,Masvingo_Branch,Seed Loaf,193,RT_001,1.69,193
2025-04-30 07:19:27,STORE_136,Kwekwe_Depot,Mini Rolls 6-Pack,278,RT_046,1.04,278
2025-01-06 23:52:06,STORE_135,Gweru_Branch,Family Loaf,104,RT_014,2.25,104
2025-04-26 15:04:37,STORE_076,Chitungwiza_Depot,Whole Wheat,8,RT_004,1.47,8
2025-05-17 11:39:02,STORE_135,Marondera_Depot,Wholegrain Brown,188,RT_004,1.47,188
2025-06-26 22:12:50,STORE_021,Kwekwe_Depot,High Energy White,231,RT_044,1.41,231
2025-05-25 17:23:53,STORE_035,Chitungwiza_Depot,High Energy Brown,7,RT_044,1.24,7
2025-06-05 23:44:48,STORE_133,Masvingo_Branch,High Energy White,69,RT_047,1.28,69
2025-04-05 14:40:33,STORE_005,Chitungwiza_Depot,Wholegrain Brown,77,RT_035,1.51,77
2025-01-07 02:05:57,STORE_011,Harare_Southerton,Seed Lof,215,RT_010,1.4,215
2025-01-29 12:13:28,STORE_010,Gweru_Branch,Family Loaf,292,RT_023,2.21,292
2025-07-19 06:05:08,STORE_055,Marondera_Depot,Soft White,90,RT_043,1.13,90
2025-07-10 23:48:45,STORE_117,Bulawayo_Branch,High Energy White,172,RT_006,1.3,172
2025-06-30 11:38:02,STORE_096,Mutare_Branch,Wholegrain Brown,15,RT_037,1.3,15
2025-04-30 01:47:31,STORE_023,Harare_Willowvale,High Energy White,219,RT_001,1.46,219
2025-05-15 10:42:32,STORE_081,Masvingo_Branch,High Energy White,6,RT_019,1.44,6
2025-04-17 07:11:55,STORE_128,Mutare_Branch,Buns 6-Pack,22,RT_047,1.02,22
2025-06-02 05:06:54,STORE_123,Kwekwe_Depot,Soft White,56,RT_032,1.25,56
2025-04-30 18:45:07,STORE_120,Harare_Willowvale,Seed Loaf,102,RT_039,1.56,102
2025-06-12 09:01:26,STORE_130,Chitungwiza_Depot,Family Loaf,5,RT_001,2.19,5
2025-03-06 10:36:08,STORE_027,Marondera_Depot,Soft White,192,RT_018,1.25,192
2025-04-14 12:22:22,STORE_094,Bulawayo_Branch,High Energy White,77,RT_035,1.45,77
2025-02-27 21:10:45,STORE_067,Bindura_Depot,Wholegrain Brown,50,RT_030,1.56,50
2025-12-05 00:00:00,STORE_084,,Buns 6-Pack,98,RT_007,1.15,98
2025-04-08 12:16:30,STORE_103,Chitungwiza_Depot,SoftWhite,32,RT_046,1.28,32
2025-03-29 13:42:49,STORE_120,Bulawayo_Branch,Whole Wheat,96,RT_046,1.4,96
2025-06-28 20:45:51,STORE_133,Chitungwiza_Depot,High Energy Brown,183,RT_034,1.44,183
2025-03-27 03:40:47,STORE_001,Harare_Willowvale,Whole Wheat,92,RT_043,1.58,92
2025-06-06 18:08:51,STORE_093,Bulawayo_Branch,High Energy White,118,RT_026,1.28,118
2025-07-24 11:45:11,STORE_019,Marondera_Depot,High Energy White,293,RT_034,1.37,293
2025-02-23 21:48:13,STORE_037,Gweru_Branch,Soft White,183,RT_031,1.26,183
2025-05-01 17:32:20,STORE_105,Bulawayo_Branch,Seed Loaf,55,RT_046,1.66,55
2025-01-05 14:12:22,STORE_081,Bulawayo_Branch,Family Loaf,205,RT_001,2.14,205
2025-02-01 09:16:33,STORE_086,Harare_Southerton,Family Loaf,48,RT_020,2.34,48
2025-04-11 05:02:24,STORE_029,Mutare_Branch,Seed Loaf,149,RT_048,1.47,149
2025-04-06 05:45:36,STORE_032,Masvingo_Branch,Seed Loaf,298,RT_032,1.7,298
2025-05-26 06:30:36,STORE_128,Marondera_Depot,Whole Wheat,385,RT_032,1.46,385
2025-03-23 05:13:11,STORE_125,Masvingo_Branch,Mini Rolls 6-Pack,278,RT_025,0.91,278
2025-06-27 08:39:11,STORE_117,Bulawayo_Branch,Soft White,268,RT_042,1.11,268
2025-01-11 10:41:13,STORE_093,Mutare_Branch,Buns 6-Pack,53,RT_013,1.06,53
2025-06-12 17:54:39,STORE_026,Bulawayo_Branch,Buns 6-Pack,317,RT_015,1.2,317
2025-04-08 02:08:32,STORE_043,Bulawayo_Branch,Wholegrain Brown,264,RT_009,1.4,264
2025-05-09 06:56:11,STORE_101,Harare_Southerton,Buns 6-Pack,16,RT_014,1.03,16
2025-03-24 14:45:00,STORE_107,Gweru_Branch,High Energy Brown,207,RT_007,1.27,207
2025-02-01 02:28:48,STORE_099,Mutare_Branch,Family Loaf,307,RT_020,2.36,307
2025-07-27 00:27:25,STORE_090,Masvingo_Branch,Mini Rolls 6-Pack,219,RT_017,0.97,219
2025-03-28 18:15:10,STORE_100,Harare_Willowvale,Whole Wheat,156,RT_030,1.6,156
2025-02-26 02:29:44,STORE_097,Kwekwe_Depot,Soft White,228,RT_018,1.15,228
2025-06-25 19:00:29,STORE_046,Chitungwiza_Depot,Wholegrain Brown,108,RT_014,1.39,108
2025-01-14 13:00:25,STORE_001,Harare_Willowvale,High Energy Brown,167,RT_007,1.36,167
2025-01-05 19:31:14,STORE_077,Bindura_Depot,Whole Wheat,262,RT_020,1.59,262
2025-01-18 04:23:52,STORE_055,Kwekwe_Depot,Mini Rolls 6-Pack,7,RT_020,1.13,7
2025-03-28 04:22:33,STORE_006,Gweru_Branch,Mini Rolls 6-Pack,266,RT_040,1.1,266
2025-05-04 20:06:27,STORE_070,Chitungwiza_Depot,Wholegrain Brown,243,RT_011,1.49,243
2025-01-11 03:11:15,STORE_078,Marondera_Depot,Seed Loaf,127,RT_026,1.5,127
2025-07-15 21:32:13,STORE_056,Bulawayo_Branch,High Energy White,220,RT_037,1.29,220
2025-06-25 11:28:31,STORE_065,Chitungwiza_Depot,Seed Loaf,189,RT_015,1.7,189
2025-02-12 10:25:44,STORE_085,Kwekwe_Depot,Whole Wheat,115,RT_037,1.6,115
2025-03-25 09:52:37,STORE_006,Marondera_Depot,High Energy Brown,43,RT_047,1.23,43
2025-05-20 10:15:00,STORE_058,Harare_Willowvale,Mini Rolls 6-Pack,48,RT_017,1.09,48
2025-03-29 05:36:08,STORE_021,Kwekwe_Depot,Buns 6-Pack,204,RT_017,1.29,204
2025-04-01 05:59:11,STORE_119,Gweru_Branch,Soft White,166,RT_010,1.12,166
2025-05-11 03:51:09,STORE_125,Mutare_Branch,Soft White,26,RT_032,,26
2025-02-13 05:04:48,STORE_092,Bulawayo_Branch,Seed Loaf,288,RT_015,1.57,288
2025-03-18 15:40:11,STORE_082,Mutare_Branch,Mini Rolls 6-Pack,62,RT_045,0.92,62
2025-07-23 08:28:51,STORE_095,Harare_Willowvale,Mini Rolls 6-Pack,244,RT_026,1.13,244
2025-02-01 16:39:44,STORE_017,Marondera_Depot,Buns 6-Pack,211,RT_024,1.1,211
2025-05-12 06:47:21,STORE_012,Mutare_Branch,High Energy White,79,RT_009,1.25,79
2025-07-07 23:38:47,STORE_015,Masvingo_Branch,High Energy Brown,286,RT_005,1.29,286
2025-01-25 00:11:18,STORE_002,Kwekwe_Depot,Family Loaf,219,RT_037,2.3,219
2025-04-07 14:53:42,STORE_132,Bindura_Depot,Family Loaf,166,RT_043,2.31,166
2025-01-12 06:19:41,STORE_066,Bindura_Depot,Soft White,268,RT_011,1.17,268
2025-01-07 04:59:24,STORE_103,Chitungwiza_Depot,Wholegrain Brown,259,RT_018,1.45,259
2025-05-20 02:40:31,STORE_084,Kwekwe_Depot,High Energy Brown,248,RT_036,1.36,248
2025-06-10 00:14:40,STORE_009,Mutare_Branch,Buns 6-Pack,202,RT_004,1.25,202
2025-01-10 23:40:39,STORE_110,Chitungwiza_Depot,Soft White,38,RT_016,1.39,38
2025-04-24 20:20:47,STORE_037,Marondera_Depot,Buns 6-Pack,312,RT_038,1.2,312
2025-07-12 15:56:42,STORE_099,Kwekwe_Depot,Soft White,15,RT_010,1.34,15
2025-01-27 02:02:02,STORE_119,Kwekwe_Depot,Family Loaf,162,RT_003,2.32,162
2025-07-18 09:56:06,STORE_026,Bulawayo_Branch,High Energy White,179,RT_027,1.38,179
2025-03-04 03:52:57,STORE_048,Harare_Willowvale,Mini Rolls 6-Pack,43,RT_032,1.03,43
2025-02-18 05:18:09,STORE_012,Bulawayo_Branch,High Energy Brown,287,RT_005,1.2,287
2025-02-18 12:41:47,STORE_076,Mutare_Branch,High Energy Brown,210,RT_030,1.38,210
2025-01-08 19:10:12,STORE_068,Bindura_Depot,High Energy White,74,RT_037,1.29,74
2025-01-18 19:32:32,STORE_123,Chitungwiza_Depot,Buns 6-Pack,297,RT_036,1.05,297
2025-04-02 01:29:51,STORE_071,Bulawayo_Branch,Whole Wheat,102,RT_049,,102
2025-02-16 17:04:36,STORE_087,Mutare_Branch,Wholegrain Brown,64,RT_023,1.3,64
2025-06-23 03:40:20,STORE_090,Chitungwiza_Depot,Soft White,69,RT_023,1.28,69
2025-01-31 23:03:06,STORE_093,Marondera_Depot,Soft White,138,RT_044,1.2,138
2025-05-01 09:25:29,STORE_011,Gweru_Branch,Seed Loaf,56,RT_015,1.55,56
2025-07-17 23:41:53,STORE_080,Harare_Willowvale,Wholegrain Brown,189,RT_020,1.32,189
2025-06-04 00:05:47,STORE_086,Gweru_Branch,Wholegrain Brown,234,RT_005,1.39,234
2025-03-28 01:07:42,STORE_123,Kwekwe_Depot,High Energy Brown,138,RT_034,1.28,138
2025-04-21 10:10:15,STORE_056,Harare_Willowvale,Whole Wheat,46,RT_019,1.57,46
2025-06-28 01:13:36,STORE_137,Bulawayo_Branch,Wholegrain Brown,269,RT_025,1.42,269
2025-04-12 17:48:49,STORE_133,Marondera_Depot,Soft White,181,RT_036,1.33,181
2025-02-13 18:45:00,STORE_036,Bindura_Depot,Wholegrain Brown,24,RT_044,1.5,24
2025-02-12 20:09:11,STORE_074,Mutare_Branch,High Energy White,94,RT_007,1.3,94
2025-06-07 16:08:48,STORE_047,Kwekwe_Depot,Whole Wheat,166,RT_025,1.47,166
2025-02-01 00:46:46,STORE_051,Gweru_Branch,Whole Wheat,60,RT_027,1.38,60
2025-04-12 07:57:35,STORE_122,Bulawayo_Branch,Seed Loaf,277,RT_036,1.7,277
2025-02-03 10:01:36,STORE_093,Mutare_Branch,Mini Rolls 6-Pack,6,RT_017,0.99,6
2025-06-29 18:53:08,STORE_080,Marondera_Depot,High Energy White,12,RT_035,1.35,12
2025-02-17 21:14:30,STORE_001,Marondera_Depot,Seed Loaf,226,RT_031,1.49,226
2025-06-05 04:16:22,STORE_005,Masvingo_Branch,Mini Rolls 6-Pack,147,RT_044,0.93,147
2025-03-24 04:01:52,STORE_058,Masvingo_Branch,High Energy Brown,38,RT_028,1.49,38
2025-07-24 13:57:24,STORE_126,Gweru_Branch,Whole Whet,71,RT_029,1.43,71
2025-01-24 18:23:33,STORE_054,Mutare_Branch,High Energy Brown,294,RT_027,1.38,294
2025-07-30 05:53:15,STORE_022,Marondera_Depot,Buns 6-Pack,180,RT_038,1.11,180
2025-03-21 23:14:46,STORE_058,Chitungwiza_Depot,Wholegrain Brown,127,RT_015,1.46,127
2025-03-09 06:49:25,STORE_005,Gweru_Branch,Whole Wheat,223,RT_023,1.46,223
2025-01-11 21:42:31,STORE_022,Harare_Willowvale,High Energy White,189,RT_025,1.4,189
2025-04-06 05:24:49,STORE_041,Masvingo_Branch,High Energy Brown,24,RT_023,1.46,24
2025-05-15 22:56:41,STORE_062,Marondera_Depot,Mini Rolls 6-Pack,268,RT_017,1.18,268
2025-05-16 11:53:58,STORE_134,Harare_Southerton,Seed Loaf,230,RT_041,1.69,230
2025-03-13 05:34:42,STORE_064,Chitungwiza_Depot,Seed Loaf,189,RT_046,1.42,189
2025-07-20 23:01:54,STORE_123,Bulawayo_Branch,Soft White,89,RT_011,1.35,89
2025-02-21 17:20:52,STORE_021,Marondera_Depot,Soft White,31,RT_037,1.11,31
2025-05-19 17:42:58,STORE_044,Harare_Southerton,Buns 6-Pack,290,RT_036,1.19,290
2025-07-05 10:29:25,STORE_034,Harare_Willowvale,Whole Wheat,214,RT_031,1.57,214
2025-05-30 21:52:24,STORE_103,Masvingo_Branch,Seed Loaf,171,RT_001,1.59,171
2025-01-17 20:40:51,STORE_084,Kwekwe_Depot,High Energy Brown,272,RT_013,1.49,272
2025-03-28 01:49:09,STORE_120,Bulawayo_Branch,High Energy White,139,RT_009,1.42,139
2025-06-03 06:42:49,STORE_129,Gweru_Branch,Seed Loaf,110,RT_047,1.63,110
2025-03-04 02:40:34,STORE_014,Gweru_Branch,High Energy Brown,300,RT_032,1.48,300
2025-06-18 00:24:36,STORE_073,Bindura_Depot,Family Loaf,17,RT_019,2.33,17
2025-05-18 08:33:28,STORE_030,Gweru_Branch,Soft White,76,RT_022,1.27,76
2025-03-09 17:57:32,STORE_034,Harare_Willowvale,Soft White,246,RT_040,1.18,246
2025-04-05 22:44:52,STORE_095,Kwekwe_Depot,Seed Loaf,283,RT_038,1.46,283
2025-03-23 05:03:31,STORE_045,Mutare_Branch,Buns 6-Pack,17,RT_031,1.01,17
2025-02-22 13:35:59,STORE_077,Harare_Willowvale,High Energy White,310,RT_012,1.25,310
2025-05-26 07:11:03,STORE_057,Mutare_Branch,Buns 6-Pack,314,RT_040,1.23,314
2025-04-20 16:54:35,STORE_014,Kwekwe_Depot,Mini Rolls 6-Pack,183,RT_040,1.0,183
2025-06-28 09:41:46,STORE_082,Harare_Southerton,High Energy White,143,RT_018,1.2,143
2025-06-29 01:02:29,STORE_041,Gweru_Branch,Buns 6-Pack,308,RT_041,1.12,308
2025-04-09 11:10:41,STORE_010,Chitungwiza_Depot,Mini Rolls 6-Pack,146,RT_023,1.04,146
2025-06-08 04:39:57,STORE_006,Marondera_Depot,Buns 6-Pack,271,RT_026,1.06,271
2025-06-27 08:37:33,STORE_084,Mutare_Branch,Wholegrain Brown,208,RT_008,1.5,208
2025-04-25 18:35:45,STORE_100,Chitungwiza_Depot,Family Loaf,51,RT_023,2.24,51
2025-04-18 17:53:59,STORE_133,Chitungwiza_Depot,High Energy Brown,126,RT_005,1.47,126
2025-03-13 02:45:28,STORE_039,Gweru_Branch,Soft White,11,RT_007,1.3,11
2025-03-13 22:13:25,STORE_107,Gweru_Branch,Mini Rolls 6-Pack,167,RT_039,1.05,167
2025-03-31 09:52:46,STORE_082,Gweru_Branch,Whole Wheat,109,RT_037,1.59,109
2025-03-26 03:35:18,STORE_024,Harare_Willowvale,High Energy Brown,249,RT_008,1.41,249
2025-07-29 19:17:11,STORE_059,Bindura_Depot,Whole Wheat,296,RT_035,1.64,296
2025-01-06 14:11:15,STORE_024,Bindura_Depot,Family Loaf,318,RT_046,2.1,318
2025-03-19 10:14:47,STORE_019,Gweru_Branch,Buns 6-Pack,237,RT_042,,237
2025-05-01 06:39:37,STORE_116,Harare_Willowvale,Soft White,45,RT_040,1.18,45
2025-06-25 04:00:15,STORE_130,Chitungwiza_Depot,Soft White,213,RT_045,1.25,213
2025-03-18 00:53:52,STORE_079,Harare_Southerton,WholgrainBrown,76,RT_038,1.31,76
2025-04-14 23:15:13,STORE_120,Chitungwiza_Depot,Buns 6-Pack,82,RT_031,,82
2025-05-01 08:47:10,STORE_109,Harare_Southerton,Buns 6-Pack,73,RT_038,1.26,73
2025-03-10 09:15:53,STORE_078,Masvingo_Branch,Seed Loaf,133,RT_043,1.56,133
2025-01-20 15:33:10,STORE_107,Harare_Southerton,Soft White,143,RT_016,1.16,143
2025-01-27 22:08:53,STORE_102,Harare_Willowvale,Buns 6-Pack,290,RT_042,1.12,290
2025-03-21 09:33:11,STORE_024,Harare_Southerton,Seed Loaf,44,RT_048,1.68,44
2025-04-04 03:20:52,STORE_126,Kwekwe_Depot,Seed Loaf,313,RT_025,1.59,313
2025-03-10 16:26:25,STORE_090,Bulawayo_Branch,High Energy White,310,RT_017,1.44,310
2025-07-25 23:49:52,STORE_124,Masvingo_Branch,Mini Rolls 6-Pack,86,RT_038,1.04,86
2025-04-17 12:27:49,STORE_048,Chitungwiza_Depot,High Energy White,133,RT_027,1.4,133
2025-03-19 12:11:14,STORE_035,Gweru_Branch,Family Loaf,87,RT_004,2.21,87
2025-03-06 02:35:17,STORE_133,Marondera_Depot,Soft White,279,RT_043,1.3,279
2025-01-19 16:19:15,STORE_048,Chitungwiza_Depot,High Energy Brown,71,RT_024,1.44,71
2025-04-08 21:16:51,STORE_062,Masvingo_Branch,High Energy White,124,RT_046,1.43,124
2025-05-05 07:20:49,STORE_046,Mutare_Branch,Whole Wheat,213,RT_041,1.41,213
2025-05-14 07:46:24,STORE_073,Bindura_Depot,Mini Rolls 6-Pack,109,RT_018,1.19,109
2025-04-15 16:15:04,STORE_066,Gweru_Branch,High Energy Brown,118,RT_047,1.37,118
2025-04-26 02:26:30,STORE_022,Gweru_Branch,Buns 6-Pack,29,RT_033,1.1,29
2025-03-09 05:54:31,STORE_102,Bulawayo_Branch,High Energy White,253,RT_027,1.37,253
2025-03-27 15:25:18,STORE_125,Harare_Willowvale,High Energy White,73,RT_022,1.4,73
2025-02-09 19:21:29,STORE_018,Masvingo_Branch,Soft White,112,RT_036,1.39,112
2025-07-20 12:45:39,STORE_128,Masvingo_Branch,High Energy White,98,RT_016,1.35,98
2025-07-29 14:46:28,STORE_070,Gweru_Branch,Family Loaf,148,RT_012,2.26,148
2025-01-15 10:38:00,STORE_005,Mutare_Branch,Whole Wheat,6,RT_029,1.45,6
2025-05-03 16:29:17,STORE_010,Harare_Willowvale,Family Loaf,100,RT_049,2.37,100
2025-02-01 06:49:54,STORE_036,Bindura_Depot,High Energy Brown,225,RT_034,1.24,225
2025-03-14 01:55:40,STORE_127,Marondera_Depot,Seed Loaf,59,RT_003,1.47,59
2025-02-17 21:31:26,STORE_098,Mutare_Branch,Mini Rolls 6-Pack,223,RT_003,1.16,223
2025-07-09 15:24:42,STORE_095,Harare_Willowvale,Seed Loaf,147,RT_049,1.63,147
2025-03-13 08:49:57,STORE_052,Mutare_Branch,Seed Loaf,189,RT_029,1.54,189
2025-07-30 06:51:05,STORE_004,Mutare_Branch,Soft White,228,RT_002,1.35,228
2025-05-06 12:01:46,STORE_046,Harare_Southerton,Family Loaf,144,RT_011,2.32,144
2025-04-14 17:27:29,STORE_029,Bindura_Depot,High Energy White,414,RT_012,1.28,414
2025-05-11 12:22:27,STORE_004,Harare_Southerton,High Energy White,316,RT_040,1.26,316
2025-02-14 07:55:21,STORE_038,Mutare_Branch,Mini Rolls 6-Pack,195,RT_026,1.04,195
2025-03-08 19:15:12,STORE_089,Marondera_Depot,High Energy White,79,RT_043,1.27,79
2025-05-17 01:39:32,STORE_082,Kwekwe_Depot,Mini Rolls 6-Pack,194,RT_034,1.15,194
2025-04-19 14:23:54,STORE_032,Kwekwe_Depot,Soft White,236,RT_032,1.21,236
2025-03-05 01:50:26,STORE_131,Harare_Willowvale,Wholegrain Brown,181,RT_021,1.39,181
2025-07-21 00:02:48,STORE_139,Mutare_Branch,High Energy Brown,285,RT_044,1.42,285
2025-02-11 15:57:45,STORE_084,Harare_Southerton,Soft White,150,RT_027,1.35,150
2025-04-27 09:15:14,STORE_124,Bulawayo_Branch,High Energy White,277,RT_009,1.29,277
2025-07-03 04:48:15,STORE_067,Bindura_Depot,Family Loaf,287,RT_028,2.31,287
2025-01-02 16:06:15,STORE_125,Bulawayo_Branch,Buns 6-Pack,293,RT_040,1.1,293
2025-06-06 20:38:04,STORE_025,Chitungwiza_Depot,Mini Rolls 6-Pack,150,RT_010,1.05,150
2025-02-15 10:08:02,STORE_076,Harare_Southerton,Mini Rolls 6-Pack,93,RT_048,1.15,93
2025-06-27 03:20:26,STORE_066,Mutare_Branch,Whole Wheat,105,RT_027,1.53,105
2025-03-04 20:39:19,STORE_100,Bindura_Depot,Family Loaf,280,RT_031,2.39,280
2025-02-15 11:08:14,STORE_010,Mutare_Branch,Soft White,98,RT_033,1.11,98
2025-04-19 05:27:05,STORE_007,Chitungwiza_Depot,Buns 6-Pack,313,RT_034,1.15,313
2025-04-08 03:22:19,STORE_084,Chitungwiza_Depot,Buns 6-Pack,452,RT_027,1.11,452
2025-03-13 21:56:55,STORE_050,Harare_Willowvale,Buns 6-Pack,213,RT_002,1.04,213
2025-01-25 13:04:37,STORE_076,Bindura_Depot,Whole Wheat,38,RT_041,1.45,38
2025-04-24 10:09:56,STORE_027,Kwekwe_Depot,High Energy White,277,RT_046,1.31,277
2025-04-24 11:43:56,STORE_096,Marondera_Depot,Buns 6-Pack,11,RT_003,1.09,11
2025-03-12 18:16:30,STORE_112,Harare_Southerton,SoapBar,312,RT_005,2.2,312
2025-03-10 19:59:08,STORE_018,Harare_Willowvale,Wholegrain Brown,32,RT_017,1.45,32
2025-02-01 16:09:42,STORE_074,Bindura_Depot,Whole Wheat,87,RT_024,1.5,87
2025-01-24 20:03:37,STORE_019,Harare_Southerton,High Energy Brown,269,RT_041,1.45,269
2025-03-08 12:52:57,STORE_016,Harare_Southerton,Whole Wheat,17,RT_045,1.46,17
2025-01-20 08:37:55,STORE_045,Marondera_Depot,High Energy Brown,185,RT_040,1.49,185
2025-01-13 10:36:01,STORE_131,Bulawayo_Branch,Seed Loaf,57,RT_035,1.47,57
2025-03-06 20:58:46,STORE_118,Marondera_Depot,Wholegrain Brown,273,RT_040,1.53,273
,STORE_105,Bulawayo_Branch,Wholegrain Brown,69,RT_008,1.48,69
2025-02-04 05:09:11,STORE_108,Bindura_Depot,High Energy White,206,RT_021,1.34,206
2025-05-25 00:37:23,STORE_031,Chitungwiza_Depot,Family Loaf,254,RT_040,2.31,254
2025-02-23 04:36:12,STORE_068,Mutare_Branch,High Energy White,273,RT_046,1.42,273
2025-01-02 16:12:51,STORE_033,Masvingo_Branch,High Energy White,233,RT_032,1.21,233
2025-06-27 10:09:09,STORE_112,Bindura_Depot,Mini Rolls 6-Pack,226,RT_007,1.08,226
2025-02-21 18:54:05,STORE_079,Chitungwiza_Depot,Mini Rolls 6-Pack,235,RT_003,1.17,235
2025-03-13 23:28:17,STORE_133,Marondera_Depot,Soft White,286,RT_041,1.26,286
2025-06-11 10:48:11,STORE_024,Chitungwiza_Depot,Soft White,66,RT_024,1.26,66
2025-03-26 21:18:11,STORE_064,Chitungwiza_Depot,Family Loaf,103,RT_047,2.19,103
2025-06-03 06:38:29,STORE_064,Harare_Southerton,High Energy Brown,311,RT_012,1.39,311
2025-04-02 14:11:30,STORE_070,Chitungwiza_Depot,High Energy Brown,127,RT_022,1.27,127
2025-02-20 13:06:47,STORE_072,Harare_Willowvale,Buns 6-Pack,276,RT_029,1.11,276
2025-06-09 17:12:50,STORE_002,Kwekwe_Depot,High Energy Brown,62,RT_004,1.31,62
2025-07-15 16:41:34,STORE_129,Gweru_Branch,Wholegrain Brown,20,RT_033,1.38,20
2025-04-20 02:46:15,STORE_056,Gweru_Branch,Whole Wheat,130,RT_043,,130
2025-01-21 04:12:54,STORE_021,Chitungwiza_Depot,Soft White,122,RT_021,1.39,122
2025-07-11 17:47:22,STORE_049,Masvingo_Branch,Whole Wheat,150,RT_014,1.4,150
2025-03-15 14:00:58,STORE_013,Kwekwe_Depot,Whole Wheat,171,RT_011,1.49,171
2025-07-12 20:41:28,STORE_129,Harare_Southerton,Seed Loaf,67,RT_048,1.66,67
2025-01-12 10:38:42,STORE_008,Mutare_Branch,Wholegrain Brown,98,RT_024,1.42,98
2025-04-11 01:09:07,STORE_003,Marondera_Depot,Buns 6-Pack,227,RT_028,1.12,227
2025-04-21 20:11:40,STORE_005,Bulawayo_Branch,Soft White,26,RT_037,1.38,26
2025-03-02 23:34:08,STORE_115,Bulawayo_Branch,Seed Loaf,38,RT_002,1.45,38
2025-01-31 15:36:31,STORE_058,Harare_Willowvale,Seed Loaf,10,RT_038,1.46,10
2025-05-27 20:05:57,STORE_127,Chitungwiza_Depot,Whole Wheat,118,RT_047,1.41,118
2025-06-09 20:42:21,STORE_127,Mutare_Branch,Buns 6-Pack,164,RT_044,1.23,164
2025-04-04 09:40:24,STORE_101,Harare_Willowvale,Buns 6-Pack,295,RT_026,1.02,295
2025-01-14 07:28:32,STORE_058,Bindura_Depot,Buns 6-Pack,256,RT_011,1.05,256
2025-02-13 22:36:08,STORE_114,Kwekwe_Depot,High Energy Brown,129,RT_008,1.28,129
2025-07-04 07:04:54,STORE_122,Masvingo_Branch,High Energy White,207,RT_015,1.29,207
2025-03-18 06:03:29,STORE_023,Marondera_Depot,Buns 6-Pack,95,RT_005,1.12,95
2025-03-15 19:40:01,STORE_127,Harare_Willowvale,Family Loaf,55,RT_036,2.32,55
2025-03-06 02:36:44,STORE_047,Bulawayo_Branch,High Energy Brown,195,RT_030,1.34,195
2025-05-22 11:03:02,STORE_095,Masvingo_Branch,Buns 6-Pack,166,RT_043,1.18,166
2025-02-23 12:06:16,STORE_109,Gweru_Branch,Wholegrain Brown,55,RT_013,1.34,55
2025-06-20 07:10:51,STORE_114,Marondera_Depot,Whole Wheat,243,RT_001,1.38,243
2025-02-25 08:34:43,STORE_128,Harare_Southerton,High Energy Brown,221,RT_005,1.34,221
2025-07-07 14:40:45,STORE_104,Bulawayo_Branch,Wholegrain Brown,191,RT_030,1.5,191
2025-03-24 08:57:49,STORE_087,Bulawayo_Branch,Family Loaf,258,RT_029,2.27,258
2025-03-25 09:19:36,STORE_044,Bulawayo_Branch,Buns 6-Pack,98,RT_026,1.3,98
2025-01-07 01:37:32,STORE_102,Bulawayo_Branch,Seed Loaf,182,RT_005,1.64,182
2025-05-30 05:46:45,STORE_059,Gweru_Branch,Buns 6-Pack,181,RT_028,1.28,181
2025-02-03 22:20:59,STORE_042,Masvingo_Branch,Seed Loaf,214,RT_034,1.52,214
2025-05-03 06:15:57,STORE_019,Harare_Southerton,High Energy Brown,307,RT_016,1.35,307
2025-01-22 12:46:11,STORE_044,Bindura_Depot,Family Loaf,197,RT_001,2.24,197
2025-03-06 21:37:03,STORE_044,Bindura_Depot,Soft White,111,RT_028,1.12,111
2025-02-17 08:11:24,STORE_098,Harare_Willowvale,High Energy Brown,161,RT_026,1.38,161
2025-02-11 16:15:57,STORE_074,Kwekwe_Depot,Buns 6-Pack,65,RT_001,1.22,65
2025-01-28 02:32:58,STORE_049,Bindura_Depot,Mini Rolls 6-Pack,136,RT_007,1.03,136
2025-06-28 22:56:08,STORE_097,Chitungwiza_Depot,High Energy White,44,RT_011,1.32,44
2025-05-25 01:58:25,STORE_061,Masvingo_Branch,Soft White,107,RT_034,1.32,107
2025-03-31 13:22:06,STORE_004,Kwekwe_Depot,Soft White,127,RT_024,1.28,127
2025-03-08 12:29:32,STORE_041,Marondera_Depot,Seed Loaf,179,RT_017,1.5,179
2025-04-27 07:14:16,STORE_052,Bindura_Depot,Whole Wheat,214,RT_045,1.37,214
2025-02-05 13:11:27,STORE_067,Bindura_Depot,Buns 6-Pack,315,RT_025,1.17,315
2025-02-23 06:06:39,STORE_115,Bulawayo_Branch,High Energy Brown,80,RT_017,1.37,80
2025-07-05 05:36:33,STORE_081,Harare_Southerton,Buns 6-Pack,46,RT_011,1.1,46
2025-07-07 07:17:32,STORE_139,Mutare_Branch,Buns 6-Pack,23,RT_013,1.25,23
2025-04-29 17:04:26,STORE_095,Gweru_Branch,Seed Loaf,314,RT_025,1.51,314
2025-04-18 02:25:17,STORE_128,Masvingo_Branch,High Energy White,302,RT_045,1.45,302
2025-04-13 21:07:16,STORE_101,Marondera_Depot,Soft White,103,RT_035,1.2,103
2025-04-30 07:41:43,STORE_110,Gweru_Branch,Mini Rolls 6-Pack,194,RT_027,0.96,194
2025-03-01 16:56:10,STORE_004,Mutare_Branch,Soft White,308,RT_031,1.22,308
2025-02-25 06:37:13,STORE_127,Masvingo_Branch,Mini Rolls 6-Pack,253,RT_008,0.94,253
2025-03-18 01:25:20,STORE_095,Harare_Willowvale,Buns 6-Pack,230,RT_035,1.12,230
2025-07-26 22:14:43,STORE_134,Harare_Southerton,High Energy Brown,56,RT_029,1.41,56
2025-05-27 10:23:52,STORE_101,Chitungwiza_Depot,High Energy White,307,RT_039,1.3,307
2025-01-13 02:37:31,STORE_005,Marondera_Depot,High Energy White,45,RT_038,1.35,45
2025-02-12 12:25:47,STORE_030,Gweru_Branch,Seed Loaf,149,RT_028,1.66,149
2025-04-30 11:51:05,STORE_097,Bindura_Depot,Seed Loaf,148,RT_019,1.45,148
2025-03-14 03:32:30,STORE_087,Mutare_Branch,Seed Loaf,263,RT_019,1.61,263
2025-01-10 09:11:53,STORE_135,Bindura_Depot,Whole Wheat,175,RT_011,1.38,175
,STORE_083,Gweru_Branch,Seed Loaf,236,RT_044,1.6,236
2025-02-13 03:50:46,STORE_036,Bulawayo_Branch,Wholegrain Brown,115,RT_024,1.3,115
2025-06-25 21:33:21,STORE_125,Harare_Willowvale,Mini Rolls 6-Pack,96,RT_030,1.1,96
2025-03-15 00:50:08,STORE_049,Marondera_Depot,High Energy Brown,302,RT_037,1.25,302
2025-05-27 01:38:35,STORE_096,Harare_Southerton,Coke500ml,211,RT_029,1.41,211
2025-06-22 23:27:05,STORE_088,Bindura_Depot,Whole Wheat,82,RT_046,1.57,82
2025-02-24 20:18:27,STORE_034,Harare_Willowvale,Wholegrain Brown,105,RT_037,1.53,105
2025-03-05 13:59:30,STORE_082,Bindura_Depot,High Energy Brown,298,RT_006,1.39,298
2025-05-15 17:15:36,STORE_133,Harare_Southerton,High Energy Brown,83,RT_037,1.38,83
2025-05-28 18:54:36,STORE_004,Marondera_Depot,Soft White,253,RT_041,1.3,253
2025-04-22 09:00:23,STORE_088,Harare_Southerton,Seed Loaf,233,RT_009,1.58,233
2025-05-31 19:48:13,STORE_094,Bindura_Depot,Wholegrain Brown,201,RT_024,1.56,201
2025-01-06 16:23:56,STORE_033,Masvingo_Branch,Soft White,413,RT_030,1.12,413
2025-05-22 22:12:58,STORE_088,Marondera_Depot,Whole Wheat,160,RT_047,1.47,160
2025-07-25 00:23:20,STORE_075,Masvingo_Branch,Family Loaf,221,RT_013,2.27,221
2025-06-25 18:09:53,STORE_138,Harare_Willowvale,Family Loaf,168,RT_037,2.19,168
2025-07-17 04:20:17,STORE_088,Kwekwe_Depot,Mini Rolls 6-Pack,134,RT_049,1.16,134
2025-04-06 20:37:50,STORE_084,Kwekwe_Depot,Whole Wheat,129,RT_010,1.4,129
2025-02-06 05:26:25,STORE_061,Chitungwiza_Depot,Wholegrain Brown,290,RT_038,1.34,290
2025-05-20 09:38:22,STORE_075,Chitungwiza_Depot,Wholegrain Brown,102,RT_019,1.52,102
2025-06-28 22:07:54,STORE_028,Bulawayo_Branch,Family Loaf,295,RT_004,2.33,295
2025-05-24 21:31:18,STORE_067,Masvingo_Branch,Seed Loaf,147,RT_032,1.68,147
2025-03-06 07:02:53,STORE_008,Harare_Willowvale,Whole Wheat,131,RT_025,1.6,131
2025-02-15 04:24:29,STORE_101,Gweru_Branch,High Energy Brown,187,RT_013,1.45,187
2025-05-20 01:32:11,STORE_044,Bulawayo_Branch,Wholegrain Brown,148,RT_025,1.4,148
2025-06-23 06:32:50,STORE_086,,High Energy Brown,265,RT_024,1.31,265
2025-05-19 13:04:42,STORE_064,Kwekwe_Depot,High Energy White,64,RT_024,1.43,64
2025-03-07 22:01:05,STORE_034,Harare_Willowvale,Seed Loaf,52,RT_029,1.45,52
2025-01-02 14:16:39,STORE_003,Masvingo_Branch,Seed Loaf,40,RT_019,1.69,40
2025-06-13 23:13:45,STORE_056,Kwekwe_Depot,Wholegrain Brown,202,RT_033,1.52,202
2025-07-03 06:23:33,STORE_048,Harare_Willowvale,High Energy White,46,RT_002,1.38,46
2025-05-28 01:17:29,STORE_068,Chitungwiza_Depot,Buns 6-Pack,179,RT_039,1.21,179
2025-05-07 23:25:23,STORE_137,Gweru_Branch,Whole Wheat,49,RT_043,1.52,49
2025-06-30 01:40:08,STORE_135,Chitungwiza_Depot,Seed Loaf,197,RT_039,1.66,197
2025-03-10 20:43:02,STORE_048,Gweru_Branch,Mini Rolls 6-Pack,20,RT_035,0.92,20
2025-01-31 21:41:51,STORE_013,Harare_Willowvale,Buns 6-Pack,193,RT_002,1.2,193
2025-04-29 22:03:41,STORE_067,Marondera_Depot,Whole Wheat,297,RT_017,1.57,297
2025-04-25 11:23:53,STORE_023,Bindura_Depot,High Energy Brown,45,RT_037,1.36,45
2025-06-05 17:25:48,STORE_031,Harare_Southerton,High Energy White,127,RT_030,1.4,127
2025-04-09 16:46:14,STORE_061,Masvingo_Branch,Family Loaf,308,RT_009,2.37,308
2025-07-24 04:47:26,STORE_080,Harare_Willowvale,Whole Wheat,188,RT_028,1.63,188
2025-02-18 08:32:07,STORE_020,Marondera_Depot,Mini Rolls 6-Pack,168,RT_014,1.0,168
2025-06-07 06:29:24,STORE_095,Gweru_Branch,High Energy Brown,189,RT_038,1.34,189
2025-03-26 06:13:15,STORE_100,Gweru_Branch,Seed Loaf,148,RT_015,1.47,148
2025-03-10 17:48:54,STORE_135,Harare_Southerton,Soft White,24,RT_007,1.34,24
2025-07-14 12:18:05,STORE_026,Mutare_Branch,High Energy White,55,RT_002,1.38,55
2025-07-26 03:28:04,STORE_049,Mutare_Branch,Buns 6-Pack,119,RT_019,1.03,119
2025-06-21 10:25:34,STORE_098,Gweru_Branch,Family Loaf,74,RT_020,2.28,74
2025-05-27 20:58:41,STORE_121,Gweru_Branch,Soft White,227,RT_039,1.19,227
2025-07-06 14:21:07,STORE_096,Masvingo_Branch,Mini Rolls 6-Pack,29,RT_014,1.08,29
2025-04-25 13:34:05,STORE_056,Gweru_Branch,Seed Loaf,223,RT_037,1.41,223
2025-03-13 12:24:24,STORE_029,Harare_Willowvale,High Energy Brown,137,RT_030,1.38,137
2025-02-15 09:41:14,STORE_037,Kwekwe_Depot,High Energy White,241,RT_016,1.48,241
2025-05-07 03:09:48,STORE_022,Gweru_Branch,Mini Rolls 6-Pack,90,RT_048,0.95,90
2025-03-18 16:39:39,STORE_002,Mutare_Branch,High Energy Brown,259,RT_009,1.35,259
2025-05-05 21:38:38,STORE_016,Bindura_Depot,High Energy White,250,RT_027,1.32,250
2025-01-11 14:22:47,STORE_132,Chitungwiza_Depot,High Energy Brown,26,RT_001,1.36,26
2025-05-12 05:04:57,STORE_020,Kwekwe_Depot,High Energy Brown,259,RT_008,1.28,259
2025-07-25 01:47:04,STORE_018,Mutare_Branch,High Energy Brown,48,RT_021,1.44,48
2025-06-11 19:45:28,STORE_023,Harare_Southerton,Whole Wheat,50,RT_005,1.5,50
2025-05-12 02:49:29,STORE_133,Kwekwe_Depot,Seed Loaf,55,RT_011,1.7,55
2025-07-29 21:24:29,STORE_082,Masvingo_Branch,Soft White,134,RT_041,1.13,134
2025-03-06 20:14:19,STORE_130,Kwekwe_Depot,Family Loaf,85,RT_023,2.35,85
2025-05-25 21:10:01,STORE_031,Bindura_Depot,Family Loaf,75,RT_043,2.35,75
2025-04-23 09:23:42,STORE_022,Kwekwe_Depot,Soft White,228,RT_002,1.3,228
2025-03-17 12:37:18,STORE_103,Masvingo_Branch,Whole Wheat,269,RT_033,1.36,269
2025-07-10 21:16:15,STORE_066,Gweru_Branch,High Energy White,299,RT_032,1.37,299
2025-03-09 00:32:20,STORE_011,Harare_Willowvale,Family Loaf,76,RT_044,2.21,76
2025-02-25 00:21:32,STORE_053,Harare_Willowvale,Whole Wheat,174,RT_015,1.55,174
2025-01-23 00:10:12,STORE_004,Bindura_Depot,Whole Wheat,183,RT_027,1.46,183
2025-03-22 04:16:56,STORE_024,Marondera_Depot,Buns 6-Pack,219,RT_025,1.09,219
2025-03-02 10:33:15,STORE_072,Chitungwiza_Depot,SoftWhite,78,RT_038,1.24,78
2025-04-18 15:35:40,STORE_091,Chitungwiza_Depot,High Energy White,207,RT_039,1.48,207
2025-05-01 17:45:29,STORE_040,Kwekwe_Depot,Family Loaf,124,RT_023,2.18,124
2025-05-28 04:00:28,STORE_005,Kwekwe_Depot,Buns 6-Pack,127,RT_002,1.06,127
2025-01-27 16:05:10,STORE_139,Mutare_Branch,Buns 6-Pack,286,RT_017,1.13,286
2025-03-28 09:26:10,STORE_107,Harare_Southerton,Wholegrain Brown,124,RT_013,1.4,124
2025-01-17 06:05:30,STORE_122,Mutare_Branch,Wholegrain Brown,267,RT_012,1.39,267
2025-06-29 21:16:51,STORE_136,Kwekwe_Depot,Wholegrain Brown,14,RT_024,1.57,14
2025-04-24 05:57:13,STORE_116,Chitungwiza_Depot,Mini Rolls 6-Pack,18,RT_013,0.97,18
2025-04-26 14:49:09,STORE_071,Marondera_Depot,High Energy White,216,RT_025,1.35,216
2025-06-09 13:03:32,STORE_130,Bindura_Depot,Buns 6-Pack,71,RT_002,1.22,71
2025-04-02 16:41:45,STORE_030,Chitungwiza_Depot,Wholegrain Brown,222,RT_014,1.6,222
2025-07-06 05:46:24,STORE_112,Harare_Willowvale,High Energy Brown,307,RT_031,1.39,307
2025-04-14 04:52:06,STORE_029,Gweru_Branch,Whole Wheat,191,RT_019,1.48,191
2025-04-08 23:20:48,STORE_092,Masvingo_Branch,Whole Wheat,277,RT_023,1.4,277
2025-03-22 01:22:30,STORE_040,Harare_Willowvale,Seed Loaf,126,RT_004,1.58,126
2025-03-28 18:19:00,STORE_100,Chitungwiza_Depot,High Energy White,159,RT_012,1.41,159
2025-04-21 11:27:37,STORE_073,Marondera_Depot,Soft White,108,RT_008,1.12,108
2025-02-02 07:42:17,STORE_083,Kwekwe_Depot,High Energy Brown,97,RT_016,1.28,97
2025-05-22 16:50:26,STORE_137,Kwekwe_Depot,Mini Rolls 6-Pack,193,RT_038,1.14,193
2025-07-28 15:21:03,STORE_108,Harare_Willowvale,Buns 6-Pack,233,RT_045,1.07,233
2025-05-08 19:49:02,STORE_079,Kwekwe_Depot,Wholegrain Brown,260,RT_002,1.34,260
2025-06-10 13:58:10,STORE_139,Bindura_Depot,High Energy White,217,RT_038,1.43,217
2025-04-08 10:26:25,STORE_013,Chitungwiza_Depot,Soft White,190,RT_031,1.36,190
2025-01-10 04:56:55,STORE_056,Harare_Southerton,High Energy White,193,RT_002,1.35,193
2025-07-06 06:19:50,STORE_034,Mutare_Branch,Wholegrain Brown,310,RT_031,1.55,310
2025-01-15 12:52:39,STORE_057,Mutare_Branch,Buns 6-Pack,184,RT_023,1.29,184
2025-03-10 06:34:45,STORE_042,Harare_Southerton,Soft White,252,RT_035,1.31,252
2025-05-06 04:22:03,STORE_123,Chitungwiza_Depot,Mini Rolls 6-Pack,88,RT_049,1.07,88
2025-04-24 11:41:41,STORE_076,Bindura_Depot,Buns 6-Pack,172,RT_026,1.28,172
2025-03-17 21:45:47,STORE_097,Bulawayo_Branch,Mini Rolls 6-Pack,249,RT_023,1.13,249
2025-07-12 00:02:03,STORE_019,Bulawayo_Branch,Wholegrain Brown,119,RT_048,1.52,119
2025-12-05 00:00:00,STORE_094,Kwekwe_Depot,Buns 6-Pack,23,RT_043,1.22,23
2025-05-04 12:09:37,STORE_027,Mutare_Branch,Mini Rolls 6-Pack,173,RT_044,1.09,173
2025-03-12 01:17:57,STORE_019,Marondera_Depot,Buns 6-Pack,63,RT_048,1.28,63
2025-03-18 11:54:40,STORE_123,Bulawayo_Branch,Seed Loaf,137,RT_001,1.67,137
2025-07-17 17:42:07,STORE_068,Bulawayo_Branch,Wholegrain Brown,59,RT_033,1.39,59
2025-03-28 16:38:02,STORE_012,Marondera_Depot,High Energy White,193,RT_011,1.5,193
2025-05-10 12:32:31,STORE_113,Mutare_Branch,High Energy White,5,RT_034,1.27,5
2025-07-04 13:57:08,STORE_077,Bindura_Depot,Soft White,28,RT_010,1.19,28
2025-01-08 07:43:41,STORE_055,Chitungwiza_Depot,Buns 6-Pack,284,RT_049,1.04,284
2025-02-08 03:12:22,STORE_131,Marondera_Depot,Seed Loaf,194,RT_011,1.48,194
2025-06-21 21:09:58,STORE_053,Harare_Willowvale,Soft White,90,RT_016,1.13,90
2025-02-03 13:25:29,STORE_085,Gweru_Branch,Family Loaf,204,RT_002,2.24,204
2025-04-22 20:39:05,STORE_126,Gweru_Branch,High Energy Brown,205,RT_028,1.48,205
2025-04-09 17:35:08,STORE_078,Kwekwe_Depot,High Energy Brown,248,RT_011,1.22,248
2025-01-07 09:23:46,STORE_017,Marondera_Depot,Soft White,177,RT_026,1.33,177
2025-04-06 08:18:01,STORE_126,Marondera_Depot,Wholegrain Brown,47,RT_031,1.58,47
2025-06-03 02:05:02,STORE_137,Bindura_Depot,High Energy White,222,RT_034,1.23,222
2025-03-23 17:43:35,STORE_015,Kwekwe_Depot,High Energy White,141,RT_038,1.45,141
2025-03-28 17:06:30,STORE_023,Harare_Southerton,Wholegrain Brown,283,RT_023,1.44,283
2025-04-10 03:24:33,STORE_083,Kwekwe_Depot,Whole Wheat,203,RT_040,1.45,203
2025-05-07 17:20:52,STORE_040,Marondera_Depot,Wholegrain Brown,256,RT_036,1.53,256
2025-01-31 13:18:49,STORE_001,Mutare_Branch,Seed Loaf,132,,1.53,132
2025-05-13 21:53:01,STORE_014,Masvingo_Branch,Buns 6-Pack,235,RT_003,1.01,235
2025-07-24 03:50:35,STORE_073,Bulawayo_Branch,High Energy White,254,RT_048,1.42,254
2025-06-18 16:24:08,STORE_113,Mutare_Branch,Soft White,155,RT_027,1.23,155
2025-07-02 23:14:18,STORE_042,Marondera_Depot,High Energy White,214,RT_040,1.38,214
2025-04-13 11:36:44,STORE_035,Harare_Willowvale,Wholegrain Brown,80,RT_019,1.3,80
2025-03-01 20:23:08,STORE_119,Marondera_Depot,Family Loaf,276,RT_026,2.25,276
2025-02-10 07:27:17,STORE_130,Harare_Southerton,Buns 6-Pack,157,RT_022,1.02,157
2025-06-08 06:57:06,STORE_042,Bindura_Depot,Family Loaf,62,RT_016,2.29,62
2025-01-25 19:29:41,STORE_123,Chitungwiza_Depot,High Energy Brown,183,RT_022,1.33,183
2025-04-04 23:22:43,STORE_036,Bindura_Depot,High Energy Brown,228,RT_021,1.45,228
2025-07-24 04:10:19,STORE_121,Chitungwiza_Depot,Family Loaf,210,RT_033,2.32,210
2025-03-06 15:11:03,STORE_077,Harare_Southerton,High Energy White,294,RT_017,1.41,294
2025-02-18 22:25:39,STORE_102,Bulawayo_Branch,Whole Wheat,102,RT_031,1.59,102
2025-07-12 00:23:09,STORE_084,Gweru_Branch,High Energy White,286,RT_022,1.42,286
2025-07-12 11:31:04,STORE_010,Harare_Willowvale,Buns 6-Pack,276,RT_022,1.09,276
2025-01-07 20:59:35,STORE_027,Kwekwe_Depot,Seed Loaf,312,RT_013,1.4,312
2025-07-15 23:18:28,STORE_138,Harare_Southerton,Buns 6-Pack,63,RT_007,1.12,63
2025-02-01 10:19:08,STORE_030,Kwekwe_Depot,Family Loaf,96,RT_012,2.12,96
2025-01-01 18:06:37,STORE_059,Bindura_Depot,Whole Wheat,207,RT_048,1.39,207
2025-06-04 04:09:51,STORE_137,Masvingo_Branch,High Energy Brown,150,RT_014,1.3,150
2025-04-17 14:59:27,STORE_128,Bindura_Depot,High Energy White,101,RT_018,1.22,101
2025-06-28 18:13:36,STORE_133,Harare_Willowvale,Family Loaf,217,RT_021,2.33,217
2025-07-09 07:09:59,STORE_076,Chitungwiza_Depot,Buns 6-Pack,314,RT_002,1.24,314
2025-06-07 01:15:32,STORE_022,,High Energy Brown,19,RT_032,1.39,19
2025-01-25 18:52:29,STORE_054,Harare_Southerton,Mini Rolls 6-Pack,140,RT_001,1.17,140
2025-03-09 07:01:44,STORE_096,Gweru_Branch,Mini Rolls 6-Pack,315,RT_039,1.11,315
2025-06-28 04:37:12,STORE_056,Chitungwiza_Depot,Buns 6-Pack,122,RT_028,1.14,122
2025-05-01 16:25:48,STORE_105,Harare_Southerton,Family Loaf,147,RT_030,2.2,147
2025-02-13 16:22:30,STORE_039,Harare_Willowvale,Wholegrain Brown,269,RT_018,1.42,269
2025-03-11 20:43:27,STORE_024,Bindura_Depot,Soft White,194,RT_030,1.22,194
2025-02-09 12:50:14,STORE_044,Masvingo_Branch,High Energy White,101,RT_017,1.34,101
2025-03-05 09:37:15,STORE_054,Masvingo_Branch,Wholegrain Brown,79,RT_012,1.55,79
2025-05-15 22:52:23,STORE_045,Chitungwiza_Depot,High Energy White,263,RT_019,1.42,263
2025-02-10 01:07:34,STORE_009,Harare_Willowvale,Wholegrain Brown,293,RT_017,1.35,293
2025-05-10 12:58:24,STORE_062,Mutare_Branch,High Energy White,14,RT_024,1.35,14
2025-03-23 12:07:29,STORE_007,Chitungwiza_Depot,Seed Loaf,319,RT_047,1.48,319
2025-02-02 03:49:10,STORE_115,Harare_Southerton,Wholegrain Brown,168,RT_049,1.48,168
2025-04-28 23:24:41,STORE_070,Chitungwiza_Depot,Family Loaf,145,RT_040,2.28,145
2025-03-23 17:05:03,STORE_091,Masvingo_Branch,Mini Rolls 6-Pack,244,RT_008,0.99,244
2025-06-25 01:53:55,STORE_106,Chitungwiza_Depot,Soft White,86,RT_008,1.37,86
2025-02-16 14:39:47,STORE_064,Masvingo_Branch,Mini Rolls 6-Pack,258,RT_016,1.04,258
2025-05-04 05:58:28,STORE_041,Chitungwiza_Depot,Seed Loaf,173,RT_032,1.57,173
2025-06-13 06:41:02,STORE_135,Kwekwe_Depot,Soft White,216,RT_040,1.31,216
2025-06-27 05:30:15,STORE_044,Gweru_Branch,Family Loaf,90,RT_004,2.29,90
2025-03-13 16:45:02,STORE_112,Kwekwe_Depot,High Energy White,238,RT_037,1.47,238
2025-03-20 00:00:00,STORE_120,Bulawayo_Branch,High Energy White,190,RT_043,1.43,190
2025-02-16 22:23:52,STORE_003,Gweru_Branch,Wholegrain Brown,6,RT_006,1.49,6
2025-01-13 05:58:55,STORE_026,Harare_Southerton,Seed Loaf,280,RT_041,1.45,280
2025-02-28 19:44:41,STORE_102,Harare_Willowvale,High Energy Brown,143,RT_006,1.47,143
2025-06-12 01:30:07,STORE_030,Harare_Willowvale,High Energy White,214,RT_015,1.47,214
,STORE_066,Harare_Southerton,Mini Rolls 6-Pack,49,RT_025,1.08,49
2025-01-18 06:37:49,STORE_077,Bulawayo_Branch,High Energy Brown,258,RT_018,1.23,258
2025-03-07 23:26:06,STORE_033,Masvingo_Branch,Seed Loaf,263,RT_015,1.45,263
2025-02-13 11:21:22,STORE_091,Harare_Southerton,Soft White,44,RT_012,1.37,44
2025-06-27 18:16:29,STORE_080,Harare_Willowvale,Family Loaf,174,RT_043,2.19,174
2025-05-20 16:54:55,STORE_030,Harare_Southerton,Wholegrain Brown,137,RT_043,1.39,137
2025-03-12 14:57:45,STORE_002,Masvingo_Branch,High Energy White,250,RT_028,1.25,250
2025-06-23 18:34:21,STORE_043,Chitungwiza_Depot,Soft White,175,RT_011,1.36,175
2025-04-17 08:39:49,STORE_109,Gweru_Branch,Whole Wheat,30,RT_044,1.64,30
2025-01-02 10:42:12,STORE_071,Bulawayo_Branch,High Energy Brown,7,RT_041,1.25,7
2025-01-11 17:50:52,STORE_112,Kwekwe_Depot,Seed Loaf,290,RT_016,1.47,290
2025-06-21 19:44:08,STORE_016,Chitungwiza_Depot,Family Loaf,286,RT_006,2.39,286
2025-07-08 05:50:30,STORE_072,Harare_Willowvale,High Energy White,187,RT_025,1.46,187
2025-03-05 05:26:02,STORE_113,Marondera_Depot,Whole Wheat,142,RT_009,1.43,142
2025-01-15 04:51:43,STORE_006,Bindura_Depot,Wholegrain Brown,232,RT_033,1.55,232
2025-07-12 11:11:24,STORE_032,Kwekwe_Depot,Whole Whet,100,RT_024,1.59,100
2025-05-16 11:09:05,STORE_071,Harare_Southerton,High Energy White,71,RT_042,1.29,71
2025-03-16 15:35:20,STORE_083,Mutare_Branch,High Energy White,59,RT_018,1.34,59
2025-02-12 15:11:00,STORE_114,Gweru_Branch,Family Loaf,143,RT_016,2.14,143
2025-07-04 21:06:35,STORE_046,Kwekwe_Depot,Mini Rolls 6-Pack,132,RT_042,1.11,132
2025-06-24 04:25:02,STORE_021,Mutare_Branch,Wholegrain Brown,237,RT_013,1.49,237
2025-04-07 00:17:25,STORE_062,Marondera_Depot,Buns 6-Pack,185,RT_020,1.1,185
2025-03-20 00:00:00,STORE_031,Harare_Willowvale,Mini Rolls 6-Pack,29,RT_041,1.02,29
2025-02-17 02:33:48,STORE_005,Kwekwe_Depot,Seed Loaf,315,RT_038,1.65,315
2025-04-24 13:19:01,STORE_006,Harare_Willowvale,Buns 6-Pack,173,RT_021,1.17,173
2025-01-02 08:25:39,STORE_040,Chitungwiza_Depot,Soft White,97,RT_022,1.38,97
2025-04-26 00:52:19,STORE_091,Kwekwe_Depot,Buns 6-Pack,275,RT_028,1.3,275
2025-07-11 10:45:07,STORE_105,Masvingo_Branch,Wholegrain Brown,154,RT_032,1.37,154
2025-05-08 22:18:24,STORE_120,Masvingo_Branch,Family Loaf,155,RT_044,2.2,155
2025-06-30 22:50:28,STORE_077,Mutare_Branch,Wholegrain Brown,262,RT_040,1.42,262
2025-06-07 23:38:10,STORE_073,Chitungwiza_Depot,Buns 6-Pack,95,RT_023,1.05,95
2025-03-11 23:10:01,STORE_111,Bulawayo_Branch,High Energy Brown,100,RT_047,1.47,100
2025-01-05 03:32:29,STORE_009,Kwekwe_Depot,Seed Loaf,186,RT_046,1.69,186
2025-05-26 18:42:59,STORE_007,Bindura_Depot,High Energy White,232,RT_025,1.33,232
2025-12-05 00:00:00,STORE_049,Gweru_Branch,Family Loaf,12,RT_009,2.14,12
2025-07-22 22:21:35,STORE_091,Bindura_Depot,High Energy White,215,RT_032,1.28,215
2025-04-08 04:18:39,STORE_076,Mutare_Branch,Mini Rolls 6-Pack,276,RT_048,1.15,276
2025-04-17 01:18:02,STORE_024,Bindura_Depot,Whole Wheat,276,RT_042,1.53,276
2025-01-26 19:37:33,STORE_036,Masvingo_Branch,Buns 6-Pack,230,RT_047,1.03,230
2025-05-03 09:26:51,STORE_125,Masvingo_Branch,Seed Loaf,256,RT_007,1.48,256
2025-06-28 13:50:51,STORE_045,Chitungwiza_Depot,High Energy White,23,RT_041,1.48,23
2025-05-10 05:53:45,STORE_059,Bindura_Depot,Mini Rolls 6-Pack,194,RT_007,0.98,194
2025-03-07 18:00:20,STORE_030,Bindura_Depot,Mini Rolls 6-Pack,124,RT_022,0.95,124
2025-01-24 11:26:06,STORE_007,Chitungwiza_Depot,High Energy Brown,70,RT_049,1.32,70
2025-02-10 15:04:11,STORE_109,Masvingo_Branch,Soft White,38,RT_030,1.19,38
2025-04-26 05:10:57,STORE_052,Harare_Willowvale,Wholegrain Brown,223,RT_038,1.48,223
2025-03-12 13:12:41,STORE_130,Bulawayo_Branch,Soft White,254,RT_016,1.19,254
2025-03-24 04:18:02,STORE_115,Harare_Willowvale,Buns 6-Pack,245,RT_042,1.22,245
2025-06-10 16:06:23,STORE_065,Kwekwe_Depot,High Energy White,24,RT_020,1.25,24
2025-04-28 19:50:32,STORE_042,Marondera_Depot,Family Loaf,11,RT_021,2.22,11
2025-01-21 09:01:51,STORE_071,Marondera_Depot,Wholegrain Brown,205,RT_002,1.52,205
2025-01-13 23:43:27,STORE_044,Marondera_Depot,Soft White,174,RT_027,1.16,174
2025-02-10 19:45:10,STORE_124,Gweru_Branch,Whole Wheat,84,RT_018,1.42,84
2025-07-20 17:04:43,STORE_069,Marondera_Depot,Soft White,242,RT_014,1.25,242
2025-06-25 09:05:35,STORE_090,Bulawayo_Branch,High Energy Brown,121,RT_048,1.41,121
2025-04-22 18:35:56,STORE_046,Gweru_Branch,Whole Wheat,199,RT_001,1.52,199
2025-02-14 11:20:11,STORE_082,Mutare_Branch,Buns 6-Pack,310,RT_025,1.26,310
2025-06-22 06:04:54,STORE_106,Bulawayo_Branch,Buns 6-Pack,79,RT_048,1.14,79
2025-02-23 05:06:17,STORE_067,Bindura_Depot,Mini Rolls 6-Pack,228,RT_024,1.07,228
2025-05-08 16:24:33,STORE_091,Kwekwe_Depot,Seed Loaf,139,RT_034,1.59,139
2025-03-02 14:46:36,STORE_089,Bulawayo_Branch,Mini Rolls 6-Pack,303,RT_038,1.03,303
2025-05-01 19:34:39,STORE_071,Gweru_Branch,Seed Loaf,127,RT_023,1.47,127
2025-06-02 23:51:31,STORE_064,Kwekwe_Depot,Family Loaf,236,RT_009,2.39,236
2025-02-11 18:41:24,STORE_108,Chitungwiza_Depot,Whole Wheat,18,RT_028,1.6,18
2025-01-14 20:18:31,STORE_081,Gweru_Branch,Seed Loaf,258,RT_020,1.56,258
2025-07-26 21:31:58,STORE_083,Kwekwe_Depot,Wholegrain Brown,100,RT_026,1.55,100
2025-02-09 10:05:14,STORE_006,Chitungwiza_Depot,Wholegrain Brown,313,RT_042,1.41,313
2025-06-29 20:08:42,STORE_111,Harare_Southerton,Family Loaf,299,RT_007,2.24,299
2025-04-14 01:25:37,STORE_058,Chitungwiza_Depot,High Energy White,215,RT_004,1.49,215
2025-05-18 17:10:51,STORE_084,Harare_Southerton,Wholegrain Brown,145,RT_010,1.44,145
2025-02-28 10:30:25,STORE_014,Chitungwiza_Depot,Buns 6-Pack,176,RT_024,1.19,176
2025-01-25 03:30:13,STORE_057,Marondera_Depot,High Energy Brown,99,RT_011,1.3,99
2025-03-26 03:01:56,STORE_025,,Buns 6-Pack,174,RT_020,1.25,174
2025-05-13 14:44:20,STORE_069,Marondera_Depot,HighEnergyWhite,289,RT_018,1.38,289
2025-02-09 11:33:56,STORE_017,Marondera_Depot,Mini Rolls 6-Pack,246,RT_046,1.16,246
2025-05-17 17:34:45,STORE_110,Marondera_Depot,Buns 6-Pack,175,RT_031,1.25,175
2025-01-18 22:36:24,STORE_137,Mutare_Branch,Buns 6-Pack,148,RT_039,1.26,148
2025-05-27 21:19:41,STORE_093,Kwekwe_Depot,Buns 6-Pack,8,RT_016,1.13,8
2025-04-27 21:39:09,STORE_078,Marondera_Depot,Wholegrain Brown,84,RT_046,1.54,84
2025-05-04 00:01:21,STORE_036,Mutare_Branch,Family Loaf,63,RT_034,2.15,63
2025-06-22 07:17:15,STORE_023,Kwekwe_Depot,High Energy White,218,RT_006,,218
2025-04-02 19:08:49,STORE_004,Chitungwiza_Depot,Wholegrain Brown,157,RT_021,1.36,157
2025-01-31 00:17:30,STORE_043,Chitungwiza_Depot,Whole Wheat,10,RT_012,1.64,10
2025-02-17 11:19:59,STORE_124,Masvingo_Branch,Soft White,63,RT_005,1.19,63
2025-04-27 06:10:50,STORE_007,Gweru_Branch,Buns 6-Pack,173,RT_029,1.08,173
2025-02-03 04:04:53,STORE_095,Marondera_Depot,Whole Wheat,236,RT_035,1.45,236
2025-04-24 20:41:35,STORE_060,Masvingo_Branch,Whole Wheat,105,RT_049,1.56,105
2025-06-23 03:34:51,STORE_070,Bulawayo_Branch,Seed Loaf,98,RT_005,1.66,98
2025-06-18 04:02:00,STORE_138,Chitungwiza_Depot,High Energy Brown,85,RT_011,1.21,85
2025-05-24 15:46:08,STORE_036,Gweru_Branch,Seed Loaf,126,RT_034,1.6,126
2025-01-22 06:57:13,STORE_003,Harare_Willowvale,Wholegrain Brown,288,RT_047,1.48,288
2025-06-29 00:31:28,STORE_003,Harare_Southerton,Wholegrain Brown,176,RT_027,1.6,176
2025-06-01 23:21:23,STORE_044,Bulawayo_Branch,Buns 6-Pack,213,RT_017,1.05,213
2025-05-10 12:15:41,STORE_057,Masvingo_Branch,Whole Wheat,55,RT_027,1.46,55
2025-07-09 16:03:32,STORE_017,Chitungwiza_Depot,Seed Loaf,4,RT_046,1.43,4
2025-05-31 20:54:05,STORE_025,Harare_Willowvale,Soft White,4,RT_004,1.18,4
2025-04-07 10:58:40,STORE_112,Harare_Willowvale,Wholegrain Brown,266,RT_016,1.41,266
2025-05-31 17:25:04,STORE_131,Kwekwe_Depot,Whole Wheat,176,RT_010,1.41,176
2025-07-09 08:06:32,STORE_015,Marondera_Depot,Family Loaf,47,RT_047,2.37,47
2025-07-01 11:26:44,STORE_138,Bulawayo_Branch,Buns 6-Pack,276,RT_001,1.19,276
2025-04-07 15:57:50,STORE_040,Bindura_Depot,Seed Loaf,205,RT_007,1.53,205
2025-02-14 08:38:53,STORE_019,Masvingo_Branch,Buns 6-Pack,286,RT_045,1.24,286
2025-06-30 02:19:03,STORE_063,Harare_Southerton,Wholegrain Brown,237,RT_004,1.36,237
2025-03-08 18:14:36,STORE_015,Masvingo_Branch,High Energy White,305,RT_023,1.23,305
2025-04-05 01:41:18,STORE_057,Gweru_Branch,Wholegrain Brown,67,RT_026,1.51,67
2025-06-09 08:23:27,STORE_035,Marondera_Depot,High Energy White,143,RT_037,1.27,143
2025-05-23 16:36:56,STORE_101,Bulawayo_Branch,Buns 6-Pack,134,RT_010,1.05,134
2025-03-09 17:59:44,STORE_014,Gweru_Branch,Family Loaf,132,RT_048,2.37,132
2025-07-21 14:16:02,STORE_044,Chitungwiza_Depot,High Energy Brown,195,RT_035,1.38,195
2025-06-02 19:00:20,STORE_138,Masvingo_Branch,High Energy Brown,90,RT_027,1.3,90
2025-03-08 14:42:07,STORE_072,Bulawayo_Branch,Mini Rolls 6-Pack,199,RT_002,0.95,199
2025-05-31 04:23:20,STORE_069,Mutare_Branch,Seed Loaf,193,RT_040,1.53,193
2025-06-11 01:40:10,STORE_092,Mutare_Branch,Soft White,50,RT_031,1.35,50
2025-05-07 03:55:18,STORE_098,Bindura_Depot,Soft White,221,RT_019,1.37,221
2025-05-23 10:51:05,STORE_070,Masvingo_Branch,Seed Loaf,309,RT_024,1.67,309
2025-04-10 19:43:22,STORE_021,Bulawayo_Branch,Family Loaf,239,RT_020,2.39,239
2025-01-09 04:34:49,STORE_040,Kwekwe_Depot,Family Loaf,175,RT_041,2.18,175
2025-01-04 17:13:19,STORE_101,Bulawayo_Branch,HighEnergyBrown,19,RT_047,1.47,19
2025-07-22 22:05:27,STORE_042,Gweru_Branch,Seed Loaf,112,RT_005,1.7,112
2025-07-07 00:38:02,STORE_071,Marondera_Depot,High Energy Brown,184,RT_004,1.22,184
2025-04-10 19:19:05,STORE_134,Masvingo_Branch,Mini Rolls 6-Pack,262,RT_025,0.96,262
2025-05-14 12:15:46,STORE_074,Gweru_Branch,High Energy White,89,RT_026,1.3,89
2025-05-25 09:41:40,STORE_105,Bindura_Depot,Seed Loaf,284,RT_022,1.56,284
2025-04-15 14:24:11,STORE_038,Bindura_Depot,High Energy White,45,RT_027,1.36,45
2025-05-30 12:39:11,STORE_132,Harare_Willowvale,High Energy Brown,273,RT_030,1.27,273
2025-03-11 06:38:27,STORE_104,Gweru_Branch,Seed Loaf,13,RT_034,1.45,13
2025-03-10 04:39:26,STORE_103,Bindura_Depot,Soft White,188,RT_041,1.28,188
2025-06-27 12:19:53,STORE_097,Kwekwe_Depot,High Energy Brown,115,RT_031,1.34,115
2025-07-20 20:28:51,STORE_083,Chitungwiza_Depot,High Energy White,151,RT_045,1.3,151
2025-01-01 06:29:42,STORE_002,Chitungwiza_Depot,Mini Rolls 6-Pack,99,RT_005,1.08,99
2025-07-12 02:42:34,STORE_105,Chitungwiza_Depot,Family Loaf,33,RT_035,2.21,33
2025-06-29 13:01:27,STORE_107,Bindura_Depot,Family Loaf,94,RT_023,2.27,94
2025-01-14 16:23:20,STORE_022,Kwekwe_Depot,High Energy Brown,14,RT_048,1.46,14
2025-06-18 23:03:35,STORE_115,Harare_Southerton,Buns 6-Pack,298,RT_014,1.07,298
2025-01-09 16:45:18,STORE_048,Bindura_Depot,High Energy Brown,36,RT_028,1.21,36
2025-03-20 01:11:25,STORE_106,Bulawayo_Branch,Buns 6-Pack,149,RT_043,1.19,149
2025-03-25 11:44:59,STORE_046,Bulawayo_Branch,Soft White,149,RT_024,1.17,149
2025-07-17 19:52:07,STORE_053,Masvingo_Branch,High Energy White,159,RT_024,1.43,159
2025-02-10 00:41:00,STORE_093,Bulawayo_Branch,Wholegrain Brown,45,RT_017,1.41,45
2025-05-20 21:02:12,STORE_112,Chitungwiza_Depot,Buns 6-Pack,50,RT_021,1.22,50
2025-07-24 06:25:26,STORE_136,Marondera_Depot,Seed Loaf,131,RT_043,1.59,131
2025-01-06 00:17:53,STORE_077,Masvingo_Branch,Wholegrain Brown,262,RT_009,1.56,262
2025-03-07 08:37:41,STORE_055,Bindura_Depot,Wholegrain Brown,179,RT_047,1.54,179
2025-06-08 10:40:10,STORE_073,Marondera_Depot,Soft White,31,RT_001,1.36,31
2025-04-08 06:01:17,STORE_102,Harare_Southerton,Seed Loaf,128,RT_005,1.45,128
2025-03-10 13:36:56,STORE_016,Masvingo_Branch,WholeWheat,32,RT_020,1.35,32
2025-03-21 20:01:13,STORE_050,Harare_Southerton,Buns 6-Pack,248,RT_034,1.01,248
2025-03-12 17:30:53,STORE_038,Kwekwe_Depot,Seed Loaf,207,RT_039,1.66,207
2025-03-14 23:37:43,STORE_130,Marondera_Depot,High Energy White,232,RT_013,1.29,232
2025-06-05 15:19:57,STORE_025,Marondera_Depot,Wholegrain Brown,261,RT_006,1.4,261
2025-05-07 12:48:12,STORE_139,Bulawayo_Branch,Buns 6-Pack,317,RT_001,1.19,317
2025-04-25 16:39:11,STORE_073,Kwekwe_Depot,Mini Rolls 6-Pack,6,RT_014,0.94,6
2025-07-25 04:53:30,STORE_127,Bulawayo_Branch,High Energy White,290,RT_037,1.31,290
2025-06-23 08:50:28,STORE_063,Mutare_Branch,Wholegrain Brown,265,RT_028,1.48,265
2025-02-23 23:29:14,STORE_124,Masvingo_Branch,Soft White,207,RT_006,1.3,207
2025-05-29 23:53:31,STORE_005,Masvingo_Branch,Seed Loaf,277,RT_019,1.43,277
2025-02-21 16:35:34,STORE_098,Bulawayo_Branch,Family Loaf,4,RT_023,2.32,4
2025-05-09 11:01:57,STORE_044,Chitungwiza_Depot,Mini Rolls 6-Pack,282,RT_007,1.07,282
2025-04-16 17:30:11,STORE_067,Bindura_Depot,Mini Rolls 6-Pack,58,RT_047,1.2,58
2025-03-28 17:56:41,STORE_033,Bindura_Depot,Buns 6-Pack,73,RT_036,1.24,73
2025-07-30 08:08:38,STORE_025,Bindura_Depot,High Energy White,61,RT_015,1.44,61
2025-02-13 15:48:13,STORE_100,Harare_Southerton,Family Loaf,139,RT_031,2.26,139
2025-01-20 04:23:07,STORE_038,Bulawayo_Branch,Whole Wheat,310,RT_044,1.39,310
2025-06-25 11:20:18,STORE_085,Harare_Willowvale,Seed Loaf,284,RT_048,1.66,284
2025-01-01 10:22:41,STORE_120,Bindura_Depot,Family Loaf,41,RT_018,2.11,41
2025-02-08 06:43:28,STORE_022,Harare_Southerton,Wholegrain Brown,155,RT_049,1.31,155
2025-04-08 02:13:43,STORE_037,Harare_Southerton,Soft White,152,RT_023,1.26,152
2025-04-17 22:28:40,STORE_084,Bulawayo_Branch,High Energy White,93,RT_013,1.29,93
2025-03-15 08:24:39,STORE_071,Gweru_Branch,Soft White,79,RT_046,1.32,79
2025-02-12 17:30:48,STORE_044,Bulawayo_Branch,Wholegrain Brown,299,RT_012,1.53,299
2025-03-02 19:30:24,STORE_069,Bulawayo_Branch,Mini Rolls 6-Pack,189,RT_042,0.91,189
2025-06-29 17:03:20,STORE_135,Bulawayo_Branch,Mini Rolls 6-Pack,317,RT_034,1.05,317
2025-03-19 07:45:53,STORE_100,Masvingo_Branch,Family Loaf,319,RT_048,2.17,319
2025-01-07 00:48:11,STORE_112,Harare_Willowvale,Seed Loaf,182,RT_049,1.61,182
2025-05-12 12:44:03,STORE_138,Harare_Southerton,Whole Wheat,102,RT_020,1.44,102
2025-05-05 02:25:51,STORE_026,Mutare_Branch,Seed Loaf,45,RT_048,1.58,45
2025-07-09 13:37:03,STORE_114,Chitungwiza_Depot,Buns 6-Pack,82,RT_010,1.04,82
2025-03-03 09:42:57,STORE_021,Chitungwiza_Depot,Wholegrain Brown,81,RT_041,1.34,81
2025-01-19 00:51:14,STORE_057,Harare_Willowvale,Mini Rolls 6-Pack,48,RT_001,1.09,48
2025-02-19 09:11:00,STORE_106,Gweru_Branch,Whole Wheat,79,RT_026,1.5,79
2025-03-16 20:08:58,STORE_126,Masvingo_Branch,Soft White,67,RT_043,1.39,67
2025-01-21 17:37:36,STORE_089,Mutare_Branch,Whole Wheat,63,RT_008,1.39,63
2025-02-05 15:56:02,STORE_047,Marondera_Depot,Whole Wheat,141,RT_038,1.49,141
2025-05-05 17:03:06,STORE_118,Mutare_Branch,Whole Wheat,133,RT_001,1.49,133
2025-03-13 18:50:58,STORE_052,Kwekwe_Depot,Seed Loaf,189,RT_026,1.44,189
2025-05-28 13:01:24,STORE_071,Harare_Willowvale,High Energy Brown,50,RT_033,1.49,50
2025-03-20 00:00:00,STORE_070,Bindura_Depot,Seed Loaf,98,RT_023,1.45,98
2025-06-22 12:30:48,STORE_117,Bindura_Depot,Wholegrain Brown,313,RT_039,1.36,313
2025-03-23 20:17:02,STORE_088,Kwekwe_Depot,Soft White,184,RT_006,1.15,184
2025-07-27 17:26:21,STORE_135,Mutare_Branch,Wholegrain Brown,143,RT_025,1.4,143
2025-01-27 20:08:10,STORE_002,Bindura_Depot,High Energy White,96,RT_046,1.23,96
2025-04-04 11:31:33,STORE_117,Bulawayo_Branch,High Energy White,148,RT_033,1.46,148
2025-01-01 13:51:32,STORE_093,Masvingo_Branch,Family Loaf,172,RT_031,2.3,172
2025-05-27 22:20:01,STORE_133,Masvingo_Branch,High Energy Brown,141,RT_002,1.3,141
2025-06-05 18:28:16,STORE_118,Bindura_Depot,Family Loaf,281,RT_009,2.34,281
2025-06-10 20:00:34,STORE_042,Mutare_Branch,Wholegrain Brown,238,RT_021,1.31,238
2025-02-09 19:09:10,STORE_028,Harare_Southerton,Wholegrain Brown,61,RT_033,1.43,61
2025-05-29 17:37:16,STORE_113,Harare_Willowvale,Soft White,157,RT_044,1.26,157
2025-05-30 12:50:19,STORE_118,Bindura_Depot,Family Loaf,28,RT_027,2.15,28
2025-04-20 06:49:03,STORE_048,Kwekwe_Depot,Mini Rolls 6-Pack,207,RT_021,1.01,207
2025-02-13 03:11:53,STORE_026,Bulawayo_Branch,Soft White,168,RT_017,1.15,168
2025-07-29 20:10:54,STORE_110,Harare_Willowvale,Wholegrain Brown,74,RT_049,1.59,74
2025-05-17 20:00:11,STORE_087,Kwekwe_Depot,Seed Loaf,311,RT_021,1.58,311
2025-03-07 17:46:20,STORE_049,Masvingo_Branch,Whole Wheat,266,RT_003,1.6,266
2025-06-10 06:07:00,STORE_079,Gweru_Branch,Family Loaf,219,RT_030,2.21,219
2025-07-06 14:06:24,STORE_082,Chitungwiza_Depot,Seed Loaf,201,RT_023,1.52,201
2025-07-10 12:13:45,STORE_138,Kwekwe_Depot,Wholegrain Brown,15,RT_001,1.52,15
2025-03-20 12:37:52,STORE_127,Chitungwiza_Depot,Buns 6-Pack,56,RT_029,1.2,56
2025-06-10 19:18:56,STORE_071,Gweru_Branch,Buns 6-Pack,253,RT_030,1.01,253
2025-04-22 02:45:02,STORE_080,,Buns 6-Pack,143,RT_017,1.09,143
2025-05-19 08:58:09,STORE_031,Harare_Southerton,High Energy Brown,235,RT_009,1.3,235
2025-03-06 20:45:27,STORE_038,Gweru_Branch,Soft White,271,RT_017,1.18,271
2025-03-01 14:23:07,STORE_054,Chitungwiza_Depot,Soft White,297,RT_013,1.11,297
2025-06-30 18:18:12,STORE_027,Bindura_Depot,Buns 6-Pack,84,RT_024,1.05,84
2025-03-03 14:00:04,STORE_061,Bulawayo_Branch,High Energy White,277,RT_034,1.34,277
2025-01-22 18:36:37,STORE_072,Bulawayo_Branch,High Energy White,227,RT_014,1.21,227
2025-06-19 14:44:22,STORE_072,Bindura_Depot,Buns 6-Pack,218,,1.27,218
2025-07-01 20:54:46,STORE_098,Harare_Southerton,Family Loaf,68,RT_028,2.25,68
2025-05-07 22:10:48,STORE_136,Bindura_Depot,High Energy Brown,185,RT_011,1.22,185
2025-01-11 15:35:14,STORE_121,Mutare_Branch,Seed Loaf,257,RT_012,1.43,257
2025-06-23 19:13:10,STORE_096,Harare_Southerton,High Energy White,276,RT_003,1.38,276
2025-06-29 12:01:58,STORE_064,Masvingo_Branch,Soft White,186,RT_010,1.33,186
2025-03-18 03:35:27,STORE_012,Mutare_Branch,Wholegrain Brown,189,RT_046,1.33,189
2025-01-05 00:11:40,STORE_119,Harare_Southerton,Soft White,30,RT_008,1.35,30
2025-01-06 13:06:17,STORE_028,Bindura_Depot,Whole Wheat,291,RT_013,1.54,291
2025-07-19 15:43:42,STORE_031,Chitungwiza_Depot,High Energy Brown,102,RT_011,1.3,102
2025-06-06 10:50:11,STORE_094,Chitungwiza_Depot,Soft White,108,RT_013,1.22,108
2025-04-18 06:26:25,STORE_092,Mutare_Branch,Whole Wheat,227,RT_028,1.45,227
2025-04-02 03:44:49,STORE_102,Kwekwe_Depot,Whole Wheat,149,RT_029,1.38,149
2025-04-25 06:44:23,STORE_050,Gweru_Branch,Whole Wheat,266,RT_010,1.65,266
2025-06-12 16:11:02,STORE_123,Chitungwiza_Depot,High Energy White,83,RT_016,1.41,83
2025-06-02 18:35:51,STORE_089,Gweru_Branch,Seed Loaf,186,RT_002,1.6,186
2025-04-25 10:18:46,STORE_128,Kwekwe_Depot,High Energy Brown,276,RT_037,1.23,276
2025-03-07 15:43:25,STORE_054,Gweru_Branch,Wholegrain Brown,193,RT_007,1.54,193
2025-07-28 19:27:04,STORE_008,Harare_Willowvale,Buns 6-Pack,138,RT_016,1.28,138
2025-02-03 22:57:45,STORE_126,Chitungwiza_Depot,Soft White,12,RT_004,1.13,12
2025-02-12 05:29:58,STORE_138,Chitungwiza_Depot,Family Loaf,6,RT_036,2.33,6
2025-01-18 01:35:42,STORE_111,Marondera_Depot,Wholegrain Brown,236,RT_027,1.44,236
2025-06-03 00:48:39,STORE_079,Gweru_Branch,Seed Loaf,26,RT_037,1.53,26
2025-06-17 04:22:19,STORE_088,Gweru_Branch,Soft White,120,RT_003,1.24,120
2025-05-08 11:41:49,STORE_138,Marondera_Depot,High Energy Brown,217,RT_015,1.38,217
2025-04-15 23:41:34,STORE_105,Kwekwe_Depot,High Energy Brown,109,RT_025,1.47,109
2025-04-08 00:39:50,STORE_042,Chitungwiza_Depot,Wholegrain Brown,203,RT_041,1.37,203
2025-07-01 11:37:26,STORE_084,,Seed Loaf,232,RT_009,1.59,232
2025-07-27 05:01:20,STORE_022,Harare_Willowvale,Soft White,210,RT_029,1.39,210
2025-02-21 10:41:50,STORE_126,Harare_Southerton,High Energy Brown,106,RT_045,1.36,106
2025-06-25 20:35:44,STORE_067,Harare_Southerton,High Energy White,102,RT_041,1.45,102
2025-05-25 07:10:21,STORE_117,Mutare_Branch,High Energy White,309,RT_015,1.42,309
2025-03-25 07:12:57,STORE_062,Bindura_Depot,Seed Loaf,105,RT_008,1.65,105
2025-01-20 02:09:39,STORE_025,Chitungwiza_Depot,High Energy Brown,174,RT_041,1.36,174
2025-01-14 02:53:49,STORE_021,Bindura_Depot,Family Loaf,236,RT_038,2.17,236
2025-05-01 04:39:38,STORE_099,Bindura_Depot,Family Loaf,162,RT_015,2.13,162
2025-07-23 23:27:50,STORE_115,Masvingo_Branch,Buns 6-Pack,262,RT_039,1.27,262
2025-03-20 23:10:03,STORE_130,Masvingo_Branch,High Energy Brown,201,RT_013,1.37,201
2025-03-10 14:03:23,STORE_105,Marondera_Depot,High Energy White,85,RT_035,1.47,85
2025-06-04 19:45:14,STORE_112,Bindura_Depot,Family Loaf,304,RT_030,2.38,304
2025-07-26 07:15:59,STORE_026,Kwekwe_Depot,Soft White,300,RT_005,1.37,300
2025-07-01 20:17:06,STORE_069,Bindura_Depot,Family Loaf,47,RT_033,2.35,47
2025-01-17 22:16:43,STORE_024,Bindura_Depot,Soft White,384,RT_047,1.29,384
2025-01-16 07:28:44,STORE_008,Masvingo_Branch,Whole Wheat,101,RT_006,1.59,101
2025-04-06 16:49:01,STORE_026,Harare_Willowvale,High Energy White,176,RT_044,1.28,176
2025-02-23 10:50:19,STORE_136,Gweru_Branch,Family Loaf,104,RT_011,2.19,104
2025-06-21 08:01:29,STORE_113,Chitungwiza_Depot,Buns 6-Pack,115,RT_014,1.22,115
2025-04-01 04:35:15,STORE_097,Chitungwiza_Depot,High Energy White,67,RT_021,1.24,67
2025-04-01 20:03:45,STORE_018,Marondera_Depot,Seed Loaf,286,RT_009,1.41,286
2025-06-26 05:11:46,STORE_071,Mutare_Branch,Seed Loaf,171,RT_010,1.61,171
,STORE_106,Masvingo_Branch,HighEnergyBrown,12,RT_038,1.27,12
2025-02-14 06:46:11,STORE_080,Bulawayo_Branch,Wholegrain Brown,28,RT_004,1.34,28
2025-03-28 07:45:10,STORE_004,Harare_Willowvale,Seed Loaf,225,RT_042,1.49,225
2025-05-13 18:42:50,STORE_102,Bulawayo_Branch,Buns 6-Pack,47,RT_041,1.1,47
2025-02-01 13:20:27,STORE_034,Chitungwiza_Depot,Mini Rolls 6-Pack,223,RT_022,1.07,223
2025-06-19 14:07:22,STORE_127,Harare_Willowvale,Wholegrain Brown,174,RT_046,1.57,174
2025-04-09 16:35:15,STORE_110,Masvingo_Branch,Soft White,178,RT_034,1.14,178
2025-05-05 16:03:28,STORE_102,Harare_Southerton,Mini Rolls 6-Pack,4,RT_039,0.94,4
2025-02-04 18:15:37,STORE_072,Gweru_Branch,SoftWhite,271,RT_049,1.36,271
2025-06-06 06:52:59,STORE_053,Chitungwiza_Depot,High Energy Brown,148,RT_016,1.35,148
2025-06-05 04:20:02,STORE_043,Bulawayo_Branch,Whole grain Brown,106,RT_007,1.58,106
2025-05-01 16:56:51,STORE_053,Masvingo_Branch,Whole Wheat,215,RT_008,1.61,215
2025-06-15 15:19:07,STORE_001,Bulawayo_Branch,Wholegrain Brown,136,RT_047,1.32,136
2025-03-25 09:32:27,STORE_069,Marondera_Depot,Mini Rolls 6-Pack,71,RT_012,1.04,71
2025-01-21 07:25:41,STORE_123,Masvingo_Branch,Family Loaf,292,RT_038,2.35,292
2025-07-20 13:53:49,STORE_041,Marondera_Depot,Seed Loaf,3,RT_022,1.42,3
2025-04-16 09:04:47,STORE_068,Kwekwe_Depot,Whole Wheat,40,RT_015,1.6,40
2025-02-10 07:06:31,STORE_028,Marondera_Depot,Whole Wheat,39,RT_031,1.57,39
2025-07-27 08:34:28,STORE_099,Harare_Southerton,Buns 6-Pack,37,RT_022,1.27,37
2025-03-01 19:22:53,STORE_034,Gweru_Branch,Seed Loaf,273,RT_034,1.5,273
2025-05-31 18:33:16,STORE_121,Bulawayo_Branch,Whole Wheat,223,RT_016,1.49,223
2025-04-03 14:01:57,STORE_105,Harare_Willowvale,Buns 6-Pack,134,RT_039,1.02,134
2025-02-11 16:15:52,STORE_118,Marondera_Depot,Wholegrain Brown,127,RT_007,1.5,127
2025-06-17 03:49:37,STORE_136,Masvingo_Branch,Whole Wheat,93,RT_029,1.36,93
2025-02-23 00:14:41,STORE_111,Masvingo_Branch,Soft Whtie,4,RT_008,1.13,4
2025-06-03 16:40:26,STORE_094,Masvingo_Branch,Seed Loaf,285,RT_034,1.44,285
2025-05-25 10:26:50,STORE_116,Bulawayo_Branch,Whole Wheat,225,RT_017,1.38,225
2025-05-18 02:57:58,STORE_056,Harare_Willowvale,Soft White,63,RT_026,1.1,63
2025-05-20 09:09:48,STORE_132,Harare_Willowvale,High Energy Brown,20,RT_044,1.27,20
2025-05-12 15:42:57,STORE_131,Chitungwiza_Depot,Wholegrain Brown,135,RT_020,1.44,135
2025-03-25 00:37:29,STORE_025,Bindura_Depot,Seed Loaf,302,RT_034,1.53,302
2025-01-07 05:53:38,STORE_071,Kwekwe_Depot,Buns 6-Pack,152,RT_019,1.07,152
2025-07-18 22:18:11,STORE_030,Masvingo_Branch,Soft White,97,RT_023,1.15,97
2025-07-30 06:29:55,STORE_072,Bulawayo_Branch,Soft White,120,RT_015,1.3,120
2025-04-22 19:24:03,STORE_101,Masvingo_Branch,Whole Wheat,79,RT_003,1.55,79
2025-03-01 04:51:08,STORE_032,Bindura_Depot,Soft White,278,RT_044,1.33,278
2025-07-02 04:19:55,STORE_095,Bindura_Depot,High Energy Brown,171,RT_044,1.3,171
2025-07-13 00:48:13,STORE_036,Bindura_Depot,High Energy Brown,119,RT_037,1.25,119
2025-01-25 10:46:08,STORE_136,Gweru_Branch,Family Loaf,185,RT_049,,185
2025-06-04 12:21:18,STORE_104,Chitungwiza_Depot,Family Loaf,159,RT_030,2.12,159
2025-02-08 17:06:09,STORE_067,Harare_Willowvale,Milk1L,310,RT_010,1.05,310
2025-05-31 04:46:47,STORE_010,Harare_Southerton,Buns 6-Pack,128,RT_043,1.29,128
2025-03-25 03:53:17,STORE_100,Bindura_Depot,Buns 6-Pack,71,RT_008,1.11,71
2025-07-28 03:13:41,STORE_010,Bulawayo_Branch,Family Loaf,253,RT_022,2.36,253
2025-07-19 22:10:00,STORE_060,Bulawayo_Branch,Soft White,155,RT_049,1.28,155
2025-03-29 19:41:16,STORE_109,Harare_Willowvale,Whole Wheat,135,RT_011,1.37,135
2025-03-02 16:07:09,STORE_139,Kwekwe_Depot,Mini Rolls 6-Pack,83,RT_041,1.0,83
2025-01-04 14:28:14,STORE_128,Kwekwe_Depot,Sugar2kg,160,RT_039,2.31,160
2025-07-04 01:08:44,STORE_106,Kwekwe_Depot,Mini Rolls 6-Pack,218,RT_024,1.19,218
2025-05-22 14:14:34,STORE_026,Bulawayo_Branch,Family Loaf,38,RT_011,2.38,38
2025-03-13 20:37:03,STORE_009,Chitungwiza_Depot,High Energy White,232,RT_035,1.44,232
2025-05-26 10:17:14,STORE_064,Gweru_Branch,Seed Loaf,178,RT_038,1.43,178
2025-05-11 03:11:39,STORE_012,Bindura_Depot,Mini Rolls 6-Pack,315,RT_022,1.18,315
2025-04-20 10:32:58,STORE_108,Harare_Southerton,Wholegrain Brown,94,RT_004,1.41,94
2025-06-22 14:20:26,STORE_069,Masvingo_Branch,Buns 6-Pack,62,RT_007,1.12,62
2025-04-15 05:38:28,STORE_070,Gweru_Branch,SeedLoaf,250,RT_042,1.58,250
2025-05-24 03:52:15,STORE_092,Harare_Southerton,Mini Rolls 6-Pack,213,RT_048,1.04,213
2025-04-09 02:32:33,STORE_034,Bulawayo_Branch,Soft White,37,RT_033,1.13,37
2025-06-16 18:01:34,STORE_117,Chitungwiza_Depot,High Energy Brown,134,RT_010,1.43,134
2025-06-04 01:08:19,STORE_118,Gweru_Branch,Sugar2kg,259,RT_030,1.23,259
2025-05-08 15:55:40,STORE_125,Chitungwiza_Depot,High Energy White,300,RT_017,1.21,300
2025-06-20 00:19:02,STORE_077,Harare_Southerton,Wholegrain Brown,266,RT_015,1.35,266
2025-05-17 03:18:49,STORE_003,Chitungwiza_Depot,High Energy White,111,RT_025,1.43,111
2025-05-04 11:56:56,STORE_123,Bindura_Depot,High Energy White,203,RT_045,1.36,203
2025-04-28 05:43:59,STORE_126,Mutare_Branch,Mini Rolls 6-Pack,295,RT_008,1.18,295
2025-02-02 08:42:55,STORE_138,Harare_Willowvale,Mini Rolls 6-Pack,45,RT_014,0.91,45
2025-01-13 08:57:57,STORE_082,Marondera_Depot,Seed Loaf,97,RT_014,1.48,97
2025-05-27 18:50:41,STORE_139,Harare_Southerton,Wholegrain Brown,274,RT_018,,274
2025-01-25 01:27:30,STORE_093,Masvingo_Branch,Whole Wheat,220,RT_047,1.47,220
2025-06-06 16:38:22,STORE_022,Bulawayo_Branch,Whole Wheat,138,RT_028,1.49,138
2025-02-03 05:22:04,STORE_070,Marondera_Depot,Wholegrain Brown,221,RT_014,1.54,221
2025-02-14 12:11:14,STORE_044,Mutare_Branch,High Energy White,208,RT_035,1.47,208
2025-05-06 07:10:53,STORE_055,Bulawayo_Branch,Wholegrain Brown,179,RT_020,1.59,179
2025-01-05 18:36:50,STORE_030,Harare_Willowvale,Soft White,249,RT_029,1.23,249
2025-03-31 00:01:24,STORE_024,Harare_Southerton,Family Loaf,129,RT_017,2.17,129
2025-06-24 22:33:42,STORE_036,Chitungwiza_Depot,Seed Loaf,135,RT_041,1.69,135
2025-07-24 15:11:13,STORE_024,Bindura_Depot,Whole Wheat,128,RT_004,1.55,128
2025-01-22 09:17:45,STORE_088,Kwekwe_Depot,Soft White,209,RT_007,1.14,209
2025-01-12 00:45:22,STORE_113,Bulawayo_Branch,Mini Rolls 6-Pack,47,RT_041,0.9,47
2025-01-12 00:36:13,STORE_053,Bindura_Depot,High Energy White,34,RT_017,1.23,34
2025-03-05 10:32:20,STORE_128,Harare_Willowvale,Wholegrain Brown,89,RT_012,1.34,89
2025-07-08 11:28:37,STORE_128,Marondera_Depot,Family Loaf,182,RT_029,2.38,182
2025-03-23 06:30:55,STORE_120,Marondera_Depot,Wholegrain Brown,268,RT_013,1.33,268
2025-05-15 10:26:33,STORE_042,Harare_Willowvale,Mini Rolls 6-Pack,293,RT_006,0.97,293
2025-06-05 10:47:34,STORE_027,Marondera_Depot,High Energy White,277,RT_016,1.32,277
2025-01-27 06:29:58,STORE_089,Bindura_Depot,Mini Rolls 6-Pack,88,RT_040,1.17,88
2025-04-29 03:06:13,STORE_013,Chitungwiza_Depot,Seed Loaf,105,RT_043,1.59,105
2025-04-07 23:35:41,STORE_044,Gweru_Branch,Whole Wheat,277,RT_041,1.49,277
2025-02-13 21:33:44,STORE_116,Marondera_Depot,High Energy White,171,RT_038,1.45,171
2025-07-06 09:39:56,STORE_099,Chitungwiza_Depot,Mini Rolls 6-Pack,109,RT_029,1.06,109
2025-02-28 03:22:11,STORE_139,Harare_Willowvale,Buns 6-Pack,204,RT_009,1.07,204
2025-03-14 06:43:14,STORE_132,Bulawayo_Branch,Wholegrain Brown,11,RT_031,1.58,11
2025-04-25 20:09:52,STORE_083,Masvingo_Branch,Wholegrain Brown,286,RT_039,1.46,286
2025-05-18 22:42:09,STORE_102,Harare_Willowvale,Buns 6-Pack,158,RT_030,1.19,158
2025-04-18 03:40:54,STORE_060,Masvingo_Branch,Seed Loaf,275,RT_030,1.55,275
2025-02-21 15:03:44,STORE_019,Mutare_Branch,High Energy Brown,304,RT_043,1.4,304
2025-06-10 20:50:12,STORE_132,Bulawayo_Branch,Soft White,235,RT_020,1.16,235
2025-04-28 11:22:57,STORE_045,Gweru_Branch,Wholegrain Brown,102,RT_025,1.47,102
2025-01-21 09:24:16,STORE_041,Masvingo_Branch,High Energy Brown,57,RT_006,1.47,57
2025-01-10 14:53:39,STORE_132,Harare_Willowvale,High Energy Brown,171,RT_015,1.43,171
2025-02-24 23:03:04,STORE_011,Marondera_Depot,Whole Wheat,25,RT_026,1.6,25
2025-04-29 12:11:49,STORE_027,Kwekwe_Depot,Mini Rolls 6-Pack,97,RT_049,1.12,97
2025-07-11 03:14:27,STORE_021,Kwekwe_Depot,High Energy White,307,RT_032,1.48,307
2025-07-12 03:03:09,STORE_009,Bindura_Depot,Family Loaf,202,RT_014,2.12,202
2025-07-25 22:56:31,STORE_114,Bulawayo_Branch,Wholegrain Brown,160,RT_019,1.48,160
2025-07-13 04:53:11,STORE_125,Harare_Willowvale,Mini Rolls 6-Pack,7,RT_025,0.95,7
2025-05-29 19:14:58,STORE_082,Masvingo_Branch,High Energy Brown,109,RT_045,1.48,109
2025-01-10 17:29:57,STORE_090,Marondera_Depot,Seed Loaf,38,RT_010,1.57,38
2025-02-13 00:25:14,STORE_074,Gweru_Branch,High Energy Brown,125,RT_025,1.42,125
2025-03-13 16:40:03,STORE_030,Mutare_Branch,Buns 6-Pack,111,RT_007,1.05,111
2025-05-29 23:41:48,STORE_025,Masvingo_Branch,Seed Loaf,24,RT_043,1.62,24
2025-02-28 18:25:54,STORE_055,Gweru_Branch,Soft White,301,RT_032,1.2,301
2025-03-14 09:54:24,STORE_065,Harare_Willowvale,Buns 6-Pack,163,RT_002,1.02,163
2025-07-13 09:17:56,STORE_033,Bindura_Depot,Soft White,303,RT_006,1.26,303
2025-07-13 00:25:08,STORE_103,Gweru_Branch,High Energy Brown,153,RT_025,1.26,153
2025-05-14 22:28:36,STORE_090,Bulawayo_Branch,Family Loaf,133,RT_032,2.23,133
2025-07-13 07:14:10,STORE_044,Bulawayo_Branch,High Energy Brown,211,RT_011,1.48,211
2025-02-02 12:50:47,STORE_086,Bindura_Depot,Wholegrain Brown,7,RT_046,1.54,7
2025-01-29 12:47:34,STORE_079,Masvingo_Branch,Whole Wheat,185,RT_041,1.42,185
2025-06-30 21:27:24,STORE_082,Kwekwe_Depot,Soft White,213,RT_028,1.22,213
2025-03-02 03:01:54,STORE_071,Mutare_Branch,High Energy Brown,299,RT_009,1.22,299
2025-02-27 02:03:26,STORE_027,Bindura_Depot,Seed Loaf,52,RT_015,1.47,52
2025-02-13 12:44:14,STORE_098,Kwekwe_Depot,HighEnergyWhite,55,RT_006,1.41,55
2025-03-28 13:40:02,STORE_058,Bulawayo_Branch,High Energy Brown,165,RT_045,1.32,165
2025-05-10 01:44:30,STORE_100,Kwekwe_Depot,Mini Rolls 6-Pack,295,RT_037,1.12,295
2025-06-11 15:15:45,STORE_031,Marondera_Depot,High Energy Brown,131,RT_028,1.48,131
2025-01-22 13:07:43,STORE_105,Bindura_Depot,Family Loaf,304,RT_038,2.37,304
2025-01-30 03:49:39,STORE_056,Marondera_Depot,Family Loaf,265,RT_001,2.27,265
2025-07-23 06:29:08,STORE_040,Bulawayo_Branch,High Energy White,278,RT_017,1.48,278
2025-03-03 05:31:39,STORE_038,Marondera_Depot,Soft White,227,RT_019,1.31,227
2025-04-20 23:16:10,STORE_065,Bindura_Depot,Soft White,146,RT_015,1.3,146
2025-05-22 01:29:12,STORE_119,Chitungwiza_Depot,Seed Loaf,30,RT_044,1.51,30
2025-04-13 17:20:06,STORE_063,Marondera_Depot,Family Loaf,92,RT_041,2.13,92
2025-03-25 04:41:46,STORE_138,Harare_Southerton,High Energy White,104,RT_023,1.27,104
2025-06-15 01:32:45,STORE_051,Gweru_Branch,Family Loaf,40,RT_001,2.33,40
2025-01-26 11:58:07,STORE_036,Marondera_Depot,Soft White,73,RT_033,1.18,73
2025-03-17 08:28:49,STORE_073,Harare_Southerton,Buns 6-Pack,161,RT_017,1.16,161
2025-02-24 19:43:25,STORE_042,Masvingo_Branch,Seed Loaf,79,RT_044,1.46,79
2025-03-18 08:19:09,STORE_118,Masvingo_Branch,Wholegrain Brown,165,RT_036,1.59,165
2025-01-08 22:10:59,STORE_016,Marondera_Depot,Whole Wheat,6,RT_039,1.49,6
2025-04-21 03:15:17,STORE_136,Harare_Southerton,Family Loaf,291,RT_005,2.39,291
2025-02-09 04:41:41,STORE_110,Marondera_Depot,Family Loaf,79,RT_002,2.23,79
2025-01-23 01:00:00,STORE_065,Masvingo_Branch,Family Loaf,132,RT_033,2.14,132
2025-05-02 09:35:51,STORE_091,Bulawayo_Branch,Whole Wheat,55,RT_044,1.45,55
2025-04-19 22:30:20,STORE_063,Mutare_Branch,Soft White,278,RT_027,1.37,278
2025-01-14 21:12:09,STORE_099,Masvingo_Branch,Family Loaf,250,RT_024,2.26,250
2025-02-06 02:47:32,STORE_011,Gweru_Branch,Wholegrain Brown,23,RT_035,,23
2025-07-24 10:20:37,STORE_082,Chitungwiza_Depot,Seed Loaf,42,RT_030,1.49,42
2025-01-19 16:27:48,STORE_131,Chitungwiza_Depot,Mini Rolls 6-Pack,131,RT_034,0.99,131
2025-04-19 01:01:49,STORE_104,Gweru_Branch,Sugar2kg,281,RT_010,1.56,281
2025-02-05 08:37:48,STORE_058,Kwekwe_Depot,Mini Rolls 6-Pack,171,RT_022,1.01,171
2025-03-30 09:26:14,STORE_097,Mutare_Branch,Whole Wheat,14,RT_032,1.55,14
2025-07-13 03:52:29,STORE_083,Mutare_Branch,Family Loaf,140,RT_041,2.32,140
2025-03-21 09:27:14,STORE_132,Gweru_Branch,Wholegrain Brown,221,RT_032,1.4,221
2025-06-19 15:33:54,STORE_021,Masvingo_Branch,Family Loaf,192,RT_022,2.33,192
2025-05-15 06:30:22,STORE_059,Gweru_Branch,Seed Loaf,45,RT_027,1.51,45
2025-05-20 07:49:43,STORE_087,Chitungwiza_Depot,Whole Wheat,208,RT_023,1.36,208
2025-06-10 13:28:32,STORE_060,Mutare_Branch,Buns 6-Pack,296,RT_013,1.27,296
2025-02-05 14:46:35,STORE_054,Harare_Willowvale,Whole Wheat,26,RT_012,1.64,26
2025-07-21 13:09:48,STORE_056,Harare_Willowvale,Milk1L,47,RT_002,1.21,47
2025-06-18 08:51:37,STORE_115,Marondera_Depot,Mini Rolls 6-Pack,280,RT_039,1.18,280
2025-05-03 19:37:02,STORE_028,Masvingo_Branch,Family Loaf,143,RT_027,2.33,143
2025-04-28 19:06:24,STORE_001,Chitungwiza_Depot,Wholegrain Brown,588,RT_033,1.46,588
2025-06-15 16:34:39,STORE_102,Kwekwe_Depot,Whole Wheat,239,RT_034,1.43,239
2025-05-21 16:24:52,STORE_046,Harare_Southerton,Wholegrain Brown,277,RT_043,1.47,277
2025-07-05 07:41:02,STORE_027,Chitungwiza_Depot,Seed Loaf,155,RT_041,1.54,155
2025-02-02 01:23:05,STORE_015,Marondera_Depot,High Energy White,319,RT_042,1.49,319
2025-03-21 20:13:30,STORE_062,Bindura_Depot,Family Loaf,11,RT_003,2.16,11
2025-02-16 23:29:21,STORE_112,Kwekwe_Depot,Family Loaf,124,RT_018,2.21,124
2025-02-18 09:17:36,STORE_021,Harare_Southerton,Seed Loaf,267,RT_026,1.68,267
2025-04-07 10:38:35,STORE_107,Marondera_Depot,Family Loaf,124,RT_023,2.28,124
2025-06-29 05:58:23,STORE_027,Mutare_Branch,Soft White,65,RT_015,1.14,65
2025-04-26 11:40:34,STORE_093,Chitungwiza_Depot,Wholegrain Brown,295,RT_021,1.41,295
2025-02-11 18:10:38,STORE_121,Masvingo_Branch,Mini Rolls 6-Pack,67,RT_005,1.14,67
2025-07-02 07:57:35,STORE_127,Mutare_Branch,Mini Rolls 6-Pack,261,RT_030,1.16,261
2025-07-03 20:00:39,STORE_048,Marondera_Depot,Wholegrain Brown,230,RT_040,1.56,230
2025-01-31 16:58:13,STORE_004,Mutare_Branch,Seed Loaf,218,RT_001,1.61,218
2025-01-24 19:27:24,STORE_013,Bulawayo_Branch,Family Loaf,148,RT_042,2.27,148
2025-03-08 20:37:14,STORE_116,Chitungwiza_Depot,Family Loaf,121,RT_029,2.39,121
2025-05-15 10:46:50,STORE_073,Kwekwe_Depot,Wholegrain Brown,271,RT_018,1.36,271
2025-05-31 04:53:50,STORE_085,Marondera_Depot,Mini Rolls 6-Pack,301,RT_021,1.11,301
2025-05-02 04:33:42,STORE_124,Bindura_Depot,Whole Wheat,208,RT_021,1.55,208
2025-06-12 04:36:43,STORE_031,Harare_Willowvale,Seed Loaf,156,RT_038,1.57,156
2025-05-31 02:54:26,STORE_079,Marondera_Depot,Mini Rolls 6-Pack,208,RT_041,1.1,208
2025-04-30 05:25:01,STORE_041,Gweru_Branch,High Energy White,288,RT_003,1.21,288
2025-03-29 12:35:16,STORE_136,Mutare_Branch,Mini Rolls 6-Pack,145,RT_028,0.91,145
2025-05-07 23:31:15,STORE_034,Gweru_Branch,Whole Wheat,271,RT_041,1.45,271
2025-01-14 02:37:38,STORE_118,Bindura_Depot,Whole Wheat,185,RT_013,1.43,185
2025-01-18 18:07:06,STORE_096,Kwekwe_Depot,Soft White,161,RT_046,1.18,161
2025-05-01 03:35:43,STORE_123,Gweru_Branch,Mini Rolls 6-Pack,34,RT_027,1.08,34
2025-05-05 01:19:21,STORE_053,Kwekwe_Depot,Mini Rolls 6-Pack,267,RT_002,1.02,267
2025-03-03 05:38:37,STORE_036,Bulawayo_Branch,High Energy White,292,RT_039,1.33,292
2025-02-07 04:28:03,STORE_123,Bulawayo_Branch,High Energy Brown,25,RT_028,1.5,25
2025-07-12 07:46:58,STORE_047,Bulawayo_Branch,Seed Loaf,308,RT_002,1.56,308
2025-03-04 15:23:19,STORE_076,Harare_Willowvale,High Energy Brown,258,RT_017,1.21,258
2025-04-18 16:28:08,STORE_010,Kwekwe_Depot,Mini Rolls 6-Pack,238,RT_038,1.06,238
2025-04-17 14:57:10,STORE_119,Gweru_Branch,Soft White,73,RT_035,1.33,73
2025-03-05 10:56:11,STORE_118,Bulawayo_Branch,Wholegrain Brown,175,RT_024,1.38,175
2025-04-11 00:47:53,STORE_075,Mutare_Branch,Wholegrain Brown,304,RT_030,1.34,304
2025-05-23 07:02:01,STORE_073,Gweru_Branch,High Energy Brown,166,RT_048,1.3,166
2025-02-17 01:43:01,STORE_040,Gweru_Branch,Family Loaf,311,RT_009,2.11,311
2025-06-16 16:30:14,STORE_105,Harare_Willowvale,High Energy Brown,190,RT_027,1.28,190
2025-01-01 12:37:55,STORE_028,,Family Loaf,15,RT_036,2.32,15
2025-06-24 16:52:31,STORE_120,Marondera_Depot,Mini Rolls 6-Pack,159,RT_015,1.16,159
2025-06-16 19:39:48,STORE_007,Masvingo_Branch,Mini Rolls 6-Pack,107,RT_001,1.06,107
2025-04-17 20:33:38,STORE_108,Mutare_Branch,Seed Loaf,80,RT_042,1.61,80
2025-05-25 05:10:55,STORE_030,Mutare_Branch,SeedLoaf,123,RT_020,1.64,123
2025-01-17 07:37:29,STORE_033,Gweru_Branch,Wholegrain Brown,204,RT_043,1.38,204
2025-06-21 09:32:36,STORE_055,Chitungwiza_Depot,Soft White,290,RT_005,1.36,290
2025-04-10 07:58:19,STORE_052,Marondera_Depot,Buns 6-Pack,151,RT_024,1.01,151
2025-02-16 03:37:02,STORE_105,Harare_Willowvale,Soft White,242,RT_044,1.12,242
2025-04-07 08:11:20,STORE_108,Gweru_Branch,High Energy White,34,RT_010,1.45,34
2025-06-30 13:07:00,STORE_031,Bulawayo_Branch,Family Loaf,158,RT_048,2.11,158
2025-02-21 15:36:11,STORE_117,Kwekwe_Depot,Wholegrain Brown,191,RT_005,1.56,191
2025-05-15 04:27:48,STORE_009,Gweru_Branch,High Energy Brown,259,RT_007,1.42,259
2025-01-17 14:42:47,STORE_074,Bulawayo_Branch,High Energy White,25,RT_014,1.37,25
2025-07-02 09:28:30,STORE_024,Harare_Willowvale,Buns 6-Pack,234,RT_021,1.25,234
2025-03-08 01:51:05,STORE_068,Bulawayo_Branch,Buns 6-Pack,154,RT_008,1.26,154
2025-01-30 19:20:28,STORE_119,Gweru_Branch,Seed Loaf,185,RT_015,1.48,185
2025-04-24 14:23:16,STORE_038,Marondera_Depot,Seed Loaf,51,RT_036,1.4,51
2025-04-30 10:54:15,STORE_025,Masvingo_Branch,High Energy White,241,RT_012,1.42,241
2025-01-29 04:42:06,STORE_121,Marondera_Depot,Family Loaf,240,RT_033,2.18,240
2025-05-13 04:47:37,STORE_005,Bulawayo_Branch,Buns 6-Pack,170,RT_032,1.21,170
2025-06-11 04:10:13,STORE_042,Marondera_Depot,High Energy White,224,RT_003,1.48,224
2025-07-02 13:40:46,STORE_025,Gweru_Branch,Wholegrain Brown,49,RT_049,1.57,49
2025-03-10 08:54:47,STORE_025,Harare_Willowvale,Seed Loaf,39,RT_045,1.63,39
2025-06-30 04:36:17,STORE_053,Bulawayo_Branch,Soft White,278,RT_004,1.27,278
2025-07-11 10:03:20,STORE_081,Masvingo_Branch,Seed Loaf,217,RT_007,1.56,217
2025-01-08 18:29:27,STORE_098,Harare_Southerton,Whole Wheat,182,RT_005,1.41,182
2025-06-25 21:18:39,STORE_109,Harare_Willowvale,High Energy White,5,RT_026,1.47,5
2025-03-06 06:23:32,STORE_106,Kwekwe_Depot,Whole Wheat,280,RT_044,1.59,280
2025-05-17 02:55:33,STORE_097,Marondera_Depot,Mini Rolls 6-Pack,211,RT_008,1.0,211
2025-07-21 03:03:34,STORE_103,Kwekwe_Depot,Whole Wheat,70,RT_038,1.63,70
2025-07-20 15:01:44,STORE_065,Harare_Southerton,Seed Loaf,238,RT_042,1.42,238
2025-03-24 01:26:15,STORE_083,Bindura_Depot,Whole Wheat,112,RT_026,1.5,112
2025-02-04 11:41:14,STORE_131,Mutare_Branch,High Energy Brown,291,RT_009,1.2,291
2025-02-21 15:53:08,STORE_124,Harare_Willowvale,High Energy Brown,56,RT_002,1.38,56
2025-03-18 04:53:36,STORE_028,Marondera_Depot,Mini Rolls 6-Pack,5,RT_026,1.14,5
2025-07-13 09:48:31,STORE_096,Kwekwe_Depot,Buns 6-Pack,203,RT_035,1.09,203
2025-06-10 03:41:04,STORE_016,Gweru_Branch,Seed Loaf,168,RT_005,1.59,168
2025-03-31 16:20:08,STORE_016,Marondera_Depot,High Energy White,208,RT_035,1.45,208
2025-07-19 17:50:36,STORE_091,Marondera_Depot,Family Loaf,314,RT_008,2.16,314
2025-04-15 04:00:50,STORE_055,Bulawayo_Branch,Mini Rolls 6-Pack,41,RT_048,,41
2025-03-16 12:45:22,STORE_031,Chitungwiza_Depot,High Energy Brown,39,RT_046,1.35,39
2025-01-10 06:32:05,STORE_133,Chitungwiza_Depot,Whole Wheat,48,RT_038,1.42,48
2025-01-02 04:42:35,STORE_002,Masvingo_Branch,Seed Loaf,278,RT_036,1.46,278
2025-06-17 20:54:30,STORE_014,Gweru_Branch,High Energy White,234,RT_004,1.3,234
2025-05-18 22:18:40,STORE_113,Marondera_Depot,Buns 6-Pack,119,RT_045,1.26,119
2025-06-07 11:57:31,STORE_007,Masvingo_Branch,Wholegrain Brown,191,RT_027,1.47,191
2025-01-07 04:13:54,STORE_139,Mutare_Branch,Family Loaf,291,RT_007,2.17,291
2025-05-04 19:43:36,STORE_070,Marondera_Depot,Mini Rolls 6-Pack,180,RT_046,0.94,180
2025-07-11 01:10:21,STORE_059,Bulawayo_Branch,Wholegrain Brown,47,RT_008,,47
2025-02-17 02:26:57,STORE_013,Masvingo_Branch,Soft White,12,RT_003,1.15,12
2025-01-10 03:27:03,STORE_063,Bulawayo_Branch,Wholegrain Brown,25,RT_029,1.36,25
2025-07-12 06:34:11,STORE_058,Masvingo_Branch,High Energy White,164,RT_045,1.31,164
2025-01-23 11:08:49,STORE_116,Gweru_Branch,Mini Rolls 6-Pack,91,RT_043,1.19,91
2025-04-04 16:29:26,STORE_067,Marondera_Depot,High Energy White,110,RT_048,1.44,110
2025-04-29 00:09:18,STORE_032,Bindura_Depot,High Energy Brown,151,RT_020,1.43,151
2025-03-07 10:17:00,STORE_063,Bindura_Depot,Seed Loaf,42,,1.43,42
2025-01-30 03:24:10,STORE_069,Gweru_Branch,Family Loaf,204,RT_045,2.1,204
2025-02-16 05:55:05,STORE_071,Bindura_Depot,Buns 6-Pack,195,RT_011,1.22,195
2025-03-13 06:39:42,STORE_058,Masvingo_Branch,Whole Wheat,101,RT_047,1.5,101
2025-01-15 23:11:13,STORE_107,Kwekwe_Depot,Whole Wheat,142,RT_024,1.38,142
2025-02-14 10:37:27,STORE_069,Bindura_Depot,Seed Loaf,248,RT_025,1.44,248
2025-01-16 06:09:14,STORE_117,Masvingo_Branch,Buns 6-Pack,60,RT_032,1.29,60
2025-05-09 10:11:08,STORE_017,Bulawayo_Branch,High Energy Brown,120,RT_021,1.22,120
2025-04-26 17:14:41,STORE_070,Mutare_Branch,Seed Loaf,165,RT_024,1.49,165
2025-04-09 14:24:04,STORE_017,Mutare_Branch,Wholegrain Brown,215,RT_022,1.35,215
2025-06-23 04:39:00,STORE_109,Bindura_Depot,Mini Rolls 6-Pack,266,RT_032,0.95,266
2025-02-22 06:52:42,STORE_015,Mutare_Branch,High Energy Brown,203,RT_043,1.33,203
2025-05-31 19:07:27,STORE_009,Harare_Southerton,Wholegrain Brown,252,RT_004,1.38,252
2025-03-10 02:38:44,STORE_036,Chitungwiza_Depot,Family Loaf,220,RT_008,2.19,220
2025-05-09 07:20:25,STORE_074,Marondera_Depot,High Energy White,217,RT_031,1.48,217
2025-07-05 04:18:16,STORE_068,Harare_Willowvale,Seed Loaf,91,RT_048,1.65,91
2025-05-20 15:06:26,STORE_047,Harare_Willowvale,Soft White,141,RT_043,1.13,141
2025-02-05 22:36:21,STORE_060,Mutare_Branch,Family Loaf,160,RT_036,2.19,160
2025-07-14 05:17:16,STORE_045,Masvingo_Branch,Seed Loaf,24,RT_006,1.48,24
2025-06-20 05:27:47,STORE_068,Marondera_Depot,Seed Loaf,169,RT_036,1.59,169
2025-01-27 12:21:00,STORE_036,Bulawayo_Branch,Family Loaf,283,RT_010,2.15,283
2025-02-02 23:47:47,STORE_114,Masvingo_Branch,Family Loaf,221,RT_043,2.24,221
2025-06-05 20:14:51,STORE_021,Kwekwe_Depot,SoapBar,212,RT_018,1.41,212
2025-04-21 05:08:37,STORE_040,Chitungwiza_Depot,Soft White,107,RT_020,1.32,107
2025-01-18 17:38:57,STORE_090,Masvingo_Branch,Seed Loaf,255,RT_032,1.56,255
2025-05-31 17:49:31,STORE_054,Bulawayo_Branch,Seed Loaf,143,RT_014,1.54,143
2025-04-12 07:29:33,STORE_036,Marondera_Depot,High Energy Brown,287,RT_047,1.36,287
2025-01-29 03:10:30,STORE_119,Harare_Willowvale,Seed Loaf,29,RT_007,1.68,29
2025-01-09 02:09:16,STORE_057,Bulawayo_Branch,Whole Wheat,87,RT_025,1.44,87
2025-02-14 18:43:25,STORE_125,Chitungwiza_Depot,Wholegrain Brown,199,RT_006,1.46,199
2025-06-08 11:06:04,STORE_059,Mutare_Branch,Whole Wheat,141,RT_034,1.59,141
2025-02-24 22:52:04,STORE_063,Mutare_Branch,Family Loaf,124,RT_004,2.27,124
2025-07-11 06:30:23,STORE_054,Harare_Willowvale,Family Loaf,84,RT_048,2.15,84
2025-05-18 22:46:50,STORE_067,Chitungwiza_Depot,Whole Wheat,54,RT_001,1.55,54
2025-03-31 01:19:39,STORE_048,Harare_Southerton,Soft White,156,RT_038,1.35,156
2025-07-06 04:13:21,STORE_089,Marondera_Depot,Wholegrain Brown,93,RT_048,1.3,93
2025-01-04 10:33:00,STORE_086,Marondera_Depot,Whole Wheat,218,RT_038,1.43,218
2025-04-22 06:45:42,STORE_018,Kwekwe_Depot,Wholegrain Brown,113,RT_031,1.55,113
2025-01-09 02:17:24,STORE_025,Bulawayo_Branch,SoapBar,8,RT_043,1.49,8
2025-06-06 03:30:21,STORE_020,Harare_Willowvale,High Energy White,65,RT_025,1.34,65
2025-01-03 14:34:41,STORE_106,Masvingo_Branch,Seed Loaf,186,RT_046,1.47,186
2025-02-19 17:40:55,STORE_030,Bindura_Depot,Mini Rolls 6-Pack,89,RT_006,1.11,89
2025-02-02 14:58:30,STORE_138,Gweru_Branch,Family Loaf,99,RT_045,2.26,99
2025-03-21 23:42:37,STORE_102,Masvingo_Branch,Whole Wheat,127,RT_023,1.58,127
2025-06-25 20:03:37,STORE_102,Bulawayo_Branch,Whole Wheat,280,RT_001,1.63,280
2025-05-15 17:43:00,STORE_063,Gweru_Branch,Wholegrain Brown,186,RT_025,1.36,186
2025-05-14 06:56:03,STORE_095,Harare_Southerton,Wholegrain Brown,260,RT_009,1.57,260
2025-03-03 14:47:59,STORE_008,Gweru_Branch,High Energy Brown,252,RT_005,1.24,252
2025-04-29 02:05:07,STORE_005,Chitungwiza_Depot,High Energy Brown,36,RT_001,1.39,36
2025-03-02 18:40:08,STORE_103,Bulawayo_Branch,High Energy Brown,199,RT_004,1.39,199
2025-03-11 11:10:27,STORE_087,Bulawayo_Branch,Wholegrain Brown,165,RT_013,1.52,165
2025-05-03 01:53:48,STORE_038,Harare_Southerton,Wholegrain Brown,110,RT_027,1.43,110
2025-05-24 05:28:08,STORE_038,Mutare_Branch,Seed Loaf,183,RT_043,1.43,183
2025-06-27 11:15:52,STORE_001,Marondera_Depot,Buns 6-Pack,7,RT_045,1.05,7
2025-01-12 05:31:18,STORE_113,Masvingo_Branch,Soft White,214,RT_005,1.21,214
2025-03-08 05:53:21,STORE_075,Marondera_Depot,High Energy White,211,RT_013,1.29,211
2025-03-12 00:00:00,STORE_082,Gweru_Branch,Wholegrain Brown,128,RT_023,1.34,128
2025-03-13 01:50:18,STORE_033,Bindura_Depot,Wholegrain Brown,259,RT_011,1.32,259
2025-07-16 07:35:30,STORE_075,Marondera_Depot,Soft White,6,RT_024,1.26,6
2025-06-23 02:13:03,STORE_015,Chitungwiza_Depot,High Energy White,243,RT_036,1.29,243
2025-06-28 01:39:10,STORE_015,Kwekwe_Depot,High Energy White,3,RT_026,1.29,3
2025-02-10 12:32:54,STORE_020,Gweru_Branch,Buns 6-Pack,139,RT_049,1.26,139
2025-05-05 03:56:37,STORE_050,Bulawayo_Branch,Seed Loaf,166,RT_040,1.49,166
2025-03-29 23:35:23,STORE_061,Bulawayo_Branch,Buns 6-Pack,191,RT_005,1.1,191
2025-03-23 23:06:20,STORE_062,Masvingo_Branch,Wholegrain Brown,195,RT_007,1.44,195
2025-07-04 11:46:05,STORE_080,Bindura_Depot,Mini Rolls 6-Pack,87,RT_001,,87
2025-05-24 09:40:20,STORE_021,Mutare_Branch,Seed Loaf,101,RT_014,1.62,101
2025-06-02 03:04:28,STORE_040,Mutare_Branch,High Energy Brown,130,RT_031,1.44,130
2025-03-07 07:02:59,STORE_069,Mutare_Branch,High Energy Brown,114,RT_045,1.42,114
2025-05-30 12:30:52,STORE_017,Harare_Willowvale,Buns 6-Pack,12,RT_028,1.29,12
2025-02-13 00:12:09,STORE_043,Kwekwe_Depot,High Energy White,307,RT_015,1.23,307
2025-02-07 14:45:50,STORE_123,Chitungwiza_Depot,Mini Rolls 6-Pack,218,RT_013,0.97,218
2025-03-13 05:52:59,STORE_084,Bulawayo_Branch,Sugar2kg,66,RT_009,1.55,66
2025-05-06 15:46:00,STORE_110,Bindura_Depot,Family Loaf,38,RT_048,2.27,38
2025-01-13 17:02:48,STORE_019,Bulawayo_Branch,Seed Loaf,294,RT_014,1.61,294
2025-06-18 15:39:11,STORE_089,Bulawayo_Branch,High Energy Brown,17,RT_020,1.23,17
2025-07-13 09:13:12,STORE_055,Harare_Southerton,Buns 6-Pack,136,RT_006,1.22,136
2025-05-21 23:12:06,STORE_130,Masvingo_Branch,Wholegrain Brown,119,RT_045,1.3,119
2025-01-22 08:46:04,STORE_048,Bulawayo_Branch,Family Loaf,52,RT_003,2.32,52
2025-06-03 17:54:03,STORE_134,Bulawayo_Branch,Family Loaf,218,RT_030,2.38,218
2025-03-30 12:33:12,STORE_060,Chitungwiza_Depot,High Energy White,281,RT_018,1.42,281
2025-03-13 00:04:38,STORE_012,Chitungwiza_Depot,Whole Wheat,267,RT_005,1.49,267
2025-03-09 04:54:26,STORE_019,Marondera_Depot,Buns 6-Pack,6,RT_011,1.23,6
2025-02-23 02:32:14,STORE_016,Gweru_Branch,Whole Wheat,233,RT_015,1.41,233
2025-02-07 08:57:45,STORE_070,Marondera_Depot,Family Loaf,238,RT_028,2.11,238
2025-05-04 04:14:50,STORE_053,Mutare_Branch,High Energy White,17,RT_012,1.41,17
2025-04-12 02:46:34,STORE_022,Kwekwe_Depot,High Energy Brown,62,RT_041,1.26,62
2025-04-23 22:08:32,STORE_021,Mutare_Branch,High Energy Brown,141,RT_033,1.4,141
2025-05-01 20:02:19,STORE_044,Harare_Southerton,Wholegrain Brown,194,RT_013,1.47,194
2025-05-30 23:02:08,STORE_024,Mutare_Branch,Mini Rolls 6-Pack,242,RT_013,0.92,242
2025-01-03 06:56:15,STORE_071,Mutare_Branch,Wholegrain Brown,54,RT_013,1.49,54
2025-01-02 18:07:13,STORE_003,Chitungwiza_Depot,High Energy White,9,RT_047,1.22,9
2025-06-25 03:35:55,STORE_138,Mutare_Branch,Seed Loaf,249,RT_048,1.55,249
2025-04-27 00:14:53,STORE_075,Kwekwe_Depot,Family Loaf,302,RT_020,2.37,302
2025-07-13 03:05:12,STORE_029,Harare_Willowvale,Family Loaf,309,RT_023,2.26,309
2025-06-05 11:09:00,STORE_053,Marondera_Depot,Wholegrain Brown,262,RT_043,1.39,262
,STORE_074,Bindura_Depot,Buns 6-Pack,12,RT_024,1.03,12
2025-03-05 17:03:57,STORE_134,Gweru_Branch,Family Loaf,217,RT_028,,217
2025-05-15 03:10:58,STORE_035,Gweru_Branch,Family Loaf,267,RT_049,2.24,267
2025-12-05 00:00:00,STORE_085,Chitungwiza_Depot,Soft White,232,RT_010,1.13,232
2025-06-07 08:38:00,STORE_105,Chitungwiza_Depot,Buns 6-Pack,209,RT_004,1.26,209
2025-01-16 13:20:27,STORE_080,Harare_Southerton,Buns 6-Pack,60,RT_017,1.03,60
2025-07-28 21:10:58,STORE_022,Bindura_Depot,Wholegrain Brown,146,RT_026,1.55,146
2025-01-01 20:17:59,STORE_065,Bulawayo_Branch,Seed Loaf,309,RT_023,1.55,309
2025-03-03 22:37:06,STORE_137,Harare_Southerton,Buns 6-Pack,60,RT_006,1.08,60
2025-06-08 14:02:16,STORE_011,Chitungwiza_Depot,Family Loaf,287,RT_029,2.13,287
2025-04-02 04:58:37,STORE_006,Kwekwe_Depot,Soft White,293,RT_035,1.17,293
2025-01-04 08:14:19,STORE_055,Harare_Southerton,High Energy White,9,RT_042,1.34,9
2025-04-26 19:02:40,STORE_046,Masvingo_Branch,Family Loaf,96,RT_026,2.16,96
2025-04-04 02:49:51,STORE_008,Harare_Willowvale,High Energy Brown,71,RT_002,1.23,71
2025-03-10 10:14:44,STORE_058,Kwekwe_Depot,High Energy White,46,RT_031,1.27,46
2025-01-31 20:10:39,STORE_075,Marondera_Depot,Soft White,214,RT_024,1.22,214
2025-01-16 23:39:54,STORE_109,Bulawayo_Branch,Family Loaf,242,RT_012,2.11,242
2025-04-19 17:50:48,STORE_037,Mutare_Branch,High Energy White,158,RT_007,1.43,158
2025-07-22 05:28:05,STORE_015,Gweru_Branch,Wholegrain Brown,274,RT_045,1.38,274
2025-02-08 13:17:48,STORE_125,Bulawayo_Branch,Seed Loaf,261,RT_030,1.59,261
2025-06-12 20:11:13,STORE_061,Bulawayo_Branch,Whole Wheat,133,RT_008,1.53,133
2025-02-05 13:32:01,STORE_009,Marondera_Depot,Seed Loaf,191,RT_032,1.5,191
2025-01-20 19:36:29,STORE_138,Bindura_Depot,Family Loaf,101,RT_012,2.34,101
2025-07-03 08:57:13,STORE_063,Masvingo_Branch,High Energy Brown,102,RT_008,1.45,102
2025-06-22 05:48:48,STORE_061,Marondera_Depot,Whole Wheat,52,RT_018,1.36,52
2025-05-05 03:04:06,STORE_067,Kwekwe_Depot,High Energy Brown,304,RT_046,1.38,304
2025-04-02 14:34:31,STORE_087,Gweru_Branch,Whole Wheat,72,RT_027,1.46,72
2025-04-28 03:00:00,STORE_058,Masvingo_Branch,High Energy White,5,RT_043,1.27,5
2025-03-12 00:00:00,STORE_121,Mutare_Branch,Soft White,171,RT_030,1.29,171
2025-05-12 07:04:19,STORE_134,Bindura_Depot,Mini Rolls 6-Pack,20,RT_009,1.18,20
2025-07-28 00:12:33,STORE_011,Mutare_Branch,High Energy White,165,RT_048,1.46,165
2025-03-04 06:05:50,STORE_061,Chitungwiza_Depot,Buns 6-Pack,316,RT_044,1.27,316
2025-01-29 15:20:27,STORE_071,Harare_Willowvale,Wholegrain Brown,296,RT_018,1.56,296
2025-06-08 20:51:19,STORE_045,Harare_Southerton,Wholegrain Brown,9,RT_048,1.38,9
2025-01-28 08:54:00,STORE_119,Masvingo_Branch,High Energy Brown,192,RT_026,1.42,192
2025-06-04 02:38:12,STORE_091,Bulawayo_Branch,Wholegrain Brown,186,RT_025,1.31,186
2025-07-05 01:51:17,STORE_063,Gweru_Branch,Seed Loaf,253,RT_045,1.7,253
2025-05-25 08:51:32,STORE_127,Chitungwiza_Depot,Whole Wheat,7,RT_048,1.38,7
2025-07-21 00:19:24,STORE_137,Harare_Willowvale,Buns 6-Pack,22,RT_006,1.27,22
2025-03-30 18:56:28,STORE_101,Marondera_Depot,Soft White,105,RT_012,1.26,105
2025-02-17 23:43:01,STORE_105,Gweru_Branch,Seed Loaf,309,RT_016,1.41,309
2025-05-19 06:39:07,STORE_086,Bindura_Depot,Soft White,139,RT_026,1.18,139
2025-06-20 05:57:06,STORE_019,Chitungwiza_Depot,Wholegrain Brown,120,RT_045,1.36,120
2025-03-18 00:55:19,STORE_065,Masvingo_Branch,Seed Loaf,106,RT_014,1.52,106
2025-06-24 12:23:56,STORE_039,Mutare_Branch,Wholegrain Brown,99,RT_025,1.53,99
2025-01-16 10:49:56,STORE_135,Mutare_Branch,Seed Loaf,235,RT_041,1.63,235
2025-07-14 07:19:04,STORE_091,,Wholegrain Brown,89,RT_045,1.44,89
2025-01-02 15:08:46,STORE_041,Harare_Willowvale,Wholegrain Brown,154,RT_020,1.31,154
2025-03-25 12:02:34,STORE_112,Kwekwe_Depot,Wholegrain Brown,91,RT_039,1.37,91
2025-01-11 00:20:56,STORE_129,Bulawayo_Branch,Mini Rolls 6-Pack,49,RT_033,0.98,49
2025-06-03 17:14:48,STORE_097,Harare_Willowvale,Family Loaf,58,RT_040,2.23,58
2025-07-24 01:33:52,STORE_085,Harare_Southerton,High Energy White,222,RT_037,1.34,222
2025-01-23 13:07:41,STORE_060,Marondera_Depot,High Energy Brown,25,RT_049,1.46,25
2025-06-09 22:07:38,STORE_082,Masvingo_Branch,Whole Wheat,258,RT_003,1.61,258
2025-01-18 14:06:43,STORE_123,Harare_Southerton,Soft White,260,RT_006,1.33,260
2025-01-25 02:12:32,STORE_135,Mutare_Branch,Soft White,118,RT_010,1.22,118
2025-03-20 13:28:22,STORE_086,Gweru_Branch,Whole Wheat,301,RT_019,1.4,301
2025-03-09 11:44:12,STORE_013,Chitungwiza_Depot,High Energy Brown,220,RT_049,1.38,220
2025-03-13 21:03:59,STORE_117,Bindura_Depot,Seed Loaf,151,,1.53,151
2025-05-22 21:41:55,STORE_011,Marondera_Depot,Mini Rolls 6-Pack,129,RT_023,0.91,129
2025-06-19 09:15:16,STORE_003,Harare_Southerton,Seed Loaf,217,RT_010,1.5,217
2025-06-04 10:21:39,STORE_040,Kwekwe_Depot,Mini Rolls 6-Pack,95,RT_046,0.9,95
2025-05-24 16:10:30,STORE_010,Masvingo_Branch,Seed Loaf,303,RT_012,1.5,303
2025-06-10 10:58:41,STORE_069,Harare_Southerton,Soft White,208,RT_046,1.3,208
2025-02-28 22:05:49,STORE_053,Gweru_Branch,Seed Loaf,263,RT_022,1.62,263
2025-03-10 09:42:02,STORE_121,Kwekwe_Depot,Whole Wheat,39,RT_031,1.6,39
2025-06-11 00:31:14,STORE_124,Gweru_Branch,Seed Loaf,133,RT_019,1.49,133
2025-05-14 09:10:17,STORE_089,Marondera_Depot,Family Loaf,209,RT_040,2.25,209
2025-05-28 06:20:00,STORE_037,Mutare_Branch,Whole Wheat,55,RT_039,1.49,55
2025-02-27 14:04:27,STORE_134,Harare_Southerton,Family Loaf,48,RT_023,2.34,48
2025-05-08 15:54:04,STORE_033,Bulawayo_Branch,Seed Loaf,153,RT_032,1.52,153
2025-04-29 20:49:16,STORE_103,Harare_Willowvale,Buns 6-Pack,308,RT_041,1.03,308
2025-07-23 11:04:25,STORE_059,Marondera_Depot,Whole Wheat,110,RT_028,1.45,110
2025-04-07 06:14:11,STORE_002,Harare_Southerton,High Energy Brown,195,RT_003,1.36,195
2025-01-30 09:24:08,STORE_008,Mutare_Branch,Buns 6-Pack,245,RT_049,1.09,245
2025-07-21 14:31:18,STORE_079,Bindura_Depot,High Energy Brown,14,RT_027,1.21,14
2025-04-23 07:54:36,STORE_096,Harare_Willowvale,Family Loaf,168,RT_003,2.21,168
2025-01-03 18:20:26,STORE_005,,Family Loaf,106,RT_008,2.22,106
2025-07-22 21:38:59,STORE_009,Masvingo_Branch,High Energy White,231,RT_024,1.32,231
2025-04-15 21:05:55,STORE_126,Chitungwiza_Depot,Buns 6-Pack,159,RT_026,1.16,159
2025-05-23 08:32:08,STORE_081,Bindura_Depot,Mini Rolls 6-Pack,168,RT_011,1.08,168
2025-06-02 04:06:30,STORE_028,Bulawayo_Branch,High Energy White,226,RT_029,1.26,226
2025-04-22 13:39:24,STORE_129,Harare_Willowvale,Seed Loaf,46,RT_018,1.6,46
2025-01-22 01:32:21,STORE_037,Masvingo_Branch,Wholegrain Brown,162,RT_003,1.4,162
2025-02-11 11:57:15,STORE_137,Bulawayo_Branch,Seed Loaf,247,RT_027,1.69,247
2025-02-28 00:54:37,STORE_062,Marondera_Depot,High Energy Brown,81,RT_022,1.42,81
2025-02-23 14:10:32,STORE_103,Kwekwe_Depot,Family Loaf,84,RT_041,2.22,84
2025-01-26 18:08:20,STORE_048,Gweru_Branch,Family Loaf,268,RT_039,2.38,268
2025-02-20 02:36:34,STORE_110,Marondera_Depot,Soft White,62,RT_035,1.15,62
2025-07-16 01:54:50,STORE_070,Masvingo_Branch,Buns 6-Pack,86,RT_024,1.28,86
2025-03-07 21:23:34,STORE_074,Kwekwe_Depot,Mini Rolls 6-Pack,226,RT_041,1.14,226
2025-03-03 08:53:47,STORE_095,Gweru_Branch,Mini Rolls 6-Pack,68,RT_038,1.03,68
2025-07-29 18:47:51,STORE_034,Marondera_Depot,Mini Rolls 6-Pack,160,RT_017,1.05,160
2025-01-27 19:05:38,STORE_048,Kwekwe_Depot,Soft White,312,RT_048,1.2,312
2025-01-19 06:10:15,STORE_129,Bulawayo_Branch,Whole Wheat,155,RT_029,1.39,155
2025-04-27 09:04:39,STORE_052,Kwekwe_Depot,Family Loaf,31,RT_045,2.3,31
2025-06-04 05:23:24,STORE_039,Bulawayo_Branch,Seed Loaf,103,RT_045,1.45,103
2025-04-27 14:15:32,STORE_076,Harare_Southerton,Buns 6-Pack,174,RT_038,1.13,174
2025-01-21 19:18:39,STORE_017,Bulawayo_Branch,Mini Rolls 6-Pack,49,RT_034,1.11,49
2025-04-17 02:55:24,STORE_020,Chitungwiza_Depot,High Energy White,173,RT_024,1.43,173
2025-07-20 15:00:47,STORE_123,Marondera_Depot,Seed Loaf,210,RT_032,1.61,210
2025-07-30 21:57:15,STORE_136,Harare_Willowvale,High Energy White,157,RT_022,1.32,157
2025-05-20 05:44:12,STORE_138,Mutare_Branch,Wholegrain Brown,72,RT_038,1.51,72
2025-05-02 06:42:22,STORE_052,Bindura_Depot,Family Loaf,87,RT_030,2.23,87
2025-06-16 07:12:22,STORE_056,Bulawayo_Branch,High Energy White,136,RT_019,1.49,136
2025-01-01 13:51:15,STORE_081,Masvingo_Branch,High Energy Brown,86,RT_003,1.35,86
2025-01-25 04:50:28,STORE_019,Chitungwiza_Depot,Whole Wheat,40,RT_024,1.61,40
2025-06-24 06:07:16,STORE_035,Gweru_Branch,High Energy White,164,RT_046,1.34,164
2025-01-08 11:48:16,STORE_128,Kwekwe_Depot,Family Loaf,33,RT_033,2.35,33
2025-06-11 04:41:37,STORE_051,Harare_Southerton,Seed Loaf,57,RT_020,1.61,57
2025-03-19 07:03:33,STORE_068,Marondera_Depot,High Energy White,243,RT_032,1.38,243
2025-07-22 10:22:13,STORE_026,Bulawayo_Branch,Mini Rolls 6-Pack,60,RT_047,1.19,60
2025-03-15 13:48:15,STORE_010,Chitungwiza_Depot,Whole Wheat,39,RT_004,1.48,39
2025-06-16 01:36:32,STORE_080,Chitungwiza_Depot,High Energy White,217,RT_034,1.47,217
2025-03-27 21:43:32,STORE_118,Mutare_Branch,Mini Rolls 6-Pack,225,RT_017,1.05,225
2025-03-25 14:25:53,STORE_093,Mutare_Branch,Mini Rolls 6-Pack,226,RT_022,1.01,226
2025-07-28 02:45:36,STORE_014,Kwekwe_Depot,High Energy White,188,RT_028,1.31,188
2025-01-06 03:34:02,STORE_112,Bindura_Depot,Mini Rolls 6-Pack,58,RT_002,1.17,58
2025-06-25 19:05:43,STORE_095,Marondera_Depot,Buns 6-Pack,79,RT_020,1.03,79
2025-01-23 15:14:43,STORE_019,Bindura_Depot,Wholegrain Brown,100,RT_005,1.4,100
2025-02-12 05:40:44,STORE_002,Marondera_Depot,Whole Wheat,59,RT_030,1.56,59
2025-02-26 05:00:47,STORE_028,Kwekwe_Depot,Buns 6-Pack,195,RT_019,1.04,195
2025-06-05 05:52:50,STORE_032,Chitungwiza_Depot,High Energy Brown,28,RT_017,1.37,28
2025-01-17 08:36:27,STORE_108,Marondera_Depot,Seed Loaf,163,RT_041,1.49,163
2025-07-11 12:30:00,STORE_064,Harare_Willowvale,Whole Wheat,259,RT_031,1.64,259
2025-06-24 12:35:09,STORE_046,Bindura_Depot,High Energy Brown,49,RT_015,1.24,49
2025-06-08 09:23:59,STORE_051,Kwekwe_Depot,Soft White,253,RT_014,1.18,253
2025-03-23 13:12:07,STORE_063,Gweru_Branch,High Energy White,294,RT_045,1.4,294
2025-05-20 19:14:23,STORE_074,Chitungwiza_Depot,Soft White,69,RT_038,1.4,69
2025-01-30 03:42:09,STORE_066,Marondera_Depot,Family Loaf,199,RT_034,2.31,199
2025-02-09 19:21:29,STORE_018,Masvingo_Branch,Soft White,112,RT_036,1.39,112
2025-01-01 21:10:18,STORE_016,Bulawayo_Branch,High Energy Brown,102,RT_032,1.42,102
2025-06-07 15:53:21,STORE_081,Gweru_Branch,High Energy White,6,RT_044,1.31,6
2025-05-26 19:36:27,STORE_108,Gweru_Branch,Milk1L,75,RT_048,2.36,75
2025-07-30 08:14:12,STORE_087,Bulawayo_Branch,Whole grain Brown,114,RT_002,1.32,114
2025-04-21 05:32:59,STORE_009,Harare_Willowvale,Buns 6-Pack,306,RT_046,1.09,306
2025-02-22 19:44:30,STORE_039,Kwekwe_Depot,Buns 6-Pack,137,RT_031,1.22,137
2025-02-08 14:26:00,STORE_016,Chitungwiza_Depot,High Energy White,261,RT_021,1.25,261
2025-03-19 02:38:34,STORE_013,Masvingo_Branch,Mini Rolls 6-Pack,55,RT_024,0.94,55
2025-03-08 09:46:20,STORE_010,Kwekwe_Depot,Soft White,152,RT_032,1.29,152
2025-04-09 19:56:56,STORE_004,Kwekwe_Depot,Soft White,113,RT_030,1.12,113
2025-01-15 17:08:20,STORE_057,Masvingo_Branch,Family Loaf,29,RT_015,2.38,29
2025-01-29 23:20:40,STORE_026,Harare_Southerton,Family Loaf,130,RT_002,2.38,130
2025-03-08 00:16:34,STORE_108,Kwekwe_Depot,Wholegrain Brown,228,RT_014,1.48,228
2025-03-10 23:23:49,STORE_135,Harare_Southerton,High Energy White,169,RT_016,1.36,169
2025-04-21 11:18:11,STORE_117,Masvingo_Branch,Seed Loaf,175,RT_018,1.41,175
2025-07-16 02:44:47,STORE_005,Harare_Willowvale,High Energy Brown,96,RT_015,1.46,96
2025-04-24 06:45:57,STORE_055,Marondera_Depot,High Energy Brown,126,RT_041,1.45,126
2025-01-31 21:39:55,STORE_038,Harare_Willowvale,Mini Rolls 6-Pack,123,RT_038,1.16,123
2025-02-10 00:13:20,STORE_114,Marondera_Depot,High Energy Brown,226,RT_023,1.3,226
2025-06-30 00:28:07,STORE_014,Mutare_Branch,Buns 6-Pack,67,RT_015,1.25,67
2025-03-25 15:21:00,STORE_027,Bindura_Depot,Wholegrain Brown,177,RT_028,1.32,177
2025-02-14 09:26:38,STORE_014,Gweru_Branch,Seed Loaf,154,RT_021,1.52,154
2025-01-02 19:33:57,STORE_022,Mutare_Branch,Whole Wheat,191,RT_042,1.46,191
2025-06-15 09:42:04,STORE_128,Mutare_Branch,Family Loaf,20,RT_027,2.18,20
2025-07-07 11:01:34,STORE_061,Bindura_Depot,Seed Loaf,309,RT_034,1.44,309
2025-03-01 05:42:48,STORE_045,Bindura_Depot,Family Loaf,94,RT_017,2.37,94
2025-05-15 21:11:50,STORE_037,Mutare_Branch,Whole Wheat,165,RT_001,1.51,165
2025-05-01 13:14:03,STORE_110,Harare_Southerton,Wholegrain Brown,181,RT_013,1.31,181
2025-01-27 19:26:40,STORE_124,Bindura_Depot,Seed Loaf,96,RT_032,1.62,96
2025-04-17 05:54:11,STORE_016,Masvingo_Branch,High Energy Brown,139,RT_014,1.31,139
2025-05-16 07:14:35,STORE_041,Gweru_Branch,Family Loaf,204,RT_024,2.27,204
2025-01-15 08:04:29,STORE_047,Masvingo_Branch,Seed Loaf,5,RT_017,1.7,5
2025-12-05 00:00:00,STORE_126,Bindura_Depot,Buns 6-Pack,69,RT_007,1.22,69
2025-05-17 20:04:30,STORE_044,Marondera_Depot,High Energy White,49,RT_030,1.3,49
2025-04-07 10:01:52,STORE_127,Bindura_Depot,HighEnergyBrown,36,RT_043,1.4,36
2025-07-18 23:36:50,STORE_095,Mutare_Branch,Soft White,42,RT_043,1.34,42
2025-04-13 18:58:31,STORE_042,Marondera_Depot,Wholegrain Brown,296,RT_006,1.46,296
2025-04-04 12:23:43,STORE_139,Harare_Willowvale,Soft White,75,RT_007,1.29,75
2025-01-10 12:18:49,STORE_058,Harare_Willowvale,Whole Wheat,175,RT_031,1.44,175
2025-02-23 10:52:02,STORE_109,Bulawayo_Branch,Mini Rolls 6-Pack,177,RT_043,0.92,177
2025-04-05 03:49:00,STORE_084,Marondera_Depot,Buns 6-Pack,232,RT_011,1.28,232
2025-04-14 07:49:37,STORE_049,Bindura_Depot,High Energy White,272,RT_008,1.24,272
2025-03-17 06:00:32,STORE_037,Mutare_Branch,Family Loaf,141,RT_009,2.28,141
2025-01-12 16:05:14,STORE_123,Mutare_Branch,High Energy White,138,RT_015,1.3,138
2025-04-08 18:34:40,STORE_064,Bindura_Depot,Family Loaf,24,RT_032,2.33,24
2025-07-26 01:46:13,STORE_033,Bulawayo_Branch,High Energy White,172,RT_042,1.34,172
2025-02-26 05:53:53,STORE_096,Mutare_Branch,High Energy White,14,RT_029,1.35,14
2025-03-05 03:25:00,STORE_108,Harare_Southerton,Buns 6-Pack,93,RT_037,1.07,93
2025-06-12 17:01:11,STORE_050,Bindura_Depot,High Energy White,280,RT_040,1.25,280
2025-01-01 19:18:39,STORE_126,Mutare_Branch,Mini Rolls 6-Pack,44,RT_047,1.11,44
2025-05-26 06:15:08,STORE_057,Kwekwe_Depot,Soft White,165,RT_048,1.35,165
2025-03-20 12:19:24,STORE_016,Harare_Southerton,Seed Loaf,73,RT_041,1.4,73
2025-01-24 20:44:52,STORE_121,Marondera_Depot,Soft White,55,RT_013,1.4,55
2025-04-02 23:00:23,STORE_018,Bindura_Depot,Wholegrain Brown,303,RT_025,1.48,303
2025-06-15 22:59:28,STORE_010,Chitungwiza_Depot,Mini Rolls 6-Pack,155,RT_011,1.12,155
2025-02-21 00:19:37,STORE_087,Bindura_Depot,Whole Wheat,294,RT_040,1.43,294
2025-03-06 21:46:08,STORE_096,Bulawayo_Branch,Whole Wheat,85,RT_010,1.37,85
2025-02-28 21:07:48,STORE_094,Masvingo_Branch,High Energy White,246,RT_028,1.41,246
2025-03-02 12:59:48,STORE_123,Kwekwe_Depot,High Energy White,293,RT_019,1.4,293
2025-02-10 05:06:16,STORE_095,Chitungwiza_Depot,High Energy White,66,RT_048,1.4,66
2025-06-19 16:06:16,STORE_115,Chitungwiza_Depot,High Energy White,33,RT_038,1.46,33
2025-01-17 08:54:26,STORE_056,Masvingo_Branch,Whole Wheat,123,RT_006,1.52,123
2025-04-17 11:55:52,STORE_104,Harare_Southerton,Wholegrain Brown,14,RT_007,1.31,14
2025-05-07 21:59:38,STORE_065,Mutare_Branch,Whole Wheat,259,RT_020,1.62,259
2025-04-05 00:30:45,STORE_030,Chitungwiza_Depot,High Energy Brown,125,RT_007,1.25,125
2025-05-07 09:14:54,STORE_134,Harare_Willowvale,Whole Wheat,44,RT_036,1.58,44
2025-05-26 15:00:06,STORE_077,Harare_Willowvale,High Energy White,190,RT_027,1.33,190
2025-02-14 22:22:29,STORE_020,Bulawayo_Branch,Seed Loaf,214,RT_046,1.62,214
2025-03-13 09:08:44,STORE_132,Marondera_Depot,Wholegrain Brown,127,RT_016,1.5,127
2025-05-01 13:48:50,STORE_039,Masvingo_Branch,Wholegrain Brown,300,RT_037,1.41,300
2025-06-22 09:42:49,STORE_100,Mutare_Branch,High Energy White,219,RT_013,1.24,219
2025-03-17 06:36:24,STORE_007,Bindura_Depot,High Energy Brown,297,RT_037,1.34,297
2025-07-30 00:32:33,STORE_106,Chitungwiza_Depot,Family Loaf,184,RT_020,2.14,184
2025-05-06 11:43:39,STORE_054,Bindura_Depot,High Energy White,50,RT_037,1.44,50
2025-05-22 00:40:42,STORE_139,Chitungwiza_Depot,High Energy White,99,RT_021,1.49,99
2025-04-03 10:13:40,STORE_053,Bulawayo_Branch,Seed Loaf,75,RT_006,1.44,75
2025-04-25 18:58:06,STORE_054,Bindura_Depot,Buns 6-Pack,252,RT_020,1.28,252
2025-02-20 07:55:30,STORE_027,Mutare_Branch,Family Loaf,245,RT_005,2.21,245
2025-06-10 10:30:02,STORE_050,Marondera_Depot,Wholegrain Brown,302,RT_003,1.31,302
2025-06-01 22:21:13,STORE_028,Bulawayo_Branch,Seed Loaf,290,RT_047,1.68,290
2025-02-25 02:49:12,STORE_119,Bulawayo_Branch,High Energy White,179,RT_047,1.28,179
2025-01-25 13:02:19,STORE_088,Masvingo_Branch,Buns 6-Pack,64,RT_004,1.11,64
2025-03-12 21:02:49,STORE_083,Chitungwiza_Depot,Buns 6-Pack,305,RT_034,1.12,305
2025-02-16 17:16:29,STORE_104,Harare_Willowvale,Wholegrain Brown,75,RT_029,,75
2025-05-19 07:42:18,STORE_138,Harare_Willowvale,Wholegrain Brown,84,RT_009,1.58,84
2025-02-01 23:10:56,STORE_056,Kwekwe_Depot,Whole Wheat,216,RT_046,1.37,216
2025-06-10 13:35:31,STORE_092,Masvingo_Branch,Seed Loaf,178,RT_045,1.68,178
2025-02-01 05:43:35,STORE_066,Harare_Willowvale,Wholegrain Brown,92,RT_040,1.52,92
2025-05-29 16:02:55,STORE_125,Marondera_Depot,Buns 6-Pack,152,RT_036,1.17,152
2025-07-09 12:12:31,STORE_127,Bindura_Depot,HighEnergyBrown,76,RT_044,,76
2025-03-13 21:28:35,STORE_023,Mutare_Branch,Buns 6-Pack,255,RT_018,1.22,255
2025-05-02 18:54:39,STORE_098,Chitungwiza_Depot,Buns 6-Pack,96,RT_026,1.11,96
2025-07-19 16:26:51,STORE_138,Bulawayo_Branch,Family Loaf,218,RT_015,2.28,218
2025-01-20 18:05:22,STORE_036,Chitungwiza_Depot,Family Loaf,140,RT_037,2.37,140
2025-06-03 00:25:02,STORE_097,Gweru_Branch,High Energy White,60,RT_041,1.44,60
2025-01-03 13:58:00,STORE_127,Bindura_Depot,Soft White,306,RT_001,1.26,306
2025-01-27 14:32:36,STORE_138,Bulawayo_Branch,Mini Rolls 6-Pack,245,RT_026,1.1,245
2025-06-19 17:52:21,STORE_077,Masvingo_Branch,High Energy Brown,158,RT_035,1.44,158
2025-01-04 13:38:13,STORE_082,Bulawayo_Branch,Soft White,39,RT_035,1.3,39
2025-04-17 05:05:48,STORE_064,Chitungwiza_Depot,Seed Loaf,267,RT_041,1.62,267
2025-05-31 22:52:02,STORE_022,Kwekwe_Depot,High Energy White,161,RT_018,1.22,161
2025-01-29 03:25:00,STORE_115,Gweru_Branch,Mini Rolls 6-Pack,14,RT_028,1.14,14
2025-02-16 10:00:42,STORE_032,Gweru_Branch,Soft White,178,RT_033,1.35,178
2025-04-13 11:02:25,STORE_134,Harare_Southerton,Family Loaf,309,RT_047,2.35,309
2025-03-28 16:42:06,STORE_133,Chitungwiza_Depot,Wholegrain Brown,196,RT_029,1.58,196
2025-01-06 18:12:42,STORE_045,Bulawayo_Branch,Whole Wheat,317,RT_035,1.39,317
2025-05-10 17:52:19,STORE_133,Harare_Willowvale,Family Loaf,278,RT_044,2.18,278
2025-05-25 04:45:09,STORE_136,Gweru_Branch,Whole Wheat,48,RT_008,1.64,48
2025-06-11 13:25:19,STORE_021,Bulawayo_Branch,High Energy White,78,RT_020,1.44,78
2025-07-30 18:28:20,STORE_054,Mutare_Branch,Family Loaf,287,RT_001,2.26,287
2025-05-01 00:52:27,STORE_051,Marondera_Depot,Whole Wheat,293,RT_036,1.42,293
2025-01-12 16:56:43,STORE_099,Masvingo_Branch,Mini Rolls 6-Pack,218,RT_011,1.17,218
2025-01-13 08:57:04,STORE_057,Masvingo_Branch,Whole Wheat,17,RT_043,1.62,17
2025-07-29 22:28:39,STORE_034,Mutare_Branch,Family Loaf,256,RT_020,2.18,256
2025-03-18 08:38:39,STORE_113,Mutare_Branch,Family Loaf,314,RT_024,2.28,314
2025-05-26 02:42:49,STORE_010,Masvingo_Branch,Mini Rolls 6-Pack,183,RT_036,1.09,183
2025-06-30 02:17:23,STORE_109,Masvingo_Branch,High Energy Brown,12,RT_011,1.25,12
2025-01-15 23:42:09,STORE_045,Bulawayo_Branch,Mini Rolls 6-Pack,44,RT_022,1.01,44
2025-02-01 12:30:08,STORE_085,Bindura_Depot,Whole Wheat,109,RT_006,1.56,109
2025-07-17 14:12:42,STORE_053,Bulawayo_Branch,Seed Loaf,97,RT_006,1.64,97
2025-06-13 16:52:13,STORE_093,Bulawayo_Branch,Seed Loaf,94,RT_025,1.59,94
2025-03-05 08:27:40,STORE_004,Marondera_Depot,Family Loaf,10,RT_015,2.22,10
2025-06-04 03:16:32,STORE_079,Bulawayo_Branch,High Energy Brown,245,RT_018,1.33,245
2025-04-15 00:58:58,STORE_035,Kwekwe_Depot,High Energy Brown,22,RT_018,1.48,22
2025-03-08 15:21:02,STORE_025,Masvingo_Branch,Family Loaf,214,RT_033,2.14,214
2025-05-25 16:35:40,STORE_009,Gweru_Branch,Whole Wheat,317,RT_042,1.46,317
2025-07-22 21:13:08,STORE_088,Masvingo_Branch,Mini Rolls 6-Pack,98,RT_044,1.1,98
2025-06-29 08:05:03,STORE_089,Harare_Southerton,High Energy Brown,127,RT_013,1.46,127
2025-03-29 05:32:45,STORE_053,Gweru_Branch,Wholegrain Brown,191,RT_021,1.55,191
2025-02-08 14:07:35,STORE_001,Masvingo_Branch,Family Loaf,104,RT_014,2.36,104
2025-04-07 10:45:00,STORE_120,Marondera_Depot,High Energy Brown,247,RT_045,1.21,247
2025-01-31 23:28:37,STORE_030,Chitungwiza_Depot,Mini Rolls 6-Pack,156,RT_027,1.08,156
2025-02-09 02:46:09,STORE_138,Chitungwiza_Depot,Family Loaf,137,RT_047,2.29,137
2025-04-03 10:26:18,STORE_130,Masvingo_Branch,Family Loaf,256,RT_027,2.27,256
2025-05-23 21:28:58,STORE_012,Masvingo_Branch,Whole Wheat,139,RT_046,1.48,139
2025-06-27 06:52:50,STORE_065,Bulawayo_Branch,Buns 6-Pack,162,RT_029,1.17,162
2025-02-07 17:56:05,STORE_114,Mutare_Branch,Whole Wheat,7,RT_038,1.35,7
2025-03-25 02:16:31,STORE_098,Harare_Willowvale,Mini Rolls 6-Pack,181,RT_021,1.13,181
2025-06-01 17:26:01,STORE_052,Marondera_Depot,Buns 6-Pack,272,RT_025,1.09,272
2025-01-06 11:36:58,STORE_117,Bulawayo_Branch,Wholegrain Brown,82,RT_002,1.36,82
2025-05-20 04:19:30,STORE_118,Kwekwe_Depot,Mini Rolls 6-Pack,49,RT_007,1.18,49
2025-01-01 21:49:23,STORE_008,Gweru_Branch,Whole Wheat,144,RT_006,1.59,144
2025-03-08 12:46:53,STORE_058,Harare_Southerton,High Energy White,42,RT_013,1.34,42
2025-03-09 17:39:33,STORE_007,Mutare_Branch,Family Loaf,153,RT_047,2.38,153
2025-07-07 11:26:43,STORE_093,Harare_Southerton,High Energy White,49,RT_044,1.25,49
2025-04-20 18:43:04,STORE_001,Gweru_Branch,High Energy White,311,RT_012,1.34,311
2025-01-05 19:42:41,STORE_099,Harare_Southerton,Seed Loaf,65,RT_013,1.57,65
2025-01-06 17:29:15,STORE_071,Marondera_Depot,High Energy Brown,235,RT_037,1.5,235
2025-03-12 06:55:29,STORE_001,Harare_Southerton,Soft White,249,RT_042,1.38,249
2025-01-03 17:00:00,STORE_031,Marondera_Depot,High Energy Brown,197,RT_049,1.41,197
2025-06-11 08:53:22,STORE_077,Masvingo_Branch,High Energy Brown,54,RT_037,1.29,54
2025-03-12 02:32:54,STORE_002,Kwekwe_Depot,Buns 6-Pack,221,RT_039,1.3,221
2025-06-09 09:37:45,STORE_026,Bindura_Depot,Seed Loaf,224,RT_012,1.56,224
2025-04-11 03:33:51,STORE_121,Gweru_Branch,Soft White,282,RT_010,1.21,282
2025-04-24 02:01:28,STORE_111,Masvingo_Branch,Mini Rolls 6-Pack,284,RT_042,0.92,284
2025-07-25 11:05:03,STORE_078,Harare_Willowvale,High Energy White,137,RT_014,1.24,137
2025-04-11 14:18:40,STORE_037,Mutare_Branch,Mini Rolls 6-Pack,68,RT_001,0.96,68
2025-05-08 10:42:27,STORE_087,Gweru_Branch,Mini Rolls 6-Pack,154,RT_033,1.05,154
2025-03-08 01:16:53,STORE_064,Chitungwiza_Depot,Buns 6-Pack,312,RT_011,1.28,312
2025-03-18 20:43:01,STORE_094,Harare_Willowvale,Mini Rolls 6-Pack,20,RT_045,0.95,20
2025-04-24 22:37:28,STORE_132,Harare_Southerton,Seed Loaf,318,RT_034,1.4,318
2025-05-17 17:27:26,STORE_119,Mutare_Branch,High Energy White,80,RT_009,1.32,80
2025-04-15 13:22:36,STORE_132,Marondera_Depot,Buns 6-Pack,173,RT_016,1.08,173
2025-01-18 19:46:38,STORE_056,Mutare_Branch,Soft White,261,RT_007,1.39,261
2025-05-05 01:54:49,STORE_096,Bindura_Depot,Family Loaf,280,RT_040,2.31,280
2025-07-10 00:52:47,STORE_077,Bulawayo_Branch,Soft White,203,RT_043,1.3,203
2025-07-22 12:43:20,STORE_016,Chitungwiza_Depot,High Energy White,119,RT_010,1.28,119
2025-01-23 12:46:33,STORE_064,Harare_Southerton,High Energy White,214,RT_013,1.24,214
2025-07-02 09:50:06,STORE_003,Bulawayo_Branch,Seed Loaf,210,RT_010,1.47,210
2025-01-29 15:29:28,STORE_124,Harare_Willowvale,Whole Wheat,91,RT_016,1.63,91
2025-04-10 10:56:14,STORE_129,Bindura_Depot,Family Loaf,225,RT_031,2.2,225
2025-01-19 16:12:40,STORE_131,Masvingo_Branch,Seed Loaf,73,RT_027,1.62,73
2025-03-10 06:39:58,STORE_047,Kwekwe_Depot,Wholegrain Brown,52,RT_005,1.55,52
2025-05-27 03:25:27,STORE_002,Marondera_Depot,High Energy White,216,RT_033,1.28,216
2025-07-16 07:54:15,STORE_042,Bulawayo_Branch,High Energy Brown,242,RT_024,1.32,242
2025-04-30 23:54:47,STORE_082,Gweru_Branch,Soft White,144,RT_014,1.18,144
2025-02-02 01:04:14,STORE_097,Bindura_Depot,High Energy White,103,RT_023,1.48,103
2025-04-23 21:54:32,STORE_053,Marondera_Depot,High Energy White,163,RT_026,1.32,163
2025-04-16 04:44:29,STORE_082,Marondera_Depot,Wholegrain Brown,217,RT_049,1.4,217
2025-01-30 00:07:48,STORE_109,Gweru_Branch,Buns 6-Pack,138,RT_007,1.14,138
2025-01-18 15:05:55,STORE_084,Kwekwe_Depot,Soft White,95,RT_049,1.26,95
2025-01-19 09:07:29,STORE_042,Harare_Southerton,Buns 6-Pack,151,RT_021,1.2,151
2025-02-13 05:47:09,STORE_115,Harare_Willowvale,High Energy Brown,220,RT_041,1.3,220
2025-04-08 09:25:27,STORE_100,Bindura_Depot,High Energy White,150,RT_048,1.24,150
2025-02-18 16:25:30,STORE_012,Gweru_Branch,Mini Rolls 6-Pack,128,RT_007,0.99,128
2025-02-12 03:15:03,STORE_051,Marondera_Depot,High Energy Brown,64,RT_030,1.45,64
2025-07-20 20:18:55,STORE_011,Marondera_Depot,Mini Rolls 6-Pack,216,RT_037,1.2,216
2025-07-20 04:12:57,STORE_021,Mutare_Branch,Wholegrain Brown,174,RT_035,1.32,174
2025-07-08 21:31:32,STORE_046,Gweru_Branch,Buns 6-Pack,208,RT_003,1.03,208
2025-06-16 15:00:20,STORE_139,Masvingo_Branch,Seed Loaf,275,RT_035,1.54,275
2025-04-26 22:18:15,STORE_081,Marondera_Depot,Seed Loaf,67,RT_035,1.5,67
2025-06-30 20:12:43,STORE_054,Masvingo_Branch,Whole Wheat,42,RT_037,1.44,42
2025-01-05 21:01:20,STORE_101,Marondera_Depot,High Energy White,8,RT_025,1.26,8
2025-05-02 15:57:09,STORE_139,Bulawayo_Branch,Mini Rolls 6-Pack,108,RT_042,1.1,108
2025-06-09 20:42:13,STORE_112,Masvingo_Branch,High Energy White,23,RT_007,1.39,23
2025-04-26 07:02:50,STORE_041,Gweru_Branch,Wholegrain Brown,89,RT_015,1.41,89
2025-07-05 14:24:57,STORE_078,Marondera_Depot,High Energy White,79,RT_030,1.38,79
2025-07-06 18:34:24,STORE_076,Gweru_Branch,Whole Wheat,245,RT_045,1.42,245
2025-01-06 08:05:22,STORE_021,Chitungwiza_Depot,High Energy White,114,RT_039,1.45,114
2025-02-25 06:33:54,STORE_007,Mutare_Branch,Seed Loaf,59,RT_005,1.65,59
2025-01-06 12:24:44,STORE_022,Gweru_Branch,Seed Loaf,46,RT_047,1.53,46
2025-03-14 02:53:39,STORE_017,Bulawayo_Branch,Seed Loaf,198,RT_029,1.56,198
2025-06-07 12:26:09,STORE_137,Bindura_Depot,High Energy Brown,200,RT_039,1.3,200
2025-04-20 09:20:44,STORE_129,Chitungwiza_Depot,Seed Loaf,47,RT_008,1.69,47
2025-05-12 21:48:25,STORE_040,Chitungwiza_Depot,High Energy White,82,RT_005,1.32,82
2025-07-10 09:42:41,STORE_038,Masvingo_Branch,Seed Loaf,273,RT_001,1.47,273
2025-07-02 22:53:51,STORE_013,Mutare_Branch,Seed Loaf,124,RT_039,1.55,124
2025-02-27 15:41:02,STORE_045,Mutare_Branch,High Energy Brown,95,RT_029,1.41,95
2025-06-06 14:38:34,STORE_051,Harare_Southerton,High Energy Brown,137,RT_049,1.4,137
2025-03-15 17:48:52,STORE_094,Bulawayo_Branch,Seed Loaf,180,RT_006,1.65,180
2025-05-21 14:54:58,STORE_095,Harare_Southerton,Soft White,94,RT_019,1.18,94
2025-05-14 02:49:02,STORE_049,Marondera_Depot,High Energy White,242,RT_020,1.29,242
2025-01-11 17:15:09,STORE_058,Gweru_Branch,Soft White,40,RT_017,1.2,40
2025-06-23 16:59:57,STORE_061,Masvingo_Branch,Family Loaf,188,RT_045,2.22,188
2025-07-16 15:46:24,STORE_040,Kwekwe_Depot,Whole Wheat,90,RT_031,1.54,90
2025-03-03 00:41:04,STORE_043,Bindura_Depot,High Energy White,195,RT_016,1.28,195
2025-01-19 20:26:22,STORE_003,Bulawayo_Branch,Wholegrain Brown,237,RT_033,1.56,237
2025-04-05 22:08:39,STORE_124,Harare_Willowvale,High Energy White,108,RT_013,1.36,108
2025-02-17 18:30:36,STORE_029,Chitungwiza_Depot,Whole Wheat,175,RT_005,1.62,175
2025-02-18 03:57:40,STORE_120,Kwekwe_Depot,Family Loaf,230,RT_021,2.11,230
2025-02-11 18:42:16,STORE_137,Mutare_Branch,Whole Wheat,265,RT_037,1.51,265
,STORE_109,Gweru_Branch,Whole Wheat,213,RT_024,1.57,213
2025-06-07 16:27:29,STORE_106,Mutare_Branch,High Energy Brown,50,RT_010,1.46,50
2025-06-11 18:33:49,STORE_118,Bindura_Depot,Wholegrain Brown,16,RT_007,1.39,16
2025-05-18 04:30:11,STORE_066,Gweru_Branch,Family Loaf,273,RT_040,2.1,273
2025-03-04 12:23:16,STORE_012,Bulawayo_Branch,Seed Loaf,160,RT_012,1.64,160
2025-02-02 11:06:42,STORE_018,Harare_Southerton,Wholegrain Brown,252,RT_012,1.54,252
2025-03-11 16:07:56,STORE_093,Chitungwiza_Depot,Whole Wheat,170,RT_031,1.6,170
2025-02-22 13:51:49,STORE_073,Harare_Willowvale,Buns 6-Pack,31,RT_038,1.22,31
2025-03-15 19:57:02,STORE_077,Kwekwe_Depot,Buns 6-Pack,61,RT_033,1.12,61
2025-04-27 20:38:14,STORE_078,Marondera_Depot,Soft White,140,RT_047,1.16,140
2025-05-19 00:17:35,STORE_041,,High Energy White,120,RT_003,1.29,120
2025-03-19 20:07:55,STORE_113,Bindura_Depot,High Energy Brown,311,RT_022,1.31,311
2025-02-15 10:58:46,STORE_106,Gweru_Branch,High Energy Brown,172,RT_007,1.28,172
2025-04-01 05:01:27,STORE_064,Gweru_Branch,Wholegrain Brown,123,RT_015,1.34,123
2025-03-17 10:57:33,STORE_040,Bulawayo_Branch,Buns 6-Pack,85,RT_034,1.06,85
2025-06-20 04:52:01,STORE_027,Harare_Willowvale,High Energy White,29,RT_025,1.38,29
2025-02-15 02:28:57,STORE_025,Harare_Willowvale,Whole Wheat,180,RT_016,1.43,180
2025-06-07 08:44:15,STORE_113,Kwekwe_Depot,Soft White,110,RT_046,1.16,110
2025-03-15 03:52:16,STORE_053,Kwekwe_Depot,Buns 6-Pack,45,RT_025,1.23,45
2025-01-20 07:25:21,STORE_027,Masvingo_Branch,Mini Rolls 6-Pack,69,RT_009,1.18,69
2025-06-08 11:39:48,STORE_042,Gweru_Branch,Wholegrain Brown,62,RT_044,1.48,62
2025-02-14 07:27:13,STORE_028,Mutare_Branch,Whole Wheat,262,RT_013,1.36,262
2025-06-01 08:53:53,STORE_095,Mutare_Branch,Buns 6-Pack,310,RT_042,1.06,310
2025-04-10 04:07:18,STORE_115,Masvingo_Branch,Family Loaf,30,RT_010,2.1,30
2025-06-30 12:48:58,STORE_006,Harare_Willowvale,Buns 6-Pack,91,RT_019,1.17,91
2025-05-21 19:25:51,STORE_105,Bindura_Depot,Wholegrain Brown,54,RT_029,1.51,54
2025-07-19 05:55:50,STORE_060,Harare_Willowvale,High Energy Brown,167,RT_016,1.28,167
2025-03-12 13:37:00,STORE_051,Kwekwe_Depot,Family Loaf,178,RT_035,2.11,178
2025-02-04 11:57:52,STORE_032,Gweru_Branch,Whole Wheat,60,RT_034,1.36,60
2025-07-12 01:33:52,STORE_117,Harare_Southerton,High Energy White,173,RT_025,1.45,173
2025-01-03 16:53:17,STORE_062,Bindura_Depot,Whole Wheat,172,RT_032,1.48,172
2025-05-12 03:47:18,STORE_091,Bulawayo_Branch,Family Loaf,253,RT_018,2.25,253
2025-07-12 01:10:58,STORE_047,Marondera_Depot,Wholegrain Brown,254,RT_028,1.39,254
2025-03-24 18:31:16,STORE_101,Bindura_Depot,High Energy White,199,RT_011,1.37,199
2025-01-07 01:13:17,STORE_130,Kwekwe_Depot,Buns 6-Pack,34,RT_035,1.03,34
,STORE_065,Harare_Southerton,Seed Loaf,62,RT_031,1.61,62
2025-03-15 13:39:41,STORE_067,Harare_Southerton,Soft White,128,RT_015,1.14,128
2025-05-22 16:00:32,STORE_134,Masvingo_Branch,Buns 6-Pack,196,RT_013,1.09,196
2025-03-15 10:52:54,STORE_131,Harare_Southerton,Seed Loaf,69,RT_027,1.42,69
2025-03-07 10:21:18,STORE_103,Marondera_Depot,Whole Wheat,58,RT_002,1.44,58
2025-03-19 13:44:05,STORE_120,Marondera_Depot,High Energy White,97,RT_007,1.33,97
2025-03-02 02:48:05,STORE_019,Bindura_Depot,High Energy Brown,91,RT_028,1.21,91
2025-07-04 04:28:06,STORE_059,Masvingo_Branch,Family Loaf,254,RT_020,2.1,254
2025-01-12 08:44:43,STORE_138,Harare_Willowvale,Mini Rolls 6-Pack,230,RT_022,1.09,230
2025-04-30 22:35:07,STORE_112,Bindura_Depot,Mini Rolls 6-Pack,7,RT_001,1.19,7
2025-02-09 16:30:31,STORE_058,Marondera_Depot,High Energy Brown,215,RT_004,1.21,215
2025-02-28 08:43:16,STORE_019,Bulawayo_Branch,Buns 6-Pack,499,RT_017,1.27,499
2025-05-27 14:31:56,STORE_036,Masvingo_Branch,Seed Loaf,50,RT_001,1.47,50
2025-03-30 00:38:23,STORE_034,Marondera_Depot,Whole Wheat,107,RT_048,1.54,107
2025-04-25 16:36:18,STORE_063,Bindura_Depot,High Energy White,254,RT_044,1.31,254
2025-03-15 20:26:38,STORE_019,Harare_Southerton,Buns 6-Pack,177,RT_045,1.2,177
2025-07-02 15:36:10,STORE_084,Mutare_Branch,Whole Wheat,51,RT_018,1.45,51
2025-07-20 06:50:25,STORE_127,Chitungwiza_Depot,Seed Loaf,222,RT_001,1.53,222
2025-04-17 17:24:09,STORE_016,Harare_Southerton,Wholegrain Brown,144,RT_034,1.46,144
2025-05-06 20:30:03,STORE_089,Mutare_Branch,Family Loaf,217,RT_034,2.3,217
2025-03-18 19:47:20,STORE_103,Mutare_Branch,Wholegrain Brown,206,RT_045,1.39,206
2025-01-21 01:47:21,STORE_078,Bindura_Depot,Wholegrain Brown,191,RT_041,1.3,191
2025-04-13 07:17:03,STORE_104,Chitungwiza_Depot,High Energy White,20,RT_001,1.35,20
2025-06-02 20:58:44,STORE_137,Harare_Southerton,Soft White,140,RT_034,1.24,140
2025-01-19 18:49:24,STORE_106,Bulawayo_Branch,Soft White,18,RT_006,1.11,18
2025-02-13 04:33:42,STORE_139,Chitungwiza_Depot,Wholegrain Brown,103,RT_030,1.51,103
2025-06-18 15:36:58,STORE_011,Masvingo_Branch,Wholegrain Brown,161,RT_039,1.43,161
2025-04-22 07:23:14,STORE_014,Harare_Willowvale,Soft White,244,RT_024,1.15,244
2025-01-21 10:38:19,STORE_024,Bulawayo_Branch,Coke500ml,176,RT_017,1.1,176
2025-06-09 17:19:50,STORE_126,Kwekwe_Depot,Soft White,77,RT_016,1.3,77
2025-04-12 02:51:57,STORE_056,Harare_Willowvale,Whole Wheat,159,RT_021,1.64,159
2025-01-08 11:17:32,STORE_058,Chitungwiza_Depot,Wholegrain Brown,199,RT_015,1.52,199
2025-04-24 21:21:59,STORE_058,Harare_Willowvale,Buns 6-Pack,141,RT_036,1.22,141
2025-01-21 00:48:54,STORE_037,Chitungwiza_Depot,Buns 6-Pack,216,RT_029,1.13,216
2025-07-03 17:39:54,STORE_113,Marondera_Depot,Wholegrain Brown,73,RT_002,1.6,73
2025-05-26 21:04:40,STORE_036,Kwekwe_Depot,High Energy White,272,RT_046,1.49,272
2025-04-01 19:20:58,STORE_031,Chitungwiza_Depot,Family Loaf,256,RT_029,2.33,256
2025-07-22 01:52:42,STORE_010,Harare_Southerton,Seed Loaf,228,RT_027,1.43,228
2025-04-23 20:20:33,STORE_060,Harare_Southerton,Family Loaf,275,RT_029,2.15,275
2025-04-06 19:26:23,STORE_097,Chitungwiza_Depot,Buns 6-Pack,254,RT_015,1.27,254
2025-03-09 09:16:24,STORE_129,Bulawayo_Branch,Whole Wheat,309,RT_045,1.44,309
2025-06-16 10:35:25,STORE_121,Bulawayo_Branch,Seed Loaf,230,RT_003,1.7,230
2025-07-07 15:40:25,STORE_052,Masvingo_Branch,Buns 6-Pack,315,RT_019,1.13,315
2025-07-30 10:29:44,STORE_018,Gweru_Branch,Family Loaf,237,RT_046,2.21,237
2025-02-17 09:31:17,STORE_014,Harare_Southerton,Whole Wheat,289,RT_033,1.6,289
2025-06-10 00:39:42,STORE_068,Harare_Willowvale,Milk1L,117,RT_045,1.38,117
2025-07-26 23:53:13,STORE_008,Bulawayo_Branch,Whole Wheat,245,RT_033,1.5,245
2025-06-27 02:05:17,STORE_094,Kwekwe_Depot,Family Loaf,13,RT_028,2.24,13
2025-03-01 18:54:39,STORE_003,Kwekwe_Depot,Wholegrain Brown,142,RT_010,1.46,142
2025-05-07 02:57:14,STORE_029,Chitungwiza_Depot,Buns 6-Pack,193,RT_019,1.06,193
2025-02-25 00:57:49,STORE_003,Bindura_Depot,High Energy White,114,RT_005,1.47,114
2025-06-11 07:22:10,STORE_060,Chitungwiza_Depot,Seed Loaf,14,RT_003,1.4,14
2025-05-15 11:30:39,STORE_075,Kwekwe_Depot,Seed Loaf,141,RT_033,1.46,141
2025-05-05 16:03:06,STORE_005,Harare_Willowvale,Soft White,246,RT_018,1.36,246
2025-02-03 11:26:11,STORE_020,Masvingo_Branch,Whole Wheat,258,RT_009,1.52,258
2025-05-15 06:35:21,STORE_098,Bindura_Depot,Family Loaf,294,RT_016,2.24,294
2025-07-27 07:47:23,STORE_133,Bulawayo_Branch,Whole Wheat,182,RT_001,1.5,182
2025-06-08 00:53:44,STORE_056,Masvingo_Branch,Whole Wheat,58,RT_039,1.4,58
2025-05-05 01:00:07,STORE_001,Mutare_Branch,Mini Rolls 6-Pack,26,RT_046,1.1,26
2025-05-28 02:57:06,STORE_118,Harare_Southerton,Family Loaf,258,RT_002,2.37,258
2025-03-09 10:41:18,STORE_024,Kwekwe_Depot,Buns 6-Pack,22,RT_045,1.1,22
2025-03-12 10:39:28,STORE_089,Gweru_Branch,Whole Wheat,266,RT_017,1.38,266
2025-02-17 06:33:16,STORE_016,Marondera_Depot,High Energy White,215,RT_007,1.39,215
2025-03-30 17:26:41,STORE_042,Mutare_Branch,High Energy Brown,244,RT_026,1.35,244
2025-01-06 16:23:19,STORE_006,Bindura_Depot,Buns 6-Pack,79,RT_028,1.13,79
2025-04-17 08:11:36,STORE_030,Bulawayo_Branch,Seed Loaf,166,RT_027,1.48,166
2025-02-11 06:50:08,STORE_028,Mutare_Branch,Mini Rolls 6-Pack,143,RT_049,1.17,143
2025-01-30 18:54:57,STORE_004,Mutare_Branch,High Energy Brown,312,RT_025,1.34,312
2025-05-25 05:28:09,STORE_006,Masvingo_Branch,Family Loaf,313,RT_011,2.32,313
2025-05-13 09:20:59,STORE_087,Harare_Willowvale,Soft White,265,RT_025,1.37,265
2025-03-19 21:02:26,STORE_119,Bulawayo_Branch,Seed Loaf,306,RT_012,1.57,306
2025-07-10 08:11:58,STORE_086,Gweru_Branch,Seed Loaf,287,RT_018,1.48,287
2025-05-01 06:35:54,STORE_104,Bulawayo_Branch,Seed Loaf,196,RT_020,1.44,196
2025-05-22 19:36:24,STORE_071,Masvingo_Branch,High Energy Brown,25,RT_031,1.23,25
2025-03-24 13:54:15,STORE_012,Gweru_Branch,Soft White,285,RT_015,1.19,285
2025-01-23 13:44:16,STORE_009,Harare_Willowvale,High Energy Brown,291,RT_016,1.35,291
2025-03-12 17:27:25,STORE_029,Masvingo_Branch,Mini Rolls 6-Pack,212,RT_003,1.13,212
2025-04-21 00:49:14,STORE_138,Kwekwe_Depot,WholgrainBrown,226,RT_032,1.41,226
2025-02-26 15:05:12,STORE_062,Masvingo_Branch,Mini Rolls 6-Pack,312,RT_037,1.02,312
2025-05-14 00:40:05,STORE_024,Masvingo_Branch,Soft White,214,RT_009,1.14,214
2025-06-26 18:38:37,STORE_109,Harare_Southerton,Buns 6-Pack,253,RT_040,1.12,253
2025-07-24 06:35:25,STORE_081,Marondera_Depot,Seed Loaf,262,RT_013,1.67,262
2025-02-21 21:34:05,STORE_139,Bindura_Depot,Seed Loaf,125,RT_025,1.49,125
2025-03-11 09:10:02,STORE_096,Gweru_Branch,Wholegrain Brown,154,RT_034,1.34,154
2025-04-24 10:13:07,STORE_111,Mutare_Branch,Family Loaf,92,RT_041,2.34,92
2025-03-27 22:47:21,STORE_042,Harare_Willowvale,Wholegrain Brown,158,RT_037,1.59,158
2025-05-30 04:00:43,STORE_115,Harare_Southerton,Buns 6-Pack,191,RT_041,1.21,191
2025-04-21 14:23:41,STORE_132,Harare_Willowvale,High Energy White,208,RT_021,1.47,208
2025-03-27 09:17:06,STORE_057,Mutare_Branch,Mini Rolls 6-Pack,170,RT_013,1.19,170
2025-02-23 12:06:31,STORE_062,Bindura_Depot,Mini Rolls 6-Pack,486,RT_031,1.19,486
2025-02-21 19:14:47,STORE_005,Harare_Willowvale,Wholegrain Brown,128,RT_028,1.4,128
2025-05-28 06:00:56,STORE_001,Bulawayo_Branch,Whole Wheat,25,RT_041,1.39,25
2025-05-03 16:18:48,STORE_015,Bindura_Depot,Mini Rolls 6-Pack,197,RT_048,0.93,197
2025-04-13 21:23:02,STORE_108,Bindura_Depot,Family Loaf,154,RT_028,2.2,154
2025-01-08 05:16:01,STORE_022,Mutare_Branch,High Energy Brown,135,RT_011,1.5,135
2025-04-15 04:01:25,STORE_072,Kwekwe_Depot,Whole Wheat,271,RT_005,1.35,271
2025-06-12 19:17:05,STORE_058,Bindura_Depot,High Energy Brown,252,RT_021,1.21,252
2025-02-16 13:53:09,STORE_027,Bindura_Depot,Family Loaf,216,RT_004,2.22,216
2025-01-10 07:08:48,STORE_022,Harare_Southerton,Whole Wheat,230,RT_032,1.49,230
2025-02-06 23:09:56,STORE_078,Mutare_Branch,Family Loaf,111,RT_007,2.31,111
2025-06-16 06:07:10,STORE_132,Marondera_Depot,Whole Wheat,227,RT_004,1.37,227
2025-03-01 16:11:12,STORE_017,Kwekwe_Depot,Wholegrain Brown,247,RT_024,1.39,247
2025-07-24 12:28:56,STORE_118,Bindura_Depot,High Energy White,249,RT_034,1.35,249
2025-06-27 22:36:00,STORE_114,Bindura_Depot,Wholegrain Brown,75,RT_030,1.3,75
2025-06-05 11:50:40,STORE_011,Bulawayo_Branch,Wholegrain Brown,190,RT_031,1.57,190
2025-02-03 21:21:40,STORE_074,Chitungwiza_Depot,Buns 6-Pack,10,RT_039,1.22,10
2025-03-27 01:12:20,STORE_043,Chitungwiza_Depot,High Energy Brown,301,RT_044,1.46,301
2025-04-26 10:48:10,STORE_082,Harare_Southerton,Wholegrain Brown,72,RT_024,1.47,72
2025-03-27 23:08:17,STORE_021,Marondera_Depot,Wholegrain Brown,81,RT_008,1.32,81
2025-01-29 02:21:07,STORE_110,Harare_Willowvale,Buns 6-Pack,229,RT_006,1.09,229
2025-02-08 19:10:14,STORE_070,Marondera_Depot,High Energy White,38,RT_010,1.26,38
2025-04-27 00:34:14,STORE_058,Gweru_Branch,High Energy Brown,99,RT_042,1.45,99
2025-04-26 14:44:16,STORE_072,Chitungwiza_Depot,Seed Loaf,441,RT_009,1.53,441
2025-04-24 20:36:11,STORE_100,Masvingo_Branch,Soft White,277,RT_039,1.29,277
2025-03-06 13:45:23,STORE_055,Masvingo_Branch,Soft White,197,RT_029,1.31,197
2025-05-30 16:10:55,STORE_063,Harare_Willowvale,High Energy White,84,RT_047,1.47,84
2025-05-10 08:08:09,STORE_097,Chitungwiza_Depot,Seed Loaf,77,RT_040,1.64,77
2025-03-05 02:04:12,STORE_040,Masvingo_Branch,Buns 6-Pack,169,RT_011,1.03,169
2025-06-14 22:27:11,STORE_122,Gweru_Branch,Seed Loaf,116,RT_033,1.67,116
2025-01-23 02:52:08,STORE_037,Mutare_Branch,Family Loaf,255,RT_009,2.12,255
2025-07-26 17:53:46,STORE_060,Bindura_Depot,Wholegrain Brown,140,RT_004,1.35,140
2025-06-05 04:37:40,STORE_106,Bulawayo_Branch,High Energy White,215,RT_002,1.24,215
2025-07-25 00:24:08,STORE_058,Mutare_Branch,Whole Wheat,119,RT_019,1.65,119
2025-06-11 22:24:37,STORE_124,Bindura_Depot,Wholegrain Brown,20,RT_012,1.48,20
2025-04-12 22:44:23,STORE_126,Masvingo_Branch,Mini Rolls 6-Pack,102,RT_012,1.08,102
2025-06-12 12:05:40,STORE_084,Kwekwe_Depot,High Energy White,87,RT_009,1.33,87
2025-06-07 01:31:10,STORE_095,Gweru_Branch,Whole Wheat,310,RT_045,1.62,310
2025-05-19 11:55:15,STORE_117,Mutare_Branch,Soft White,185,RT_002,1.29,185
2025-02-26 10:41:12,STORE_072,Chitungwiza_Depot,Family Loaf,228,RT_049,2.24,228
2025-06-03 21:52:46,STORE_069,Masvingo_Branch,Seed Loaf,240,RT_005,1.65,240
2025-01-31 10:45:08,STORE_116,Masvingo_Branch,Family Loaf,122,RT_034,2.4,122
2025-05-02 10:54:26,STORE_115,Mutare_Branch,Wholegrain Brown,190,RT_029,1.32,190
2025-04-22 07:39:19,STORE_068,Bindura_Depot,Whole Wheat,272,RT_027,1.37,272
2025-02-15 14:20:25,STORE_029,Bulawayo_Branch,High Energy White,170,RT_013,1.33,170
2025-04-03 09:36:12,STORE_065,Bulawayo_Branch,Whole Wheat,220,RT_019,1.38,220
2025-06-15 02:01:55,STORE_084,Chitungwiza_Depot,High Energy White,137,RT_037,1.2,137
2025-01-15 13:25:49,STORE_025,Kwekwe_Depot,High Energy Brown,66,,1.32,66
2025-02-18 22:31:56,STORE_052,Kwekwe_Depot,High Energy Brown,302,RT_014,1.34,302
2025-03-08 06:26:10,STORE_001,Marondera_Depot,Family Loaf,243,RT_004,2.26,243
2025-06-04 23:00:09,STORE_061,Chitungwiza_Depot,Whole Wheat,73,RT_030,1.35,73
2025-07-25 17:07:29,STORE_125,Bindura_Depot,High Energy Brown,31,RT_033,1.21,31
2025-05-27 09:49:18,STORE_044,Bindura_Depot,Whole Wheat,231,RT_040,1.49,231
2025-03-16 05:08:03,STORE_091,Bindura_Depot,SeedLoaf,154,RT_035,1.45,154
2025-04-01 11:47:21,STORE_074,Mutare_Branch,Seed Loaf,188,RT_029,1.44,188
2025-07-18 12:30:10,STORE_129,Harare_Willowvale,High Energy White,5,RT_037,1.45,5
2025-07-03 02:46:58,STORE_046,Harare_Willowvale,Mini Rolls 6-Pack,125,RT_034,1.08,125
2025-07-08 19:23:19,STORE_061,Masvingo_Branch,Buns 6-Pack,69,RT_039,1.16,69
2025-05-02 16:16:13,STORE_124,Bulawayo_Branch,Mini Rolls 6-Pack,313,RT_004,1.0,313
2025-07-28 05:12:36,STORE_004,Marondera_Depot,Coke500ml,279,RT_026,1.46,279
,STORE_013,Bulawayo_Branch,Seed Loaf,178,RT_009,1.56,178
2025-07-07 19:27:34,STORE_062,Chitungwiza_Depot,High Energy White,106,RT_044,1.44,106
2025-03-20 21:41:21,STORE_139,Bindura_Depot,Buns 6-Pack,95,RT_043,1.04,95
2025-03-03 12:59:59,STORE_010,Masvingo_Branch,Family Loaf,136,RT_003,2.1,136
2025-07-17 13:27:03,STORE_109,Bulawayo_Branch,Family Loaf,277,RT_033,2.11,277
2025-02-19 11:24:52,STORE_031,Gweru_Branch,Whole Wheat,232,RT_013,1.63,232
2025-03-04 01:04:38,STORE_092,Bindura_Depot,Seed Loaf,141,RT_028,1.54,141
2025-01-17 00:20:40,STORE_103,Harare_Willowvale,High Energy Brown,176,RT_035,1.49,176
2025-02-04 05:30:28,STORE_137,Masvingo_Branch,Soft White,266,RT_033,1.3,266
2025-07-27 15:39:26,STORE_012,Chitungwiza_Depot,Whole Wheat,246,RT_041,1.47,246
2025-04-09 04:24:17,STORE_067,Gweru_Branch,Seed Loaf,250,RT_022,1.47,250
2025-03-06 10:36:08,STORE_097,Mutare_Branch,Seed Loaf,229,RT_011,1.54,229
2025-03-03 01:34:45,STORE_041,Gweru_Branch,Wholegrain Brown,71,RT_038,1.39,71
2025-04-21 12:18:30,STORE_088,Bindura_Depot,Family Loaf,177,RT_033,2.21,177
2025-03-04 23:59:17,STORE_112,Mutare_Branch,Family Loaf,292,RT_025,2.27,292
2025-03-25 18:43:19,STORE_046,Bulawayo_Branch,Seed Loaf,262,RT_047,1.6,262
2025-02-08 19:43:15,STORE_094,Chitungwiza_Depot,HighEnergyWhite,253,RT_035,1.37,253
2025-07-16 19:39:53,STORE_096,Kwekwe_Depot,Mini Rolls 6-Pack,181,RT_043,1.1,181
2025-04-28 00:33:27,STORE_139,Mutare_Branch,Wholegrain Brown,270,RT_018,1.34,270
2025-01-28 12:53:40,STORE_137,Harare_Southerton,Soft White,257,RT_029,1.18,257
2025-05-23 01:52:00,STORE_010,Masvingo_Branch,High Energy White,25,RT_007,1.23,25
2025-05-22 21:31:54,STORE_093,Mutare_Branch,Buns 6-Pack,261,RT_014,1.29,261
2025-07-07 10:19:42,STORE_055,Chitungwiza_Depot,Seed Loaf,236,RT_027,1.58,236
2025-03-20 07:23:57,STORE_089,Masvingo_Branch,High Energy White,206,RT_021,1.32,206
2025-01-17 06:16:02,STORE_098,Bindura_Depot,Mini Rolls 6-Pack,158,RT_024,1.14,158
2025-07-11 10:59:49,STORE_071,Harare_Southerton,Mini Rolls 6-Pack,202,RT_033,0.96,202
2025-03-14 15:57:42,STORE_113,Chitungwiza_Depot,Wholegrain Brown,35,RT_018,1.52,35
2025-04-22 04:42:46,STORE_089,Harare_Southerton,Wholegrain Brown,271,RT_012,1.55,271
2025-04-07 23:11:40,STORE_009,Chitungwiza_Depot,Seed Loaf,76,RT_024,1.43,76
2025-02-09 00:54:23,STORE_104,Bulawayo_Branch,Mini Rolls 6-Pack,231,RT_036,1.06,231
2025-03-20 12:49:52,STORE_089,Masvingo_Branch,Whole Wheat,200,RT_003,1.5,200
2025-06-09 16:51:10,STORE_107,Harare_Southerton,High Energy Brown,196,RT_035,1.25,196
2025-04-09 09:05:23,STORE_129,Gweru_Branch,Buns 6-Pack,261,RT_045,1.13,261
2025-02-04 13:29:49,STORE_016,Masvingo_Branch,Whole Wheat,129,RT_030,1.42,129
2025-06-18 04:26:54,STORE_105,Harare_Southerton,Wholegrain Brown,76,RT_019,1.42,76
2025-04-14 12:48:46,STORE_032,Mutare_Branch,Wholegrain Brown,11,RT_035,1.52,11
2025-05-12 14:00:56,STORE_076,Masvingo_Branch,Buns 6-Pack,100,RT_023,1.28,100
2025-07-05 22:49:40,STORE_063,Gweru_Branch,Mini Rolls 6-Pack,305,RT_048,1.18,305
2025-03-26 22:38:16,STORE_139,Masvingo_Branch,Whole Wheat,252,RT_007,1.49,252
2025-07-09 14:21:44,STORE_027,Mutare_Branch,Seed Loaf,47,RT_035,1.5,47
2025-06-10 00:16:09,STORE_068,Bulawayo_Branch,Mini Rolls 6-Pack,65,RT_007,1.16,65
2025-07-19 14:25:14,STORE_139,Gweru_Branch,Buns 6-Pack,222,RT_033,1.14,222
2025-04-26 10:01:00,STORE_114,Masvingo_Branch,Family Loaf,55,RT_009,2.11,55
2025-01-14 17:33:50,STORE_046,Gweru_Branch,Mini Rolls 6-Pack,156,RT_047,1.19,156
2025-05-16 18:18:08,STORE_101,Mutare_Branch,Wholegrain Brown,226,RT_013,1.45,226
2025-03-17 19:19:06,STORE_031,Mutare_Branch,High Energy Brown,235,RT_046,1.35,235
2025-01-11 07:01:37,STORE_083,Bindura_Depot,Wholegrain Brown,306,RT_036,1.43,306
2025-03-03 10:56:32,STORE_097,Bulawayo_Branch,Soft White,139,RT_031,1.22,139
2025-03-16 03:32:57,STORE_047,Harare_Southerton,Seed Loaf,221,RT_031,1.67,221
2025-01-07 03:05:25,STORE_114,Bindura_Depot,Seed Loaf,146,RT_038,1.47,146
2025-01-12 23:26:20,STORE_120,Gweru_Branch,Whole Wheat,36,RT_016,1.49,36
2025-07-05 15:48:42,STORE_050,Harare_Southerton,Wholegrain Brown,226,RT_017,1.51,226
2025-06-15 05:36:39,STORE_074,Bindura_Depot,Wholegrain Brown,151,RT_039,1.45,151
2025-03-26 11:11:21,STORE_012,Mutare_Branch,High Energy White,281,RT_024,1.26,281
2025-03-04 17:54:11,STORE_002,Marondera_Depot,Mini Rolls 6-Pack,137,RT_011,1.1,137
2025-07-14 04:02:41,STORE_082,Harare_Southerton,Soft White,285,RT_037,1.21,285
2025-03-21 20:09:59,STORE_032,Harare_Willowvale,High Energy Brown,58,RT_002,1.5,58
2025-06-13 23:17:48,STORE_077,Harare_Southerton,Soft White,103,RT_006,1.12,103
2025-07-28 07:30:01,STORE_041,Chitungwiza_Depot,Family Loaf,135,RT_045,2.29,135
2025-02-20 05:33:35,STORE_068,Bindura_Depot,High Energy White,194,RT_008,1.37,194
2025-05-17 17:55:57,STORE_087,Gweru_Branch,Soft White,120,RT_038,1.39,120
2025-03-01 16:16:59,STORE_010,Kwekwe_Depot,Soft White,98,RT_006,1.28,98
2025-02-04 14:58:59,STORE_018,Harare_Southerton,Family Loaf,25,RT_028,2.26,25
2025-01-21 02:31:35,STORE_042,Chitungwiza_Depot,Seed Loaf,182,RT_023,1.6,182
2025-06-24 07:02:28,STORE_050,Kwekwe_Depot,Whole Wheat,266,RT_005,1.4,266
2025-02-23 11:30:50,STORE_023,Mutare_Branch,Buns 6-Pack,76,RT_002,1.26,76
2025-02-04 08:52:34,STORE_038,Mutare_Branch,Wholegrain Brown,180,RT_039,1.48,180
2025-07-14 09:18:39,STORE_106,Masvingo_Branch,Soft White,196,RT_003,1.2,196
2025-05-23 08:24:01,STORE_068,Marondera_Depot,Seed Loaf,292,RT_040,1.62,292
2025-02-18 17:13:49,STORE_013,Bindura_Depot,Wholegrain Brown,208,RT_003,1.51,208
2025-07-28 09:33:27,STORE_002,Mutare_Branch,Soft White,199,RT_022,1.37,199
2025-05-18 09:59:12,STORE_049,Masvingo_Branch,High Energy Brown,135,RT_036,1.48,135
2025-02-27 10:17:08,STORE_004,Masvingo_Branch,High Energy White,170,RT_026,1.46,170
2025-05-02 20:31:34,STORE_093,Kwekwe_Depot,High Energy Brown,141,RT_039,1.4,141
2025-07-18 01:59:40,STORE_135,Harare_Willowvale,High Energy Brown,224,RT_015,1.34,224
2025-07-12 00:57:38,STORE_065,Harare_Southerton,High Energy Brown,171,RT_021,1.22,171
2025-07-12 14:09:18,STORE_106,Kwekwe_Depot,Family Loaf,214,RT_034,2.12,214
2025-07-19 07:07:57,STORE_009,Mutare_Branch,Whole Wheat,129,RT_037,1.56,129
2025-04-12 15:33:09,STORE_012,Harare_Southerton,Whole Wheat,19,RT_049,1.63,19
2025-05-11 18:08:11,STORE_095,Marondera_Depot,Mini Rolls 6-Pack,143,RT_027,0.92,143
2025-02-16 07:01:34,STORE_037,Kwekwe_Depot,High Energy White,67,RT_030,1.38,67
2025-06-30 13:45:04,STORE_033,Gweru_Branch,Family Loaf,300,RT_027,2.16,300
2025-07-10 18:18:58,STORE_112,Kwekwe_Depot,Family Loaf,26,RT_001,2.14,26
2025-06-25 00:23:55,STORE_104,Harare_Willowvale,Buns 6-Pack,286,RT_029,1.16,286
2025-01-23 12:53:58,STORE_012,Harare_Willowvale,Seed Loaf,211,RT_014,1.45,211
2025-03-06 07:41:00,STORE_026,Masvingo_Branch,High Energy White,272,RT_045,1.5,272
2025-01-12 00:54:52,STORE_052,Chitungwiza_Depot,Seed Loaf,162,RT_029,1.67,162
2025-03-29 13:39:51,STORE_125,Kwekwe_Depot,High Energy White,145,RT_019,1.31,145
2025-03-18 16:27:35,STORE_037,Harare_Southerton,Mini Rolls 6-Pack,252,RT_013,1.16,252
2025-04-28 07:11:23,STORE_094,Gweru_Branch,Mini Rolls 6-Pack,172,RT_047,0.95,172
2025-06-26 06:53:04,STORE_105,Masvingo_Branch,Soft White,19,RT_005,1.3,19
2025-06-06 10:16:29,STORE_102,Harare_Willowvale,Mini Rolls 6-Pack,134,RT_018,1.13,134
2025-03-08 04:42:27,STORE_095,Harare_Willowvale,Seed Loaf,181,RT_011,1.44,181
2025-07-24 03:57:30,STORE_041,Gweru_Branch,High Energy White,165,RT_016,1.35,165
2025-03-02 15:53:38,STORE_131,Kwekwe_Depot,Whole Wheat,34,RT_022,1.56,34
2025-07-10 12:58:51,STORE_098,Chitungwiza_Depot,Wholegrain Brown,21,RT_023,1.36,21
2025-05-24 03:52:03,STORE_029,Chitungwiza_Depot,Mini Rolls 6-Pack,247,RT_011,1.19,247
2025-05-01 01:12:44,STORE_052,Masvingo_Branch,High Energy White,92,RT_029,1.45,92
2025-06-14 15:39:54,STORE_111,Harare_Southerton,Soft White,77,RT_037,1.21,77
2025-07-16 22:33:02,STORE_006,Harare_Willowvale,Soft White,101,RT_017,1.32,101
2025-05-29 03:45:27,STORE_031,Kwekwe_Depot,Mini Rolls 6-Pack,294,RT_033,0.92,294
2025-07-29 09:00:00,STORE_021,Mutare_Branch,Soft White,66,RT_048,1.27,66
2025-06-30 10:44:21,STORE_091,Harare_Southerton,Soft White,229,RT_008,1.29,229
2025-04-17 18:02:42,STORE_079,Harare_Southerton,Buns 6-Pack,227,RT_029,1.07,227
2025-04-23 18:10:57,STORE_063,Marondera_Depot,High Energy Brown,30,RT_023,1.35,30
2025-03-01 15:40:48,STORE_097,Bulawayo_Branch,High Energy White,88,RT_040,1.44,88
2025-04-02 20:09:28,STORE_067,Masvingo_Branch,Whole Wheat,172,RT_043,1.37,172
2025-04-24 23:05:58,STORE_056,Mutare_Branch,Seed Loaf,192,RT_033,1.67,192
2025-03-30 08:12:29,STORE_089,Marondera_Depot,Buns 6-Pack,51,RT_001,1.2,51
2025-07-07 13:07:04,STORE_081,Masvingo_Branch,Whole Wheat,304,RT_024,1.58,304
2025-03-28 18:41:14,STORE_043,Chitungwiza_Depot,High Energy Brown,284,RT_015,1.44,284
2025-07-09 00:46:04,STORE_070,Chitungwiza_Depot,Family Loaf,82,RT_015,2.32,82
2025-07-08 13:07:56,STORE_016,Bindura_Depot,Family Loaf,29,RT_030,2.32,29
2025-04-22 12:41:34,STORE_059,Masvingo_Branch,Soft White,283,RT_029,1.26,283
2025-07-01 19:01:54,STORE_130,Marondera_Depot,Whole Wheat,11,RT_018,1.42,11
2025-02-17 11:33:11,STORE_047,Chitungwiza_Depot,Whole Wheat,42,RT_035,1.36,42
2025-05-07 18:38:06,STORE_133,Marondera_Depot,High Energy White,247,RT_012,1.38,247
2025-04-05 22:30:37,STORE_138,Mutare_Branch,Whole Wheat,125,RT_007,1.63,125
2025-03-01 07:33:15,STORE_102,Mutare_Branch,Mini Rolls 6-Pack,159,RT_028,1.01,159
2025-05-05 20:51:05,STORE_109,Mutare_Branch,Whole Wheat,170,RT_039,1.54,170
2025-06-15 01:38:29,STORE_046,Harare_Southerton,Wholegrain Brown,196,RT_046,1.58,196
2025-05-19 10:30:09,STORE_084,Harare_Willowvale,Family Loaf,96,RT_011,2.17,96
2025-04-08 17:54:03,STORE_083,Masvingo_Branch,High Energy White,257,RT_049,1.36,257
2025-06-04 20:33:12,STORE_064,Gweru_Branch,Seed Loaf,24,RT_008,1.41,24
2025-05-13 03:19:17,STORE_096,Bindura_Depot,Buns 6-Pack,287,RT_045,1.29,287
2025-07-05 09:39:57,STORE_101,Chitungwiza_Depot,Soft White,41,RT_018,1.18,41
2025-07-19 17:37:05,STORE_125,Masvingo_Branch,Whole Wheat,111,RT_036,1.36,111
2025-06-29 18:48:46,STORE_132,Gweru_Branch,High Energy White,186,RT_011,1.49,186
2025-03-28 15:49:05,STORE_105,Bulawayo_Branch,High Energy Brown,81,RT_017,1.42,81
2025-03-22 08:07:25,STORE_114,Kwekwe_Depot,Seed Loaf,278,RT_024,1.6,278
2025-01-30 01:30:19,STORE_069,Mutare_Branch,High Energy Brown,291,RT_036,1.25,291
2025-03-09 09:57:28,STORE_083,Harare_Southerton,Mini Rolls 6-Pack,101,RT_007,1.19,101
2025-03-08 07:38:28,STORE_072,Bindura_Depot,Wholegrain Brown,202,RT_017,1.47,202
2025-01-31 16:53:28,STORE_008,Gweru_Branch,Whole Wheat,174,RT_042,1.48,174
2025-05-23 22:37:23,STORE_059,Chitungwiza_Depot,Wholegrain Brown,15,RT_040,1.45,15
2025-01-05 16:55:47,STORE_124,Gweru_Branch,Family Loaf,98,RT_027,2.11,98
2025-06-04 20:17:04,STORE_095,Harare_Southerton,Soft White,116,RT_002,1.2,116
2025-03-28 07:18:08,STORE_092,Kwekwe_Depot,Family Loaf,172,RT_007,2.34,172
2025-07-27 20:28:32,STORE_026,Kwekwe_Depot,Wholegrain Brown,67,RT_018,1.52,67
2025-06-04 03:48:59,STORE_026,Bulawayo_Branch,Family Loaf,259,RT_026,2.22,259
2025-12-05 00:00:00,STORE_135,Bindura_Depot,Mini Rolls 6-Pack,176,RT_039,1.18,176
2025-06-07 20:14:11,STORE_111,Kwekwe_Depot,Soft White,93,RT_010,1.21,93
2025-01-02 14:40:44,STORE_134,Harare_Willowvale,Soft White,156,RT_015,1.35,156
2025-06-04 07:14:50,STORE_065,Gweru_Branch,Family Loaf,55,RT_006,2.16,55
2025-06-16 16:15:48,STORE_003,Marondera_Depot,Mini Rolls 6-Pack,45,RT_035,1.01,45
2025-05-14 23:55:49,STORE_009,Bulawayo_Branch,Seed Loaf,58,RT_049,1.46,58
2025-03-10 15:56:12,STORE_060,Mutare_Branch,Whole Wheat,298,RT_039,1.55,298
2025-06-11 03:53:34,STORE_112,Gweru_Branch,Family Loaf,221,RT_006,2.24,221
2025-02-12 09:19:00,STORE_098,Gweru_Branch,Seed Loaf,278,RT_020,1.44,278
2025-07-02 21:58:37,STORE_130,Bindura_Depot,Whole Wheat,51,RT_017,1.54,51
2025-01-26 18:23:37,STORE_080,Marondera_Depot,High Energy Brown,13,RT_018,1.41,13
2025-03-23 10:18:03,STORE_114,Bulawayo_Branch,High Energy White,138,RT_003,1.33,138
2025-05-21 21:51:36,STORE_119,Chitungwiza_Depot,Buns 6-Pack,211,RT_023,1.02,211
2025-06-20 16:47:13,STORE_008,Gweru_Branch,Mini Rolls 6-Pack,162,RT_042,1.11,162
2025-06-05 11:40:10,STORE_090,Gweru_Branch,High Energy White,31,RT_012,1.27,31
2025-05-06 17:57:28,STORE_034,Harare_Willowvale,Whole Wheat,64,RT_001,1.58,64
2025-03-03 03:23:11,STORE_110,Harare_Willowvale,Soft White,120,RT_034,1.26,120
2025-03-20 19:42:16,STORE_080,Harare_Willowvale,Seed Loaf,240,RT_009,1.43,240
2025-07-02 22:22:29,STORE_133,Gweru_Branch,High Energy White,65,RT_048,1.41,65
2025-03-22 18:48:56,STORE_130,Masvingo_Branch,High Energy White,258,RT_040,1.35,258
2025-02-05 20:59:46,STORE_132,Bindura_Depot,Soft White,147,RT_022,1.33,147
2025-02-05 15:36:42,STORE_098,Gweru_Branch,High Energy White,214,RT_027,1.46,214
2025-05-08 00:13:59,STORE_030,Gweru_Branch,Family Loaf,53,RT_024,2.29,53
2025-03-08 22:03:21,STORE_076,Gweru_Branch,Buns 6-Pack,94,RT_014,1.29,94
2025-01-04 23:35:26,STORE_025,Kwekwe_Depot,Buns 6-Pack,276,RT_026,1.02,276
2025-07-08 01:13:13,STORE_129,Harare_Willowvale,Seed Loaf,173,RT_022,1.61,173
2025-07-25 17:51:34,STORE_061,Harare_Willowvale,High Energy White,41,RT_028,1.31,41
2025-01-23 10:59:29,STORE_102,Masvingo_Branch,Wholegrain Brown,6,RT_038,1.4,6
2025-06-08 20:02:41,STORE_012,Chitungwiza_Depot,High Energy Brown,286,RT_037,1.39,286
2025-07-05 12:21:17,STORE_090,Masvingo_Branch,Mini Rolls 6-Pack,184,RT_028,0.91,184
2025-04-22 18:39:30,STORE_018,Kwekwe_Depot,High Energy Brown,153,RT_002,1.31,153
2025-04-30 05:55:40,STORE_063,Marondera_Depot,Whole Wheat,147,RT_015,1.37,147
,STORE_035,Gweru_Branch,High Energy White,171,RT_048,1.27,171
2025-06-12 11:07:45,STORE_088,Kwekwe_Depot,Wholegrain Brown,51,RT_042,1.51,51
2025-05-31 00:51:23,STORE_119,Marondera_Depot,Whole Wheat,262,RT_032,1.58,262
2025-07-15 00:12:20,STORE_057,,Mini Rolls 6-Pack,231,RT_034,1.04,231
2025-03-25 15:48:39,STORE_036,Marondera_Depot,Soft White,120,RT_048,1.26,120
2025-05-01 18:42:59,STORE_026,Bindura_Depot,Mini Rolls 6-Pack,5,RT_032,0.95,5
2025-07-25 15:17:58,STORE_021,Gweru_Branch,Wholegrain Brown,96,RT_004,1.57,96
2025-01-29 16:28:11,STORE_102,Marondera_Depot,Family Loaf,141,RT_007,2.15,141
2025-02-25 12:45:27,STORE_109,Harare_Southerton,High Energy White,184,RT_029,1.33,184
2025-03-16 12:18:05,STORE_128,Kwekwe_Depot,High Energy White,55,RT_014,1.39,55
2025-07-03 16:13:33,STORE_056,Bindura_Depot,Seed Loaf,118,RT_001,1.5,118
2025-04-11 02:52:33,STORE_136,Harare_Southerton,Mini Rolls 6-Pack,284,RT_033,1.17,284
2025-06-05 04:50:59,STORE_033,Bulawayo_Branch,Buns 6-Pack,34,RT_009,1.27,34
2025-01-03 19:59:21,STORE_076,Chitungwiza_Depot,High Energy Brown,186,RT_020,1.24,186
2025-07-24 08:53:48,STORE_076,Gweru_Branch,Buns 6-Pack,33,RT_034,1.08,33
2025-07-05 08:37:20,STORE_084,Chitungwiza_Depot,Wholegrain Brown,286,RT_046,1.47,286
2025-04-29 07:15:25,STORE_063,Bulawayo_Branch,Whole Wheat,54,RT_015,1.39,54
2025-06-25 07:23:00,STORE_097,Chitungwiza_Depot,Seed Loaf,237,RT_046,1.47,237
2025-01-04 07:52:35,STORE_044,Bulawayo_Branch,Family Loaf,132,RT_041,2.19,132
2025-07-28 02:45:29,STORE_090,Masvingo_Branch,Soft White,145,RT_003,1.36,145
2025-05-07 23:44:04,STORE_008,Bindura_Depot,High Energy White,111,RT_038,1.37,111
2025-02-20 07:14:08,STORE_066,Gweru_Branch,Mini Rolls 6-Pack,274,RT_037,1.13,274
2025-06-18 12:00:08,STORE_050,Harare_Southerton,Whole Wheat,261,RT_023,1.41,261
,STORE_100,Chitungwiza_Depot,High Energy White,285,RT_030,1.3,285
2025-06-05 16:28:06,STORE_087,Masvingo_Branch,Soft White,81,RT_008,1.38,81
2025-07-05 02:32:51,STORE_078,Gweru_Branch,Wholegrain Brown,18,RT_042,1.5,18
2025-05-24 15:12:28,STORE_124,Kwekwe_Depot,High Energy Brown,114,RT_021,1.24,114
2025-05-16 06:10:14,STORE_081,Harare_Willowvale,Mini Rolls 6-Pack,105,RT_002,1.19,105
2025-04-27 22:48:00,STORE_098,Harare_Willowvale,Seed Loaf,292,RT_026,1.69,292
2025-06-17 20:42:36,STORE_122,Mutare_Branch,Family Loaf,311,RT_009,2.2,311
2025-03-19 06:23:09,STORE_048,Harare_Willowvale,Mini Rolls 6-Pack,262,RT_001,,262
2025-06-14 07:31:50,STORE_113,Marondera_Depot,Seed Loaf,46,RT_041,1.57,46
2025-07-20 20:54:54,STORE_099,Mutare_Branch,High Energy Brown,205,RT_034,1.41,205
2025-04-08 15:48:32,STORE_022,Bindura_Depot,Seed Loaf,273,RT_031,1.62,273
2025-07-21 04:35:59,STORE_089,Harare_Southerton,Seed Loaf,95,RT_019,1.54,95
2025-06-22 16:18:39,STORE_117,Harare_Willowvale,Soft White,123,RT_024,1.33,123
2025-03-19 02:52:23,STORE_054,Gweru_Branch,Seed Loaf,186,RT_048,1.43,186
2025-01-19 18:11:46,STORE_009,Masvingo_Branch,Seed Loaf,107,RT_020,1.63,107
2025-04-29 07:54:36,STORE_062,Harare_Southerton,Buns 6-Pack,255,RT_001,1.18,255
2025-02-26 09:29:47,STORE_039,Bulawayo_Branch,High Energy Brown,87,RT_044,1.33,87
2025-05-15 16:26:52,STORE_104,Bulawayo_Branch,High Energy Brown,124,RT_046,1.23,124
2025-06-30 13:14:51,STORE_053,Mutare_Branch,High Energy White,143,RT_039,1.42,143
2025-04-04 13:18:43,STORE_047,Kwekwe_Depot,High Energy Brown,156,RT_046,1.27,156
2025-06-26 02:14:15,STORE_097,Kwekwe_Depot,Whole grain Brown,175,RT_001,1.5,175
2025-03-30 04:35:09,STORE_121,Bulawayo_Branch,Family Loaf,61,RT_036,2.17,61
2025-05-17 13:39:24,STORE_023,Marondera_Depot,Whole Wheat,193,RT_032,1.53,193
2025-02-17 08:41:37,STORE_023,Bulawayo_Branch,High Energy White,300,RT_043,1.21,300
2025-04-03 22:33:33,STORE_121,Bulawayo_Branch,High Energy Brown,36,RT_043,1.42,36
2025-06-02 14:00:22,STORE_114,Kwekwe_Depot,Soft White,191,RT_020,1.25,191
2025-01-02 20:54:46,STORE_004,Bulawayo_Branch,Mini Rolls 6-Pack,37,RT_014,1.12,37
2025-02-04 10:33:25,STORE_033,Bulawayo_Branch,Whole Wheat,75,RT_039,1.52,75
2025-07-28 03:49:15,STORE_083,Gweru_Branch,Mini Rolls 6-Pack,179,RT_027,1.01,179
2025-01-25 11:22:44,STORE_123,Bindura_Depot,Whole Wheat,114,RT_003,1.47,114
2025-04-01 09:08:35,STORE_081,Chitungwiza_Depot,Buns 6-Pack,55,RT_038,1.28,55
2025-07-04 01:37:43,STORE_093,Mutare_Branch,Buns 6-Pack,182,RT_004,1.24,182
2025-02-13 19:58:52,STORE_025,Harare_Southerton,Soft White,138,RT_007,1.21,138
2025-04-05 10:58:10,STORE_046,Harare_Willowvale,SeedLoaf,128,RT_002,1.61,128
2025-06-11 05:32:13,STORE_110,Chitungwiza_Depot,High Energy White,208,RT_022,1.35,208
2025-07-24 16:39:56,STORE_077,Chitungwiza_Depot,Milk1L,65,RT_048,1.24,65
2025-03-26 01:12:49,STORE_068,Gweru_Branch,Whole Wheat,314,RT_047,1.58,314
2025-03-24 19:53:26,STORE_061,Harare_Willowvale,Seed Loaf,277,RT_006,1.52,277
2025-02-17 12:20:23,STORE_009,Marondera_Depot,High Energy White,270,RT_016,1.22,270
2025-04-25 12:09:45,STORE_124,Bindura_Depot,High Energy Brown,280,RT_048,1.43,280
2025-06-04 15:46:22,STORE_045,Bulawayo_Branch,Buns 6-Pack,133,RT_040,1.08,133
2025-02-28 04:02:44,STORE_139,Bindura_Depot,High Energy White,19,RT_027,1.29,19
2025-05-31 19:42:44,STORE_040,Masvingo_Branch,Whole Wheat,81,RT_045,1.43,81
2025-07-16 18:27:22,STORE_056,Chitungwiza_Depot,Whole Wheat,34,RT_032,1.5,34
2025-07-25 04:35:18,STORE_073,Gweru_Branch,Family Loaf,185,,2.13,185
2025-07-27 06:22:19,STORE_003,Masvingo_Branch,Soft White,24,RT_035,1.39,24
2025-04-13 06:43:59,STORE_058,Chitungwiza_Depot,Soft White,38,RT_014,1.34,38
2025-02-13 13:49:53,STORE_135,Harare_Southerton,Whole Wheat,169,RT_008,1.6,169
2025-03-09 16:07:46,STORE_114,Bulawayo_Branch,Family Loaf,213,RT_005,2.29,213
2025-01-29 02:55:00,STORE_018,Bindura_Depot,Whole Wheat,220,RT_025,1.64,220
2025-05-14 10:29:48,STORE_133,Kwekwe_Depot,High Energy Brown,247,RT_027,1.48,247
2025-04-14 23:15:13,STORE_120,Chitungwiza_Depot,Buns 6-Pack,82,RT_031,1.24,82
2025-05-24 10:58:35,STORE_114,Mutare_Branch,Buns 6-Pack,296,RT_005,1.15,296
2025-07-25 13:34:14,STORE_022,Kwekwe_Depot,Wholegrain Brown,118,RT_021,1.43,118
2025-01-26 22:46:59,STORE_005,Harare_Willowvale,Family Loaf,297,RT_046,2.17,297
2025-02-08 04:54:34,STORE_066,Bindura_Depot,Buns 6-Pack,81,RT_020,1.23,81
2025-01-31 03:34:38,STORE_106,Bulawayo_Branch,High Energy White,288,RT_011,1.48,288
2025-06-17 18:57:34,STORE_030,Harare_Willowvale,Buns 6-Pack,158,RT_022,1.02,158
2025-07-01 03:18:24,STORE_068,Harare_Southerton,Wholegrain Brown,266,RT_026,1.35,266
2025-05-24 04:09:44,STORE_087,Chitungwiza_Depot,Family Loaf,132,RT_037,2.21,132
2025-03-23 07:43:26,STORE_053,Bindura_Depot,Wholegrain Brown,154,RT_044,1.52,154
2025-07-10 01:54:52,STORE_095,Gweru_Branch,Whole Wheat,43,RT_010,1.51,43
2025-05-05 10:24:28,STORE_012,Bulawayo_Branch,Soft White,240,RT_023,1.28,240
2025-03-17 02:59:10,STORE_063,Bindura_Depot,High Energy White,173,RT_009,1.39,173
2025-06-28 19:51:48,STORE_094,Gweru_Branch,Wholegrain Brown,45,RT_041,1.54,45
2025-06-14 00:55:28,STORE_052,Gweru_Branch,Soft White,161,RT_017,1.26,161
2025-05-08 22:23:40,STORE_037,Mutare_Branch,High Energy White,199,RT_035,1.2,199
2025-05-22 00:41:34,STORE_016,Gweru_Branch,Family Loaf,214,RT_014,2.22,214
2025-05-11 03:31:12,STORE_128,Kwekwe_Depot,High Energy White,124,RT_029,1.44,124
2025-06-22 15:25:45,STORE_006,Harare_Southerton,Mini Rolls 6-Pack,243,RT_015,1.04,243
2025-03-10 01:35:26,STORE_109,Masvingo_Branch,Family Loaf,281,RT_007,2.28,281
2025-01-02 00:39:40,STORE_077,Bindura_Depot,Mini Rolls 6-Pack,45,RT_037,1.16,45
2025-01-07 15:24:41,STORE_060,Chitungwiza_Depot,Buns 6-Pack,92,RT_040,1.17,92
2025-04-12 12:56:18,STORE_137,Masvingo_Branch,High Energy White,194,RT_011,1.24,194
2025-02-02 11:06:42,STORE_018,Harare_Southerton,SoapBar,252,RT_012,1.54,252
2025-01-28 13:10:32,STORE_095,Harare_Willowvale,Family Loaf,100,RT_002,2.29,100
2025-03-01 15:30:35,STORE_014,Bindura_Depot,Whole Wheat,186,RT_001,1.65,186
2025-03-11 17:24:53,STORE_102,Bulawayo_Branch,Wholegrain Brown,318,RT_002,1.38,318
2025-07-22 03:06:19,STORE_107,Kwekwe_Depot,Wholegrain Brown,137,RT_003,1.49,137
2025-02-03 10:08:18,STORE_052,Bindura_Depot,Mini Rolls 6-Pack,317,RT_024,1.08,317
2025-05-24 23:41:37,STORE_077,Marondera_Depot,Whole Wheat,120,RT_012,1.42,120
2025-02-27 12:23:31,STORE_121,Kwekwe_Depot,Soft White,213,RT_033,1.27,213
2025-02-25 20:43:36,STORE_094,Marondera_Depot,Family Loaf,99,RT_049,2.38,99
2025-07-10 02:20:03,STORE_087,Harare_Southerton,Family Loaf,47,RT_030,2.22,47
2025-05-02 06:52:33,STORE_076,Marondera_Depot,Buns 6-Pack,148,RT_047,1.16,148
2025-01-06 02:03:59,STORE_042,Masvingo_Branch,Seed Loaf,245,RT_024,1.68,245
2025-07-07 12:28:08,STORE_018,Harare_Willowvale,High Energy White,60,RT_006,1.36,60
2025-06-16 03:15:58,STORE_010,Chitungwiza_Depot,Buns 6-Pack,102,RT_033,1.06,102
2025-06-24 04:18:52,STORE_032,Mutare_Branch,Buns 6-Pack,293,RT_036,1.02,293
2025-05-06 21:44:35,STORE_066,Masvingo_Branch,Whole Wheat,9,RT_039,1.52,9
2025-07-09 09:41:13,STORE_132,Masvingo_Branch,Wholegrain Brown,66,RT_033,1.5,66
2025-07-07 19:47:07,STORE_139,Bindura_Depot,High Energy White,38,RT_019,1.36,38
2025-03-28 03:05:21,STORE_133,Masvingo_Branch,High Energy Brown,57,RT_049,1.35,57
2025-03-16 11:22:28,STORE_071,Bindura_Depot,High Energy Brwn,150,RT_003,1.4,150
2025-06-10 09:54:56,STORE_013,Harare_Southerton,Wholegrain Brown,18,RT_013,1.33,18
2025-06-07 17:03:34,STORE_101,Bulawayo_Branch,Family Loaf,231,RT_024,2.32,231
2025-05-28 08:32:00,STORE_040,Kwekwe_Depot,Family Loaf,7,RT_024,2.11,7
2025-02-03 15:36:00,STORE_087,Marondera_Depot,Family Loaf,100,RT_007,2.11,100
2025-07-25 23:15:59,STORE_086,Masvingo_Branch,Seed Loaf,205,RT_040,1.57,205
2025-05-21 13:54:22,STORE_096,Harare_Willowvale,High Energy Brown,164,RT_023,1.5,164
2025-01-01 11:56:56,STORE_095,Marondera_Depot,Soft White,205,RT_002,1.24,205
2025-03-26 06:47:40,STORE_063,Bulawayo_Branch,HighEnergyBrown,238,,1.48,238
2025-04-12 01:13:49,STORE_033,Bindura_Depot,High Energy White,295,RT_009,1.2,295
2025-02-04 16:38:13,STORE_118,Harare_Willowvale,High Energy Brown,214,RT_020,1.23,214
2025-03-21 12:31:19,STORE_021,Gweru_Branch,High Energy Brown,259,RT_025,1.39,259
2025-05-15 21:23:39,STORE_096,Marondera_Depot,Soft Whtie,309,RT_019,1.16,309
2025-06-13 18:33:53,STORE_001,Bulawayo_Branch,Mini Rolls 6-Pack,317,RT_028,1.05,317
2025-01-22 06:39:06,STORE_032,Mutare_Branch,Soft White,189,RT_015,1.35,189
2025-02-01 22:47:31,STORE_124,Harare_Willowvale,Mini Rolls 6-Pack,25,RT_014,1.08,25
2025-07-01 20:44:48,STORE_087,Masvingo_Branch,Buns 6-Pack,291,RT_016,1.2,291
2025-03-27 23:18:45,STORE_009,Harare_Willowvale,High Energy White,295,RT_007,1.25,295
2025-03-17 09:32:09,STORE_011,Bindura_Depot,Wholegrain Brown,48,RT_016,1.6,48
2025-06-24 23:37:42,STORE_014,Bulawayo_Branch,Whole Wheat,52,RT_030,1.37,52
2025-01-03 01:48:20,STORE_132,Bulawayo_Branch,Mini Rolls 6-Pack,234,RT_002,0.94,234
2025-06-14 13:43:05,STORE_015,Chitungwiza_Depot,Buns 6-Pack,157,RT_034,1.21,157
2025-06-02 02:23:48,STORE_032,Mutare_Branch,High Energy Brown,305,RT_025,1.34,305
2025-07-06 22:58:26,STORE_125,Mutare_Branch,Buns 6-Pack,239,RT_040,1.22,239
2025-03-12 00:00:00,STORE_100,Bindura_Depot,Seed Loaf,165,RT_049,1.45,165
2025-03-28 12:14:07,STORE_057,Chitungwiza_Depot,Buns 6-Pack,104,RT_045,,104
2025-01-14 03:32:44,STORE_100,Gweru_Branch,Soft Whtie,146,RT_037,1.27,146
2025-04-06 01:46:12,STORE_111,Bulawayo_Branch,High Energy Brown,84,RT_012,1.34,84
2025-02-05 04:25:33,STORE_030,Bulawayo_Branch,High Energy Brown,150,RT_027,1.4,150
2025-03-24 23:26:05,STORE_087,Bindura_Depot,Family Loaf,99,RT_008,2.36,99
2025-02-06 20:26:05,STORE_088,Bindura_Depot,High Energy Brown,234,RT_044,1.25,234
2025-02-21 03:19:09,STORE_115,Chitungwiza_Depot,High Energy White,163,RT_011,1.48,163
2025-03-07 08:40:44,STORE_120,Bulawayo_Branch,Mini Rolls 6-Pack,169,RT_047,1.11,169
2025-05-02 20:40:45,STORE_041,Mutare_Branch,Buns 6-Pack,163,RT_005,1.06,163
2025-06-01 23:12:18,STORE_080,Mutare_Branch,Whole Wheat,190,RT_008,1.49,190
2025-02-25 18:37:55,STORE_108,Bindura_Depot,Family Loaf,66,RT_047,2.3,66
2025-01-17 09:56:07,STORE_076,Bindura_Depot,Whole Wheat,278,RT_004,1.61,278
2025-04-12 18:08:09,STORE_090,Mutare_Branch,Soft White,203,RT_003,1.36,203
2025-04-13 18:32:01,STORE_096,Gweru_Branch,Soft White,296,RT_007,1.24,296
2025-05-08 11:21:38,STORE_136,Masvingo_Branch,Wholegrain Brown,87,RT_040,1.53,87
2025-03-14 21:51:32,STORE_076,Harare_Southerton,Wholegrain Brown,291,RT_044,1.51,291
2025-05-28 18:22:56,STORE_048,Chitungwiza_Depot,Mini Rolls 6-Pack,69,RT_021,0.92,69
2025-12-05 00:00:00,STORE_061,Chitungwiza_Depot,Seed Loaf,178,RT_029,1.45,178
2025-06-07 16:33:14,STORE_101,Chitungwiza_Depot,Whole Wheat,274,RT_019,1.38,274
2025-01-25 00:47:55,STORE_126,Marondera_Depot,Whole Wheat,20,RT_013,1.38,20
2025-03-03 17:43:53,STORE_107,Gweru_Branch,Seed Loaf,196,RT_046,1.52,196
2025-01-18 14:04:53,STORE_046,Harare_Southerton,Mini Rolls 6-Pack,126,RT_042,1.08,126
2025-07-27 15:08:44,STORE_103,Gweru_Branch,High Energy Brown,164,RT_038,1.44,164
2025-06-10 22:19:20,STORE_070,Bindura_Depot,Seed Loaf,120,RT_009,1.65,120
2025-04-17 22:53:52,STORE_060,Marondera_Depot,Mini Rolls 6-Pack,237,RT_018,0.96,237
2025-03-17 02:13:20,STORE_041,Harare_Willowvale,High Energy White,121,RT_046,1.47,121
2025-05-06 11:16:05,STORE_025,Marondera_Depot,Buns 6-Pack,187,RT_005,1.3,187
2025-06-14 00:53:40,STORE_046,Masvingo_Branch,Soft White,49,RT_042,1.32,49
2025-06-21 15:18:41,STORE_009,Mutare_Branch,Wholegrain Brown,73,RT_003,1.4,73
2025-04-25 00:12:30,STORE_124,Mutare_Branch,Wholegrain Brown,178,RT_040,1.35,178
2025-06-13 15:03:28,STORE_021,Marondera_Depot,Soft White,268,RT_001,1.21,268
2025-07-16 09:49:03,STORE_096,Masvingo_Branch,Mini Rolls 6-Pack,316,RT_028,1.18,316
2025-06-02 10:36:37,STORE_084,Bindura_Depot,Whole Wheat,300,RT_038,1.61,300
2025-04-18 18:36:08,STORE_008,Marondera_Depot,Whole Wheat,171,RT_030,1.39,171
2025-02-12 10:29:29,STORE_104,Masvingo_Branch,High Energy White,114,RT_018,1.31,114
2025-05-02 11:32:44,STORE_116,Kwekwe_Depot,Whole Wheat,302,RT_022,1.52,302
2025-05-13 02:50:02,STORE_068,Chitungwiza_Depot,Mini Rolls 6-Pack,51,RT_022,1.05,51
2025-05-21 16:37:43,STORE_098,Marondera_Depot,Family Loaf,150,RT_011,2.15,150
2025-05-22 22:11:39,STORE_135,Harare_Southerton,Whole Wheat,40,RT_036,1.65,40
2025-05-21 08:27:47,STORE_011,Gweru_Branch,Whole Wheat,109,RT_005,1.48,109
2025-04-20 02:45:04,STORE_138,Masvingo_Branch,Mini Rolls 6-Pack,78,RT_032,1.12,78
2025-06-24 12:22:59,STORE_051,Harare_Southerton,Buns 6-Pack,14,RT_007,1.1,14
2025-02-04 11:06:30,STORE_020,Mutare_Branch,Buns 6-Pack,14,RT_025,1.25,14
2025-01-19 23:57:35,STORE_122,Gweru_Branch,Soft White,293,RT_030,1.29,293
2025-02-05 01:17:11,STORE_012,Bindura_Depot,Buns 6-Pack,104,RT_002,1.15,104
2025-07-15 23:59:40,STORE_137,Harare_Willowvale,Family Loaf,228,RT_036,2.12,228
2025-01-29 02:19:00,STORE_083,Chitungwiza_Depot,High Energy Brown,124,RT_030,1.39,124
2025-03-07 19:50:53,STORE_019,Marondera_Depot,High Energy Brown,107,RT_015,1.29,107
2025-05-12 18:47:27,STORE_052,Mutare_Branch,High Energy Brown,259,RT_021,1.46,259
2025-06-05 14:24:38,STORE_047,Bulawayo_Branch,Soft White,263,RT_037,1.15,263
2025-06-22 22:45:42,STORE_035,Harare_Southerton,Whole Wheat,160,RT_004,1.45,160
2025-04-27 08:05:26,STORE_132,Kwekwe_Depot,Seed Loaf,319,RT_027,1.6,319
2025-01-03 22:34:03,STORE_117,Bulawayo_Branch,Whole Wheat,219,RT_005,1.58,219
2025-02-25 01:06:44,STORE_100,Mutare_Branch,High Energy Brown,194,RT_012,1.46,194
2025-01-24 18:21:02,STORE_128,Kwekwe_Depot,Soft White,308,RT_045,1.15,308
2025-01-20 17:48:12,STORE_042,Kwekwe_Depot,Wholegrain Brown,86,RT_033,1.33,86
2025-02-19 23:10:48,STORE_069,Harare_Southerton,Mini Rolls 6-Pack,122,RT_008,1.08,122
2025-02-21 13:06:35,STORE_134,Masvingo_Branch,Family Loaf,55,RT_049,2.28,55
2025-02-18 17:04:54,STORE_030,Bindura_Depot,High Energy Brown,159,RT_016,1.4,159
2025-02-13 03:27:41,STORE_084,Chitungwiza_Depot,High Energy Brown,63,RT_014,1.32,63
2025-05-25 12:03:20,STORE_138,Harare_Willowvale,High Energy White,259,RT_043,1.28,259
2025-06-06 06:43:39,STORE_051,Bulawayo_Branch,Buns 6-Pack,48,RT_044,1.19,48
2025-04-14 19:48:32,STORE_060,Gweru_Branch,Family Loaf,97,RT_009,2.33,97
2025-01-18 09:48:57,STORE_034,Bindura_Depot,Buns 6-Pack,47,RT_004,1.19,47
2025-06-01 17:55:48,STORE_042,Harare_Southerton,Buns 6-Pack,293,RT_036,1.28,293
2025-03-14 15:33:59,STORE_107,Gweru_Branch,High Energy White,252,RT_016,1.37,252
2025-06-17 20:11:48,STORE_067,Masvingo_Branch,Family Loaf,224,RT_025,2.3,224
2025-02-10 11:37:11,STORE_133,Harare_Willowvale,Family Loaf,20,RT_032,2.1,20
2025-04-19 00:29:07,STORE_017,Gweru_Branch,High Energy Brown,306,RT_044,1.47,306
2025-06-13 21:26:11,STORE_095,Masvingo_Branch,High Energy White,10,RT_001,1.23,10
2025-02-01 08:50:41,STORE_028,Gweru_Branch,Family Loaf,246,RT_011,2.36,246
2025-05-04 02:35:47,STORE_100,Gweru_Branch,Soft White,9,RT_011,1.39,9
2025-07-16 22:56:35,STORE_006,Masvingo_Branch,Buns 6-Pack,271,RT_048,1.26,271
2025-04-28 07:41:36,STORE_115,Harare_Willowvale,Whole Wheat,97,RT_016,1.35,97
2025-05-24 20:41:07,STORE_037,Masvingo_Branch,High Energy Brown,274,RT_016,1.42,274
2025-02-02 17:22:44,STORE_051,Marondera_Depot,Seed Loaf,173,RT_039,1.57,173
2025-07-29 04:49:52,STORE_086,Chitungwiza_Depot,Wholegrain Brown,299,RT_002,1.43,299
2025-07-13 01:43:32,STORE_058,Gweru_Branch,High Energy White,7,RT_022,1.37,7
2025-07-14 07:54:55,STORE_074,Harare_Southerton,WholeWheat,285,RT_039,1.39,285
2025-05-08 21:04:06,STORE_071,Mutare_Branch,Mini Rolls 6-Pack,139,RT_028,1.0,139
2025-06-15 07:26:14,STORE_091,Bindura_Depot,Buns 6-Pack,97,RT_015,1.07,97
2025-05-13 08:07:59,STORE_037,Bindura_Depot,Buns 6-Pack,100,RT_034,1.13,100
2025-03-11 05:30:41,STORE_105,Chitungwiza_Depot,Family Loaf,217,RT_037,2.37,217
2025-07-14 10:45:04,STORE_040,Bulawayo_Branch,Wholegrain Brown,67,RT_017,1.55,67
2025-01-31 15:29:25,STORE_127,Harare_Southerton,Mini Rolls 6-Pack,273,RT_008,1.0,273
2025-02-27 14:01:19,STORE_041,Harare_Willowvale,Family Loaf,218,RT_036,2.14,218
2025-03-24 04:01:23,STORE_054,Bindura_Depot,Family Loaf,248,RT_001,2.11,248
2025-07-16 07:12:44,STORE_092,Harare_Willowvale,Wholegrain Brown,106,RT_037,1.43,106
2025-04-03 09:37:19,STORE_074,Gweru_Branch,Buns 6-Pack,83,RT_010,1.24,83
2025-03-20 14:22:48,STORE_099,Marondera_Depot,High Energy White,255,RT_027,1.28,255
2025-04-14 09:54:05,STORE_073,Bindura_Depot,Whole Wheat,286,RT_026,1.38,286
2025-03-31 02:16:48,STORE_106,Masvingo_Branch,Wholegrain Brown,214,RT_012,1.47,214
2025-03-04 08:56:43,STORE_130,Chitungwiza_Depot,Mini Rolls 6-Pack,48,RT_049,1.15,48
2025-03-21 21:38:58,STORE_066,Chitungwiza_Depot,Whole Wheat,182,RT_042,1.49,182
2025-07-05 12:37:24,STORE_033,Gweru_Branch,Whole Wheat,75,RT_035,1.49,75
2025-04-03 23:11:44,STORE_109,Chitungwiza_Depot,Soft White,319,RT_037,1.2,319
2025-01-26 09:54:50,STORE_050,Bulawayo_Branch,Whole Wheat,246,RT_022,1.42,246
2025-05-21 22:27:52,STORE_063,Kwekwe_Depot,Mini Rolls 6-Pack,224,RT_044,0.98,224
2025-03-22 08:12:30,STORE_090,Masvingo_Branch,Family Loaf,87,RT_005,2.26,87
2025-02-26 10:20:30,STORE_126,Harare_Southerton,Buns 6-Pack,312,RT_049,1.16,312
2025-03-18 18:56:26,STORE_002,Gweru_Branch,High Energy Brown,100,RT_023,1.29,100
2025-07-18 02:55:42,STORE_064,Gweru_Branch,High Energy Brown,228,RT_003,1.5,228
2025-05-24 18:39:11,STORE_044,Harare_Willowvale,Buns 6-Pack,272,RT_025,1.25,272
2025-01-02 19:14:07,STORE_089,Gweru_Branch,High Energy White,147,RT_006,1.46,147
2025-01-04 15:35:15,STORE_021,Bulawayo_Branch,High Energy White,27,RT_002,1.29,27
2025-05-18 01:43:01,STORE_089,Harare_Southerton,High Energy Brown,287,RT_037,1.48,287
2025-04-14 16:46:41,STORE_036,Mutare_Branch,Seed Loaf,29,RT_002,1.67,29
2025-06-29 14:16:14,STORE_053,Mutare_Branch,Mini Rolls 6-Pack,160,RT_044,1.0,160
2025-07-19 05:18:21,STORE_070,Harare_Southerton,Whole Wheat,88,RT_028,1.63,88
2025-01-23 02:15:11,STORE_010,Harare_Willowvale,Whole Wheat,24,RT_047,1.39,24
2025-05-02 00:51:32,STORE_071,Bindura_Depot,Whole Wheat,227,RT_016,1.57,227
2025-05-12 09:45:40,STORE_051,Marondera_Depot,Mini Rolls 6-Pack,88,RT_015,0.97,88
2025-02-19 13:32:58,STORE_052,Kwekwe_Depot,Soft White,182,RT_036,1.27,182
2025-01-24 07:39:11,STORE_111,Harare_Southerton,High Energy White,138,RT_028,1.4,138
2025-07-23 12:42:40,STORE_094,Harare_Willowvale,High Energy White,73,RT_003,1.49,73
2025-04-18 20:59:43,STORE_110,Kwekwe_Depot,Soft White,217,RT_008,1.36,217
2025-02-09 23:06:54,STORE_105,Marondera_Depot,Family Loaf,238,RT_036,2.27,238
2025-02-07 21:54:14,STORE_093,Chitungwiza_Depot,Whole Wheat,190,RT_031,1.6,190
2025-03-13 21:11:55,STORE_013,Chitungwiza_Depot,Family Loaf,236,RT_015,2.12,236
2025-06-15 02:54:40,STORE_121,Chitungwiza_Depot,Mini Rolls 6-Pack,88,RT_008,1.02,88
2025-04-02 02:53:09,STORE_098,Bulawayo_Branch,High Energy Brown,100,RT_005,1.27,100
2025-04-19 20:40:34,STORE_138,Gweru_Branch,Seed Loaf,189,RT_049,1.44,189
2025-01-06 06:43:05,STORE_136,Masvingo_Branch,Wholegrain Brown,287,RT_048,1.49,287
2025-03-19 10:05:42,STORE_135,Chitungwiza_Depot,High Energy Brown,247,RT_038,1.38,247
2025-04-17 07:21:14,STORE_072,Gweru_Branch,Buns 6-Pack,99,RT_016,1.21,99
2025-03-23 13:56:26,STORE_028,Mutare_Branch,Buns 6-Pack,228,RT_038,1.17,228
2025-07-27 20:07:30,STORE_058,,Whole Wheat,203,RT_015,1.61,203
2025-02-07 02:20:28,STORE_124,Gweru_Branch,Buns 6-Pack,253,RT_046,1.3,253
2025-07-09 05:32:29,STORE_023,Mutare_Branch,Wholegrain Brown,92,RT_014,1.49,92
2025-04-02 07:36:25,STORE_124,Kwekwe_Depot,Soft White,145,RT_043,1.19,145
2025-03-30 01:52:44,STORE_100,Bulawayo_Branch,Whole Wheat,89,RT_049,1.57,89
2025-04-15 15:53:52,STORE_123,Harare_Southerton,Wholegrain Brown,217,RT_044,1.34,217
2025-05-19 20:04:50,STORE_112,Chitungwiza_Depot,Family Loaf,75,RT_005,2.17,75
2025-02-24 06:38:11,STORE_067,Kwekwe_Depot,Seed Loaf,6,RT_029,1.55,6
2025-06-13 22:19:49,STORE_053,Kwekwe_Depot,High Energy Brown,268,RT_018,1.44,268
2025-04-30 04:27:30,STORE_049,Gweru_Branch,Mini Rolls 6-Pack,319,RT_041,0.95,319
2025-03-27 09:01:59,STORE_006,,Whole Wheat,172,RT_029,1.64,172
2025-05-02 08:39:26,STORE_020,Bindura_Depot,Buns 6-Pack,104,RT_046,1.12,104
2025-05-03 01:53:48,STORE_038,Harare_Southerton,Wholegrain Brown,110,RT_027,1.43,110
2025-02-15 02:12:38,STORE_012,Chitungwiza_Depot,Family Loaf,40,RT_031,2.27,40
2025-07-22 22:31:57,STORE_066,Marondera_Depot,Mini Rolls 6-Pack,65,RT_012,0.94,65
2025-05-23 11:27:39,STORE_042,Marondera_Depot,Soft White,53,RT_031,1.2,53
2025-02-26 11:02:34,STORE_094,Bindura_Depot,SoftWhite,255,RT_015,1.2,255
2025-06-07 12:08:39,STORE_009,Kwekwe_Depot,Buns 6-Pack,173,RT_024,1.03,173
2025-02-09 20:41:24,STORE_078,Masvingo_Branch,Whole Wheat,315,RT_038,1.61,315
2025-12-05 00:00:00,STORE_100,Harare_Southerton,Family Loaf,220,RT_044,2.15,220
2025-07-08 18:44:36,STORE_010,Marondera_Depot,Whole Wheat,253,RT_017,1.36,253
2025-04-02 20:29:14,STORE_122,Bindura_Depot,Mini Rolls 6-Pack,271,RT_036,1.03,271
2025-03-29 02:57:47,STORE_044,Marondera_Depot,Mini Rolls 6-Pack,8,RT_030,1.18,8
2025-02-23 06:15:31,STORE_098,Bindura_Depot,Whole Wheat,44,RT_045,1.48,44
2025-04-02 10:14:44,STORE_100,Kwekwe_Depot,Seed Loaf,221,RT_044,1.57,221
2025-01-12 19:25:46,STORE_139,Bindura_Depot,Soft White,215,RT_027,1.37,215
2025-06-02 18:51:14,STORE_050,Masvingo_Branch,Seed Loaf,56,RT_017,1.44,56
2025-04-04 08:03:40,STORE_011,Kwekwe_Depot,High Energy White,289,RT_038,1.37,289
2025-06-08 10:09:21,STORE_091,Kwekwe_Depot,Buns 6-Pack,50,RT_018,1.28,50
2025-02-03 18:16:11,STORE_015,Kwekwe_Depot,Mini Rolls 6-Pack,279,RT_004,1.13,279
2025-05-15 09:53:28,STORE_020,Kwekwe_Depot,Soft White,211,RT_016,1.35,211
2025-03-03 14:27:12,STORE_123,Harare_Southerton,Whole Wheat,215,RT_004,1.46,215
2025-04-25 08:30:33,STORE_054,Chitungwiza_Depot,Wholegrain Brown,306,RT_023,1.4,306
2025-05-08 23:36:05,STORE_078,Masvingo_Branch,Family Loaf,253,RT_032,,253
2025-02-04 17:37:26,STORE_095,Bulawayo_Branch,Mini Rolls 6-Pack,202,RT_045,1.16,202
2025-01-29 12:57:29,STORE_112,Masvingo_Branch,Wholegrain Brown,120,RT_044,1.52,120
2025-02-15 12:43:37,STORE_045,Marondera_Depot,Buns 6-Pack,21,RT_019,1.0,21
2025-05-20 03:19:48,STORE_005,Masvingo_Branch,Seed Loaf,96,RT_045,1.55,96
2025-03-03 13:53:05,STORE_008,Bulawayo_Branch,Family Loaf,51,RT_007,2.12,51
2025-02-09 08:01:39,STORE_079,Bulawayo_Branch,Mini Rolls 6-Pack,82,RT_029,0.95,82
2025-05-08 22:39:16,STORE_028,Marondera_Depot,Whole Wheat,222,RT_034,1.56,222
2025-06-05 02:35:53,STORE_033,Kwekwe_Depot,High Energy Brown,145,RT_046,1.2,145
2025-03-05 21:44:17,STORE_094,Harare_Willowvale,Seed Loaf,261,RT_049,,261
2025-07-18 09:34:22,STORE_052,Masvingo_Branch,Mini Rolls 6-Pack,153,RT_010,1.11,153
2025-12-05 00:00:00,STORE_018,Gweru_Branch,Family Loaf,168,RT_003,2.33,168
2025-07-01 14:08:25,STORE_110,Bulawayo_Branch,High Energy Brown,256,RT_012,1.29,256
2025-01-12 00:36:42,STORE_017,Marondera_Depot,Whole Wheat,55,RT_034,1.52,55
2025-02-07 10:28:19,STORE_026,Harare_Willowvale,Wholegrain Brown,80,RT_014,1.4,80
2025-04-02 11:57:57,STORE_076,Harare_Southerton,Seed Loaf,312,RT_022,1.51,312
2025-07-24 16:53:46,STORE_081,Marondera_Depot,High Energy Brown,77,RT_039,1.28,77
2025-07-04 16:18:53,STORE_110,Kwekwe_Depot,High Energy Brown,212,RT_045,1.41,212
2025-06-18 17:02:43,STORE_010,Harare_Southerton,High Energy Brown,18,RT_043,1.49,18
2025-06-13 22:26:26,STORE_018,Bindura_Depot,High Energy Brown,306,RT_020,1.28,306
2025-05-06 11:47:08,STORE_020,Masvingo_Branch,High Energy Brown,137,RT_009,1.28,137
2025-07-15 10:46:12,STORE_012,Masvingo_Branch,HighEnergyWhite,29,RT_042,1.39,29
2025-02-27 10:17:06,STORE_060,Bulawayo_Branch,Family Loaf,6,RT_038,2.12,6
2025-05-23 19:31:24,STORE_042,Harare_Willowvale,Soft White,223,RT_013,1.11,223
2025-07-25 06:48:32,STORE_041,Kwekwe_Depot,High Energy White,42,RT_039,1.5,42
2025-01-11 09:48:41,STORE_137,Gweru_Branch,Seed Loaf,38,RT_035,1.47,38
2025-03-20 18:32:49,STORE_134,Kwekwe_Depot,High Energy White,102,RT_003,1.38,102
2025-04-14 05:50:06,STORE_119,Kwekwe_Depot,Whole Wheat,218,RT_040,1.49,218
2025-05-02 20:07:30,STORE_139,Harare_Southerton,High Energy White,259,RT_023,1.4,259
2025-05-12 02:45:09,STORE_030,Mutare_Branch,Soft White,112,RT_034,1.15,112
2025-03-04 01:24:38,STORE_126,Marondera_Depot,Family Loaf,273,RT_045,2.38,273
2025-01-24 12:34:39,STORE_059,Marondera_Depot,Buns 6-Pack,160,RT_011,1.28,160
2025-04-20 15:21:57,STORE_047,Gweru_Branch,High Energy Brown,99,RT_035,1.21,99
2025-06-08 05:51:37,STORE_071,Mutare_Branch,High Energy Brown,150,RT_040,1.38,150
2025-07-16 01:11:01,STORE_120,Bindura_Depot,Wholegrain Brown,279,RT_031,1.52,279
2025-02-25 11:07:10,STORE_014,Bindura_Depot,Wholegrain Brown,79,RT_021,1.56,79
2025-03-10 11:30:45,STORE_024,Gweru_Branch,High Energy Brown,193,RT_034,1.39,193
2025-01-16 22:57:36,STORE_075,Chitungwiza_Depot,Buns 6-Pack,101,RT_049,1.03,101
2025-01-28 20:49:37,STORE_030,Mutare_Branch,Soft White,5,RT_024,1.24,5
2025-03-02 19:26:14,STORE_108,Bindura_Depot,High Energy Brown,15,RT_027,1.48,15
2025-07-05 10:57:39,STORE_084,Marondera_Depot,Wholegrain Brown,303,RT_036,1.37,303
2025-04-01 19:24:30,STORE_102,Marondera_Depot,Wholegrain Brown,220,RT_015,1.3,220
2025-02-03 10:06:09,STORE_085,Bindura_Depot,Soft White,171,RT_046,1.4,171
2025-04-09 17:48:40,STORE_089,Marondera_Depot,Whole Wheat,193,RT_048,1.65,193
2025-02-12 12:11:29,STORE_027,Masvingo_Branch,High Energy White,185,RT_045,1.21,185
2025-04-15 12:15:50,STORE_006,Chitungwiza_Depot,Mini Rolls 6-Pack,116,RT_044,0.91,116
2025-07-12 12:32:36,STORE_112,Bindura_Depot,Mini Rolls 6-Pack,123,RT_041,1.13,123
2025-02-27 18:22:41,STORE_026,Marondera_Depot,Buns 6-Pack,305,RT_003,1.25,305
2025-03-17 10:10:16,STORE_036,Harare_Willowvale,Whole Wheat,260,RT_045,1.39,260
2025-05-22 07:35:07,STORE_137,Chitungwiza_Depot,Wholegrain Brown,102,RT_017,1.33,102
2025-04-01 09:32:40,STORE_055,Bulawayo_Branch,Seed Loaf,169,RT_038,1.41,169
2025-04-17 18:52:57,STORE_025,Harare_Southerton,Buns 6-Pack,129,RT_034,1.12,129
2025-01-26 06:22:11,STORE_072,Kwekwe_Depot,High Energy Brown,365,RT_030,1.33,365
2025-07-25 22:41:43,STORE_123,Masvingo_Branch,High Energy White,154,RT_035,1.34,154
2025-07-04 12:21:36,STORE_053,Harare_Willowvale,Buns 6-Pack,62,RT_014,1.05,62
2025-06-23 08:15:18,STORE_045,Masvingo_Branch,Mini Rolls 6-Pack,142,RT_003,0.91,142
2025-01-20 05:41:00,STORE_030,Gweru_Branch,Mini Rolls 6-Pack,144,RT_044,0.92,144
2025-05-26 03:33:53,STORE_122,Bulawayo_Branch,Family Loaf,135,RT_008,2.18,135
2025-02-20 11:31:42,STORE_029,Gweru_Branch,Mini Rolls 6-Pack,233,RT_040,1.03,233
2025-03-08 22:26:22,STORE_110,Bulawayo_Branch,High Energy White,272,RT_029,1.41,272
2025-06-17 01:45:19,STORE_043,Bulawayo_Branch,Seed Loaf,310,RT_039,1.41,310
2025-07-05 02:33:58,STORE_039,Harare_Southerton,High Energy White,200,RT_038,1.39,200
2025-05-25 19:13:41,STORE_030,Mutare_Branch,High Energy White,46,RT_021,1.47,46
2025-06-28 09:52:08,STORE_097,Bulawayo_Branch,Buns 6-Pack,242,RT_015,1.24,242
2025-05-31 23:05:56,STORE_129,Harare_Willowvale,Family Loaf,319,RT_019,2.31,319
2025-01-22 19:39:50,STORE_005,Chitungwiza_Depot,Whole Wheat,83,RT_036,1.49,83
2025-06-15 11:35:08,STORE_106,Harare_Willowvale,Mini Rolls 6-Pack,269,RT_040,1.13,269
2025-07-06 07:21:05,STORE_084,Harare_Southerton,Mini Rolls 6-Pack,29,RT_004,1.05,29
2025-07-22 21:00:56,STORE_028,Kwekwe_Depot,High Energy Brown,230,RT_021,1.39,230
2025-04-21 20:10:45,STORE_111,Bindura_Depot,Whole Wheat,66,RT_008,1.41,66
2025-07-20 22:13:23,STORE_032,Chitungwiza_Depot,Mini Rolls 6-Pack,159,RT_002,1.0,159
2025-01-13 06:12:45,STORE_059,Mutare_Branch,Family Loaf,203,RT_028,2.24,203
2025-06-26 17:00:00,STORE_055,Chitungwiza_Depot,High Energy White,182,RT_017,1.45,182
2025-03-07 16:49:54,STORE_127,Chitungwiza_Depot,Buns 6-Pack,261,RT_048,1.09,261
2025-04-07 02:09:06,STORE_116,Marondera_Depot,Seed Loaf,174,RT_042,1.5,174
2025-01-25 18:52:52,STORE_038,Kwekwe_Depot,High Energy Brown,42,RT_046,1.48,42
2025-03-26 19:35:41,STORE_087,Marondera_Depot,Buns 6-Pack,9,RT_021,1.18,9
2025-06-14 16:29:04,STORE_023,Mutare_Branch,Soft White,303,RT_024,1.3,303
2025-05-15 07:20:08,STORE_087,Harare_Southerton,Family Loaf,21,RT_003,2.22,21
2025-01-26 11:20:52,STORE_099,Masvingo_Branch,Whole Wheat,318,RT_001,1.41,318
2025-01-16 13:04:14,STORE_098,Harare_Willowvale,Sugar2kg,225,RT_026,1.52,225
2025-01-01 02:29:41,STORE_102,Bulawayo_Branch,Family Loaf,253,RT_039,2.33,253
2025-07-08 03:21:50,STORE_078,Bindura_Depot,High Energy White,147,RT_007,1.41,147
2025-04-02 12:28:08,STORE_006,Kwekwe_Depot,Wholegrain Brown,226,RT_010,1.32,226
2025-02-27 10:18:34,STORE_108,Masvingo_Branch,High Energy White,165,RT_042,1.22,165
2025-01-29 18:06:53,STORE_127,Harare_Willowvale,Mini Rolls 6-Pack,69,RT_020,1.0,69
2025-05-16 21:03:19,STORE_055,Chitungwiza_Depot,Wholegrain Brown,81,RT_034,1.32,81
2025-01-19 04:52:12,STORE_129,Mutare_Branch,Wholegrain Brown,264,RT_032,1.4,264
2025-03-26 04:27:48,STORE_018,Bindura_Depot,Mini Rolls 6-Pack,92,RT_026,1.07,92
2025-01-19 18:42:52,STORE_108,Bindura_Depot,Family Loaf,260,RT_015,2.38,260
2025-06-15 06:16:27,STORE_050,Mutare_Branch,High Energy Brown,17,RT_028,1.43,17
2025-02-27 00:28:48,STORE_045,Chitungwiza_Depot,Soft White,76,RT_039,1.14,76
2025-02-23 17:01:15,STORE_091,Bulawayo_Branch,Mini Rolls 6-Pack,38,RT_047,0.97,38
2025-07-06 18:08:56,STORE_003,Bindura_Depot,Seed Loaf,17,RT_007,1.54,17
2025-06-14 18:10:20,STORE_124,Masvingo_Branch,Family Loaf,189,RT_010,2.12,189
2025-06-23 21:52:20,STORE_014,Chitungwiza_Depot,Whole Wheat,319,RT_047,1.37,319
2025-06-14 19:22:39,STORE_008,Mutare_Branch,Soft White,207,RT_021,1.22,207
2025-03-10 10:01:59,STORE_121,Chitungwiza_Depot,Wholegrain Brown,139,RT_023,1.42,139
2025-07-01 04:02:36,STORE_084,Bulawayo_Branch,Soft White,95,RT_016,1.29,95
2025-02-05 04:29:09,STORE_125,Kwekwe_Depot,Mini Rolls 6-Pack,145,RT_012,0.95,145
2025-07-15 05:55:07,STORE_113,Gweru_Branch,Buns 6-Pack,497,RT_007,1.15,497
2025-01-27 21:12:03,STORE_071,Gweru_Branch,High Energy Brown,253,RT_041,1.46,253
2025-04-20 11:36:52,STORE_102,Kwekwe_Depot,Seed Loaf,17,RT_047,1.64,17
2025-03-22 00:24:22,STORE_022,Masvingo_Branch,Wholegrain Brown,272,RT_026,1.52,272
2025-05-22 14:29:47,STORE_064,,High Energy White,198,RT_031,1.45,198
2025-06-14 21:50:25,STORE_087,Masvingo_Branch,Milk1L,131,RT_014,1.47,131
2025-01-10 01:20:09,STORE_010,Chitungwiza_Depot,Whole Wheat,139,RT_022,1.51,139
2025-04-02 01:31:03,STORE_066,Bulawayo_Branch,Buns 6-Pack,94,RT_020,1.04,94
2025-06-24 11:24:21,STORE_127,Kwekwe_Depot,Family Loaf,266,RT_011,2.26,266
2025-07-19 21:43:28,STORE_101,Kwekwe_Depot,Mini Rolls 6-Pack,179,RT_023,1.1,179
2025-06-07 00:09:41,STORE_084,Bulawayo_Branch,High Energy Brown,266,RT_034,1.27,266
2025-01-24 11:42:21,STORE_004,Gweru_Branch,High Energy White,31,RT_004,1.28,31
2025-05-06 07:36:09,STORE_055,Bulawayo_Branch,Seed Loaf,274,RT_012,1.46,274
2025-04-28 22:30:28,STORE_047,Mutare_Branch,Whole Wheat,48,RT_009,1.55,48
2025-01-14 08:49:29,STORE_127,Harare_Willowvale,Family Loaf,76,RT_043,2.28,76
2025-04-01 16:08:32,STORE_041,Chitungwiza_Depot,Mini Rolls 6-Pack,194,RT_047,1.14,194
2025-05-31 09:31:29,STORE_029,Gweru_Branch,Seed Loaf,36,RT_038,1.46,36
2025-04-21 15:05:56,STORE_031,Marondera_Depot,Wholegrain Brown,23,RT_036,1.42,23
2025-01-21 00:02:57,STORE_076,Marondera_Depot,Family Loaf,155,RT_029,2.26,155
2025-06-09 23:32:36,STORE_005,Bindura_Depot,Soft White,81,RT_023,1.39,81
2025-06-24 15:07:06,STORE_096,Mutare_Branch,High Energy White,56,RT_012,1.38,56
2025-03-16 03:08:12,STORE_015,Mutare_Branch,High Energy Brown,162,RT_040,1.36,162
2025-02-03 17:31:18,STORE_009,Harare_Willowvale,Seed Loaf,157,RT_003,1.42,157
2025-03-27 02:16:22,STORE_024,Kwekwe_Depot,Wholegrain Brown,243,RT_005,1.37,243
2025-06-12 12:14:03,STORE_024,Harare_Willowvale,Family Loaf,37,RT_047,2.26,37
2025-01-07 12:51:25,STORE_018,Gweru_Branch,High Energy Brown,174,RT_007,1.38,174
2025-07-05 17:11:47,STORE_091,Bulawayo_Branch,High Energy Brown,17,RT_049,1.36,17
2025-02-18 10:10:39,STORE_056,Marondera_Depot,Buns 6-Pack,140,RT_048,1.25,140
2025-05-29 18:28:36,STORE_071,Marondera_Depot,Seed Loaf,271,RT_010,1.63,271
2025-04-28 13:35:15,STORE_094,Harare_Willowvale,Mini Rolls 6-Pack,145,RT_015,0.93,145
2025-07-21 18:49:27,STORE_061,Harare_Southerton,Wholegrain Brown,33,RT_040,1.4,33
2025-05-20 22:27:32,STORE_061,Harare_Willowvale,Whole Wheat,178,RT_036,1.43,178
2025-05-25 07:21:34,STORE_108,Harare_Southerton,High Energy White,24,RT_009,1.48,24
2025-06-13 01:34:05,STORE_037,Gweru_Branch,Seed Loaf,22,RT_028,1.46,22
2025-05-24 18:33:43,STORE_069,Harare_Southerton,High Energy Brown,67,RT_046,1.33,67
2025-06-26 01:30:04,STORE_023,Harare_Southerton,Soft White,284,RT_011,1.19,284
2025-04-21 04:59:55,STORE_030,Harare_Willowvale,Seed Loaf,130,RT_028,1.47,130
2025-04-26 07:45:34,STORE_075,Harare_Southerton,Mini Rolls 6-Pack,147,RT_035,0.93,147
2025-02-17 05:10:41,STORE_035,Marondera_Depot,High Energy Brown,6,RT_039,1.35,6
2025-04-09 02:57:32,STORE_102,Marondera_Depot,Wholegrain Brown,106,RT_046,1.38,106
2025-02-17 10:02:00,STORE_092,Chitungwiza_Depot,Seed Loaf,179,RT_046,1.45,179
2025-07-02 13:31:44,STORE_093,Gweru_Branch,Family Loaf,249,RT_048,2.3,249
2025-06-12 11:49:26,STORE_046,Chitungwiza_Depot,High Energy White,142,RT_027,1.23,142
2025-05-20 05:27:13,STORE_048,Marondera_Depot,Wholegrain Brown,228,RT_013,1.41,228
2025-06-27 23:57:05,STORE_097,Kwekwe_Depot,Family Loaf,15,RT_001,2.38,15
2025-02-03 10:57:12,STORE_006,Mutare_Branch,Family Loaf,186,RT_017,2.27,186
2025-01-01 13:55:51,STORE_079,Bulawayo_Branch,Buns 6-Pack,297,RT_027,1.15,297
2025-03-08 17:46:32,STORE_092,Chitungwiza_Depot,High Energy Brown,102,RT_008,1.47,102
2025-01-08 18:27:33,STORE_064,Gweru_Branch,Wholegrain Brown,26,RT_047,1.58,26
2025-01-06 13:39:53,STORE_100,Bulawayo_Branch,Soft White,285,RT_010,1.32,285
2025-03-11 11:54:35,STORE_083,Harare_Willowvale,Soft White,107,RT_007,1.4,107
2025-02-25 22:31:47,STORE_014,Gweru_Branch,Family Loaf,233,RT_019,2.3,233
2025-03-17 04:01:43,STORE_109,Masvingo_Branch,Mini Rolls 6-Pack,189,RT_045,1.02,189
2025-02-01 14:19:34,STORE_089,Gweru_Branch,High Energy Brown,90,RT_017,1.23,90
2025-02-24 20:40:39,STORE_103,Bulawayo_Branch,Family Loaf,44,RT_006,2.29,44
2025-03-07 11:53:16,STORE_040,Kwekwe_Depot,Mini Rolls 6-Pack,319,RT_017,1.13,319
2025-06-28 22:31:41,STORE_013,Marondera_Depot,Seed Loaf,223,RT_004,1.47,223
2025-01-19 22:01:01,STORE_064,Kwekwe_Depot,Wholegrain Brown,70,RT_046,1.39,70
2025-05-24 03:32:25,STORE_136,Bindura_Depot,Wholegrain Brown,30,RT_022,1.39,30
2025-02-11 19:35:14,STORE_104,Harare_Willowvale,High Energy Brown,306,RT_038,1.43,306
2025-04-03 16:48:12,STORE_051,Bulawayo_Branch,Soft White,61,RT_019,1.25,61
2025-01-01 07:18:16,STORE_074,Bindura_Depot,Milk1L,315,RT_033,1.12,315
2025-06-08 16:31:27,STORE_020,Mutare_Branch,WholeWheat,196,RT_020,1.37,196
2025-07-26 13:23:48,STORE_029,Harare_Southerton,Buns 6-Pack,273,RT_008,1.23,273
2025-03-10 04:18:34,STORE_029,Chitungwiza_Depot,Wholegrain Brown,126,RT_049,1.32,126
2025-01-29 11:13:42,STORE_134,Bindura_Depot,Seed Loaf,18,RT_044,1.58,18
2025-04-22 09:06:47,STORE_102,Bindura_Depot,High Energy White,257,RT_030,1.27,257
2025-04-17 17:45:29,STORE_076,Masvingo_Branch,Mini Rolls 6-Pack,287,RT_030,1.14,287
2025-06-13 18:16:41,STORE_066,Bulawayo_Branch,Buns 6-Pack,241,RT_006,1.25,241
2025-02-23 08:55:15,STORE_116,Harare_Willowvale,WholgrainBrown,194,RT_016,1.36,194
2025-06-12 05:33:35,STORE_114,Harare_Southerton,Mini Rolls 6-Pack,172,RT_006,1.13,172
2025-06-19 20:57:49,STORE_067,Bulawayo_Branch,Buns 6-Pack,46,RT_027,1.26,46
2025-04-09 09:06:10,STORE_067,Gweru_Branch,Soft White,70,RT_028,1.37,70
2025-06-21 10:03:44,STORE_011,Marondera_Depot,Seed Loaf,36,RT_006,1.64,36
2025-03-28 19:04:26,STORE_031,Chitungwiza_Depot,Buns 6-Pack,46,RT_001,1.15,46
2025-04-11 00:02:25,STORE_010,Harare_Southerton,Soft White,279,RT_039,1.19,279
2025-02-19 04:14:47,STORE_137,Gweru_Branch,Seed Loaf,301,RT_043,1.53,301
2025-07-10 18:02:32,STORE_029,Bindura_Depot,Mini Rolls 6-Pack,168,RT_026,1.17,168
2025-02-22 11:10:27,STORE_006,Masvingo_Branch,Mini Rolls 6-Pack,186,RT_005,0.92,186
2025-06-11 07:52:16,STORE_038,Mutare_Branch,Family Loaf,80,RT_022,2.11,80
2025-03-04 11:23:46,STORE_040,Chitungwiza_Depot,Wholegrain Brown,13,RT_009,1.43,13
2025-04-18 02:27:36,STORE_061,Chitungwiza_Depot,Soft White,117,RT_021,1.32,117
2025-07-28 11:49:17,STORE_067,Mutare_Branch,Buns 6-Pack,101,RT_011,1.19,101
,STORE_028,Gweru_Branch,Wholegrain Brown,154,RT_011,1.57,154
2025-02-24 22:34:25,STORE_058,Mutare_Branch,High Energy Brown,275,RT_021,1.26,275
2025-05-09 14:57:30,STORE_011,Mutare_Branch,Soft White,255,RT_036,1.17,255
2025-03-31 22:20:32,STORE_111,Harare_Willowvale,Whole Wheat,90,RT_018,1.38,90
2025-02-01 18:49:13,STORE_113,Chitungwiza_Depot,Whole Wheat,157,RT_032,1.38,157
2025-07-18 07:47:58,STORE_076,Masvingo_Branch,Whole Wheat,132,RT_036,1.36,132
2025-02-05 19:30:35,STORE_012,Mutare_Branch,Seed Loaf,300,RT_011,1.63,300
2025-05-23 22:37:31,STORE_107,Gweru_Branch,Wholegrain Brown,187,RT_042,1.47,187
2025-03-22 17:56:50,STORE_070,Marondera_Depot,Wholegrain Brown,246,RT_006,1.32,246
2025-04-29 20:32:07,STORE_114,Masvingo_Branch,Wholegrain Brown,50,RT_031,1.57,50
2025-05-22 09:09:10,STORE_024,Bindura_Depot,Whole Wheat,161,RT_029,1.52,161
2025-02-06 14:04:17,STORE_027,Bindura_Depot,Seed Loaf,128,RT_004,1.65,128
2025-05-03 23:38:28,STORE_071,Masvingo_Branch,Wholegrain Brown,126,RT_037,1.56,126
2025-04-15 07:32:40,STORE_049,Bulawayo_Branch,Seed Loaf,205,RT_002,1.5,205
2025-07-17 18:50:01,STORE_139,Mutare_Branch,Mini Rolls 6-Pack,180,RT_001,1.12,180
2025-03-05 04:46:28,STORE_117,Gweru_Branch,Family Loaf,50,RT_025,2.35,50
2025-06-27 14:05:04,STORE_126,Mutare_Branch,Seed Loaf,184,RT_049,1.6,184
2025-03-11 08:47:45,STORE_128,Bindura_Depot,Seed Loaf,303,RT_039,1.65,303
2025-06-04 06:52:02,STORE_001,Chitungwiza_Depot,Soft White,117,RT_016,1.38,117
2025-02-17 22:17:22,STORE_027,Gweru_Branch,Whole Wheat,206,RT_019,1.4,206
2025-01-04 00:37:00,STORE_136,Harare_Willowvale,Coke500ml,302,RT_047,1.49,302
2025-05-17 16:02:36,STORE_051,Masvingo_Branch,Mini Rolls 6-Pack,9,RT_019,1.02,9
2025-01-18 01:02:22,STORE_017,Mutare_Branch,Buns 6-Pack,265,RT_041,1.19,265
2025-06-26 20:39:23,STORE_136,Masvingo_Branch,High Energy White,227,RT_022,1.34,227
2025-04-01 06:01:38,STORE_046,Masvingo_Branch,High Energy White,279,RT_003,1.41,279
2025-02-10 02:11:34,STORE_082,Marondera_Depot,Mini Rolls 6-Pack,54,RT_007,1.15,54
2025-06-16 22:01:08,STORE_026,Marondera_Depot,Whole Wheat,211,RT_045,1.58,211
2025-07-28 17:12:46,STORE_001,Bulawayo_Branch,Soft White,93,RT_002,1.15,93
2025-04-03 00:00:38,STORE_092,Chitungwiza_Depot,Buns 6-Pack,4,RT_030,1.04,4
2025-04-28 05:21:09,STORE_131,Bindura_Depot,High Energy Brown,153,RT_042,1.22,153
2025-07-17 19:05:45,STORE_013,Kwekwe_Depot,High Energy Brown,18,RT_002,1.47,18
2025-07-19 18:54:03,STORE_005,Harare_Southerton,High Energy White,168,RT_023,1.32,168
2025-02-18 01:18:43,STORE_137,Gweru_Branch,High Energy White,42,RT_033,1.41,42
2025-06-28 18:46:26,STORE_064,Masvingo_Branch,Seed Loaf,112,RT_005,1.62,112
2025-05-22 09:34:07,STORE_097,Harare_Southerton,Mini Rolls 6-Pack,208,RT_041,1.16,208
2025-06-01 01:56:07,STORE_031,Bulawayo_Branch,Whole Wheat,136,RT_028,1.45,136
2025-04-05 04:51:55,STORE_048,Harare_Willowvale,Seed Loaf,90,RT_003,1.56,90
2025-03-30 10:48:59,STORE_012,Marondera_Depot,Whole Wheat,188,RT_027,1.49,188
2025-05-25 10:39:41,STORE_134,Marondera_Depot,Family Loaf,271,RT_004,2.14,271
2025-05-22 20:12:15,STORE_121,Gweru_Branch,Wholegrain Brown,111,RT_017,1.37,111
2025-07-05 07:42:17,STORE_136,Bindura_Depot,Wholegrain Brown,238,RT_047,1.35,238
2025-01-07 03:39:22,STORE_021,Chitungwiza_Depot,Family Loaf,297,RT_012,2.23,297
2025-03-05 21:56:17,STORE_040,Chitungwiza_Depot,Family Loaf,237,RT_034,2.39,237
2025-02-04 19:06:14,STORE_131,Harare_Willowvale,Buns 6-Pack,58,RT_023,1.05,58
2025-03-16 21:47:16,STORE_084,Bindura_Depot,Buns 6-Pack,290,RT_033,1.25,290
2025-06-12 07:35:41,STORE_049,,Sugar2kg,74,RT_019,1.49,74
2025-03-02 20:09:43,STORE_120,Harare_Willowvale,Seed Loaf,96,RT_023,1.68,96
2025-01-26 21:34:59,STORE_019,Chitungwiza_Depot,Family Loaf,12,RT_039,2.1,12
2025-07-11 01:36:13,STORE_133,Chitungwiza_Depot,Wholegrain Brown,243,RT_038,1.41,243
2025-03-24 19:42:18,STORE_019,Gweru_Branch,High Energy Brown,201,RT_040,1.22,201
2025-02-27 22:23:24,STORE_065,Bulawayo_Branch,Whole Wheat,28,RT_001,1.48,28
2025-07-19 19:48:43,STORE_120,Mutare_Branch,Seed Loaf,202,RT_012,1.53,202
2025-03-17 06:09:20,STORE_010,Mutare_Branch,Soft White,263,RT_043,1.19,263
,STORE_129,Marondera_Depot,Soft White,236,RT_028,1.21,236
2025-05-05 02:38:10,STORE_078,Marondera_Depot,Buns 6-Pack,111,RT_021,1.11,111
2025-02-13 10:03:33,STORE_057,Kwekwe_Depot,Buns 6-Pack,192,RT_031,1.27,192
2025-06-21 12:24:29,STORE_036,Masvingo_Branch,Mini Rolls 6-Pack,308,RT_041,0.96,308
2025-01-15 00:11:20,STORE_107,Chitungwiza_Depot,Buns 6-Pack,52,RT_009,1.16,52
2025-01-10 15:55:38,STORE_127,Marondera_Depot,High Energy White,43,RT_005,1.4,43
2025-04-05 13:09:44,STORE_080,Bulawayo_Branch,High Energy White,89,RT_045,1.37,89
2025-07-02 19:54:04,STORE_102,Marondera_Depot,High Energy White,127,RT_022,1.33,127
2025-03-23 22:35:01,STORE_114,Masvingo_Branch,Family Loaf,95,RT_024,2.31,95
2025-06-16 13:55:07,STORE_020,Harare_Southerton,Whole Wheat,14,RT_006,1.55,14
2025-01-06 06:30:33,STORE_008,Chitungwiza_Depot,Seed Loaf,316,RT_014,1.61,316
2025-06-27 05:48:03,STORE_063,Marondera_Depot,Whole Wheat,288,RT_027,1.63,288
2025-07-03 23:35:06,STORE_047,Harare_Willowvale,Wholegrain Brown,155,RT_015,1.36,155
2025-02-03 21:33:05,STORE_078,Mutare_Branch,Seed Loaf,421,RT_049,1.62,421
2025-02-13 23:51:22,STORE_139,Bulawayo_Branch,Mini Rolls 6-Pack,200,RT_017,1.04,200
2025-01-20 21:00:22,STORE_114,Harare_Southerton,Buns 6-Pack,56,RT_043,1.27,56
2025-07-17 19:01:07,STORE_060,Gweru_Branch,Family Loaf,252,RT_009,2.4,252
2025-02-20 13:06:49,STORE_012,Bulawayo_Branch,Soft White,235,RT_043,1.32,235
2025-06-13 16:21:13,STORE_102,Bindura_Depot,Whole Wheat,200,RT_047,1.58,200
2025-06-29 16:51:04,STORE_089,Bindura_Depot,Buns 6-Pack,60,RT_004,1.02,60
2025-02-09 17:54:38,STORE_051,Bulawayo_Branch,Buns 6-Pack,167,RT_027,1.0,167
2025-06-25 19:59:57,STORE_098,Bulawayo_Branch,Buns 6-Pack,144,RT_018,1.17,144
2025-07-12 06:37:31,STORE_002,Mutare_Branch,Whole Wheat,101,RT_012,1.53,101
2025-05-20 15:12:42,STORE_010,Bulawayo_Branch,High Energy Brown,295,RT_007,1.3,295
2025-04-04 03:31:41,STORE_057,Masvingo_Branch,Wholegrain Brown,279,RT_037,1.5,279
2025-03-26 16:10:45,STORE_111,Mutare_Branch,High Energy White,17,RT_014,1.35,17
2025-05-12 02:10:37,STORE_033,Gweru_Branch,Mini Rolls 6-Pack,279,RT_033,0.99,279
2025-07-07 18:14:57,STORE_139,Bindura_Depot,Soft White,115,RT_005,1.28,115
2025-02-02 01:43:54,STORE_033,Chitungwiza_Depot,Mini Rolls 6-Pack,255,RT_041,1.04,255
2025-02-19 13:04:10,STORE_086,Masvingo_Branch,Seed Loaf,82,RT_013,1.49,82
2025-02-10 15:15:40,STORE_044,Chitungwiza_Depot,High Energy White,269,RT_046,1.31,269
2025-04-30 23:47:37,STORE_117,Harare_Willowvale,Family Loaf,173,RT_028,2.25,173
2025-01-28 01:31:39,STORE_061,Chitungwiza_Depot,Family Loaf,175,RT_029,2.26,175
2025-03-29 19:46:13,STORE_007,Gweru_Branch,High Energy White,21,RT_037,1.33,21
2025-04-06 20:52:41,STORE_081,Mutare_Branch,Family Loaf,250,RT_030,2.31,250
2025-02-26 06:21:22,STORE_139,Bindura_Depot,Wholegrain Brown,37,RT_038,1.54,37
2025-02-05 20:51:12,STORE_017,Gweru_Branch,Mini Rolls 6-Pack,187,RT_012,1.14,187
2025-03-29 19:42:48,STORE_104,Harare_Southerton,High Energy White,125,RT_026,1.21,125
2025-03-19 07:02:14,STORE_041,Gweru_Branch,Whole Wheat,231,RT_033,1.46,231
2025-01-28 17:11:52,STORE_091,Chitungwiza_Depot,Seed Loaf,232,RT_002,1.43,232
2025-01-12 07:53:56,STORE_136,Harare_Willowvale,Wholegrain Brown,277,RT_032,1.4,277
2025-02-18 22:51:31,STORE_046,Bindura_Depot,Seed Loaf,61,RT_048,1.44,61
2025-06-28 01:27:41,STORE_102,Harare_Willowvale,Soft White,191,RT_002,1.35,191
2025-02-07 18:12:11,STORE_054,Mutare_Branch,High Energy White,181,RT_025,1.48,181
2025-01-27 03:23:38,STORE_026,Harare_Southerton,Soft White,109,RT_044,1.37,109
2025-04-14 23:05:39,STORE_050,Mutare_Branch,Buns 6-Pack,191,RT_038,1.2,191
2025-06-28 00:21:03,STORE_096,Kwekwe_Depot,Whole Wheat,29,RT_041,1.47,29
2025-01-25 12:15:09,STORE_087,Bindura_Depot,Mini Rolls 6-Pack,310,RT_019,1.0,310
2025-04-27 02:05:53,STORE_085,Marondera_Depot,Soft White,83,RT_038,1.13,83
2025-02-11 03:19:42,STORE_108,Mutare_Branch,Soft White,106,RT_040,1.14,106
2025-05-22 19:41:56,STORE_037,Bindura_Depot,Whole Wheat,240,RT_043,,240
2025-02-05 15:51:31,STORE_093,Chitungwiza_Depot,Whole Wheat,107,RT_011,1.46,107
2025-06-05 12:00:30,STORE_094,Chitungwiza_Depot,High Energy White,269,RT_049,1.24,269
2025-06-11 20:04:54,STORE_038,Masvingo_Branch,Soft White,292,RT_040,1.18,292
2025-02-11 21:26:43,STORE_130,Chitungwiza_Depot,High Energy White,166,RT_045,1.49,166
2025-03-25 22:56:57,STORE_011,Kwekwe_Depot,High Energy Brown,44,RT_049,1.24,44
2025-06-03 12:01:42,STORE_092,Gweru_Branch,Buns 6-Pack,112,RT_034,1.21,112
2025-03-05 20:46:07,STORE_111,Harare_Willowvale,Soft White,63,RT_009,1.3,63
2025-05-09 06:46:39,STORE_122,Harare_Willowvale,Soft White,285,RT_012,1.21,285
2025-05-10 02:08:01,STORE_001,Masvingo_Branch,High Energy Brown,302,RT_010,1.44,302
2025-06-02 19:11:44,STORE_111,Kwekwe_Depot,Whole Wheat,93,RT_035,1.47,93
2025-01-31 21:41:51,STORE_013,Harare_Willowvale,Buns 6-Pack,193,RT_002,1.2,193
2025-06-03 15:45:44,STORE_031,Chitungwiza_Depot,Soft White,224,RT_020,1.39,224
2025-01-04 04:58:52,STORE_056,Harare_Willowvale,Mini Rolls 6-Pack,269,RT_004,1.01,269
2025-03-08 11:08:53,STORE_049,Masvingo_Branch,Wholegrain Brown,283,RT_037,1.56,283
2025-07-21 13:28:13,STORE_014,Gweru_Branch,Wholegrain Brown,161,RT_043,1.52,161
2025-01-21 05:30:44,STORE_017,Marondera_Depot,Mini Rolls 6-Pack,247,RT_044,1.14,247
2025-05-01 10:05:34,STORE_010,Kwekwe_Depot,Buns 6-Pack,193,RT_008,1.16,193
2025-02-17 06:02:44,STORE_112,Harare_Southerton,High Energy Brown,92,RT_047,1.25,92
2025-05-16 03:18:09,STORE_015,Harare_Southerton,High Energy White,182,RT_040,1.43,182
2025-02-23 16:09:30,STORE_003,Kwekwe_Depot,Buns 6-Pack,260,RT_043,1.25,260
2025-05-15 19:19:54,STORE_080,Bindura_Depot,Seed Loaf,98,RT_027,1.67,98
2025-07-09 16:23:41,STORE_135,Masvingo_Branch,Buns 6-Pack,200,RT_017,1.02,200
2025-01-16 19:14:25,STORE_117,Kwekwe_Depot,High Energy Brown,47,RT_011,1.47,47
2025-05-18 15:30:51,STORE_088,Chitungwiza_Depot,Family Loaf,53,RT_003,2.32,53
2025-07-03 06:45:27,STORE_039,Bulawayo_Branch,Wholegrain Brown,81,RT_016,1.32,81
2025-03-23 18:00:40,STORE_108,Mutare_Branch,Buns 6-Pack,278,RT_033,1.03,278
2025-04-02 02:11:07,STORE_060,,Whole Wheat,314,RT_030,1.43,314
2025-05-28 11:48:13,STORE_102,Harare_Southerton,Wholegrain Brown,16,RT_009,1.32,16
2025-02-27 23:55:19,STORE_033,Masvingo_Branch,High Energy Brown,260,RT_005,1.38,260
2025-07-15 12:30:43,STORE_118,Harare_Southerton,Seed Loaf,19,RT_034,1.67,19
2025-03-08 18:38:57,STORE_024,Chitungwiza_Depot,Buns 6-Pack,306,RT_036,1.2,306
2025-03-28 21:22:04,STORE_112,Marondera_Depot,High Energy Brown,164,RT_025,1.27,164
2025-06-18 00:52:22,STORE_069,Bindura_Depot,Whole Wheat,35,RT_026,1.54,35
2025-04-20 16:58:20,STORE_086,Harare_Willowvale,High Energy White,211,RT_016,1.28,211
2025-04-13 15:54:06,STORE_099,Kwekwe_Depot,Buns 6-Pack,45,RT_019,1.0,45
2025-05-28 01:54:18,STORE_114,Harare_Willowvale,Soft White,314,RT_009,1.27,314
2025-05-29 10:40:30,STORE_110,Harare_Southerton,Seed Loaf,164,RT_012,1.62,164
2025-07-07 09:57:48,STORE_134,Gweru_Branch,Buns 6-Pack,265,RT_027,1.24,265
2025-02-22 07:56:13,STORE_124,Mutare_Branch,High Energy Brown,282,RT_043,1.21,282
2025-01-28 19:09:16,STORE_097,Marondera_Depot,Wholegrain Brown,99,RT_014,1.42,99
2025-04-06 00:48:00,STORE_092,Bindura_Depot,Mini Rolls 6-Pack,131,RT_041,0.93,131
2025-03-27 04:10:55,STORE_110,Chitungwiza_Depot,Wholegrain Brown,256,RT_009,1.56,256
2025-05-26 14:27:11,STORE_023,Bulawayo_Branch,Family Loaf,275,RT_020,2.4,275
2025-04-11 10:33:00,STORE_137,Kwekwe_Depot,Wholegrain Brown,284,RT_003,1.34,284
2025-06-04 00:22:37,STORE_029,Gweru_Branch,Soft White,119,RT_038,1.14,119
2025-04-14 19:13:07,STORE_117,Mutare_Branch,Seed Loaf,22,RT_032,1.67,22
2025-07-15 06:52:52,STORE_115,Bindura_Depot,Mini Rolls 6-Pack,153,RT_008,1.19,153
2025-01-08 18:43:45,STORE_139,Marondera_Depot,Buns 6-Pack,169,RT_031,1.28,169
2025-01-17 01:16:20,STORE_121,Kwekwe_Depot,High Energy White,232,RT_018,1.47,232
2025-02-25 23:16:45,STORE_025,Harare_Southerton,Soft White,309,RT_005,1.2,309
2025-04-13 12:14:44,STORE_095,Kwekwe_Depot,High Energy White,177,RT_037,1.39,177
2025-06-23 17:07:12,STORE_116,Mutare_Branch,Family Loaf,35,RT_022,2.23,35
2025-05-11 09:35:11,STORE_019,Gweru_Branch,Seed Loaf,9,RT_013,1.42,9
2025-07-30 11:00:43,STORE_077,Harare_Southerton,Wholegrain Brown,167,RT_036,1.31,167
2025-03-24 21:49:17,STORE_062,Marondera_Depot,Wholegrain Brown,97,RT_011,1.56,97
2025-05-27 09:35:58,STORE_036,Chitungwiza_Depot,High Energy White,246,RT_044,1.35,246
2025-02-28 05:59:53,STORE_105,Chitungwiza_Depot,Family Loaf,150,RT_001,2.12,150
2025-05-22 01:10:51,STORE_112,Gweru_Branch,Mini Rolls 6-Pack,109,RT_039,0.95,109
2025-01-08 06:32:53,STORE_039,Bindura_Depot,Whole Wheat,55,RT_004,1.63,55
2025-02-06 12:26:40,STORE_065,Mutare_Branch,High Energy Brown,169,RT_044,1.48,169
2025-03-17 23:49:52,STORE_073,Kwekwe_Depot,Whole Wheat,239,RT_016,1.63,239
2025-06-16 12:37:25,STORE_099,Harare_Willowvale,Buns 6-Pack,258,RT_018,1.06,258
2025-07-23 12:36:15,STORE_025,Harare_Southerton,Buns 6-Pack,270,RT_033,1.29,270
2025-04-16 23:56:13,STORE_123,Mutare_Branch,Mini Rolls 6-Pack,216,RT_006,1.11,216
2025-06-12 06:44:17,STORE_095,Chitungwiza_Depot,Family Loaf,288,RT_026,2.31,288
2025-03-11 01:31:46,STORE_062,Chitungwiza_Depot,Family Loaf,288,RT_049,2.13,288
2025-01-19 20:30:40,STORE_133,Bulawayo_Branch,Soft White,59,RT_022,1.36,59
2025-07-10 06:27:00,STORE_089,Bindura_Depot,Seed Loaf,314,RT_016,1.67,314
2025-01-06 20:40:53,STORE_107,Chitungwiza_Depot,Mini Rolls 6-Pack,71,RT_008,1.1,71
2025-03-02 03:33:36,STORE_057,Bindura_Depot,Soft White,168,RT_002,1.32,168
2025-06-23 12:42:09,STORE_072,Harare_Willowvale,Seed Loaf,268,RT_018,1.49,268
2025-03-22 00:11:30,STORE_111,Gweru_Branch,Buns 6-Pack,223,RT_041,1.02,223
2025-01-10 11:25:06,STORE_006,Marondera_Depot,Whole Wheat,244,RT_042,1.36,244
2025-06-12 07:24:52,STORE_024,Bindura_Depot,Family Loaf,298,RT_049,2.31,298
2025-01-31 17:50:22,STORE_124,Harare_Willowvale,Whole Wheat,214,RT_042,1.39,214
2025-06-07 18:08:04,STORE_044,Gweru_Branch,High Energy Brown,291,RT_013,1.27,291
2025-05-25 17:49:11,STORE_110,Bulawayo_Branch,Buns 6-Pack,282,RT_002,1.23,282
2025-06-27 03:52:36,STORE_114,Gweru_Branch,High Energy White,287,RT_045,1.47,287
2025-06-30 05:27:32,STORE_042,Chitungwiza_Depot,Soft White,40,RT_041,1.33,40
2025-01-16 18:28:36,STORE_046,Gweru_Branch,Soft White,249,RT_020,1.35,249
2025-05-21 01:36:32,STORE_093,Bulawayo_Branch,Soft White,318,RT_015,1.35,318
2025-02-19 11:14:58,STORE_028,Harare_Willowvale,Whole Wheat,315,RT_046,1.45,315
2025-03-12 00:00:00,STORE_050,Mutare_Branch,Seed Loaf,80,RT_010,1.65,80
2025-05-25 07:39:38,STORE_133,Harare_Southerton,Wholegrain Brown,153,RT_028,1.52,153
2025-01-16 15:01:33,STORE_016,Mutare_Branch,Whole Wheat,207,RT_009,1.61,207
2025-01-25 20:50:52,STORE_071,Harare_Southerton,Mini Rolls 6-Pack,130,RT_038,1.13,130
2025-07-07 05:54:10,STORE_048,Kwekwe_Depot,Wholegrain Brown,224,RT_024,1.31,224
2025-02-26 14:04:44,STORE_066,Mutare_Branch,Wholegrain Brown,85,RT_010,1.37,85
2025-07-21 17:39:31,STORE_071,Chitungwiza_Depot,Whole Wheat,275,RT_046,1.45,275
2025-02-05 21:23:24,STORE_018,Harare_Southerton,High Energy Brown,279,RT_006,1.4,279
2025-05-13 15:15:05,STORE_066,Harare_Southerton,High Energy Brown,25,RT_008,1.43,25
2025-04-04 06:49:37,STORE_112,,Seed Loaf,84,RT_015,1.47,84
2025-06-15 20:38:10,STORE_134,Bulawayo_Branch,Mini Rolls 6-Pack,102,RT_037,1.19,102
2025-07-27 12:23:35,STORE_087,Bulawayo_Branch,Buns 6-Pack,220,RT_010,1.03,220
2025-04-29 04:39:52,STORE_008,Bindura_Depot,Buns 6-Pack,43,RT_014,1.15,43
2025-02-10 18:33:30,STORE_047,Bindura_Depot,Whole Wheat,81,RT_045,1.44,81
2025-01-22 02:19:04,STORE_096,Gweru_Branch,Buns 6-Pack,197,RT_026,1.11,197
2025-01-08 00:10:09,STORE_036,Bindura_Depot,Wholegrain Brown,161,RT_025,1.54,161
2025-02-13 07:46:25,STORE_088,Mutare_Branch,SoapBar,99,RT_023,1.59,99
2025-01-17 06:21:53,STORE_037,Gweru_Branch,High Energy Brown,215,RT_004,1.48,215
2025-04-29 03:22:21,STORE_003,Mutare_Branch,Mini Rolls 6-Pack,113,RT_018,0.98,113
2025-07-21 05:07:08,STORE_020,Bindura_Depot,Buns 6-Pack,178,RT_003,1.28,178
2025-06-27 18:56:21,STORE_031,Harare_Southerton,Whole Wheat,267,RT_019,1.54,267
2025-06-12 09:42:03,STORE_102,Kwekwe_Depot,High Energy White,145,RT_032,1.41,145
2025-04-11 06:09:09,STORE_021,Bulawayo_Branch,Soft White,4,RT_042,1.12,4
2025-02-06 23:51:15,STORE_013,Harare_Willowvale,Seed Loaf,58,RT_039,1.65,58
2025-01-08 10:04:35,STORE_080,Bulawayo_Branch,Buns 6-Pack,87,,1.05,87
2025-02-11 04:52:56,STORE_087,Bulawayo_Branch,Seed Loaf,129,RT_020,1.46,129
2025-06-15 06:25:47,STORE_052,Harare_Willowvale,Family Loaf,200,RT_031,2.34,200
2025-01-21 10:21:57,STORE_066,Bindura_Depot,High Energy Brown,238,RT_033,1.25,238
2025-05-05 08:05:20,STORE_114,Marondera_Depot,Soft White,183,RT_003,1.19,183
2025-04-14 22:13:39,STORE_030,Mutare_Branch,Buns 6-Pack,211,RT_026,1.12,211
2025-05-13 19:53:49,STORE_028,Masvingo_Branch,Family Loaf,19,RT_029,2.16,19
2025-04-15 09:17:46,STORE_036,Bindura_Depot,Family Loaf,74,RT_030,2.23,74
2025-05-09 04:40:42,STORE_094,Bulawayo_Branch,Wholegrain Brown,295,RT_007,1.49,295
2025-01-06 01:00:43,STORE_076,Gweru_Branch,Buns 6-Pack,237,RT_028,1.01,237
2025-07-21 21:23:01,STORE_103,Harare_Southerton,Soft White,281,RT_031,1.38,281
2025-05-26 21:21:11,STORE_023,Marondera_Depot,Mini Rolls 6-Pack,147,RT_045,1.18,147
2025-06-08 21:22:11,STORE_108,Bindura_Depot,Soft White,229,RT_046,1.34,229
2025-01-16 18:06:52,STORE_068,Marondera_Depot,Whole Wheat,65,RT_014,1.45,65
2025-07-25 22:57:29,STORE_103,Mutare_Branch,Soft White,28,RT_014,1.32,28
2025-07-03 18:11:36,STORE_058,Harare_Southerton,Mini Rolls 6-Pack,252,RT_041,1.15,252
2025-07-08 10:29:55,STORE_008,Bindura_Depot,Family Loaf,23,RT_026,2.32,23
2025-03-03 16:43:25,STORE_021,Marondera_Depot,Whole Wheat,60,RT_018,1.6,60
2025-06-27 02:06:51,STORE_018,Kwekwe_Depot,Seed Loaf,215,RT_017,1.67,215
2025-05-04 14:24:03,STORE_055,Masvingo_Branch,Seed Loaf,78,RT_038,1.62,78
2025-06-26 00:45:00,STORE_107,Chitungwiza_Depot,Mini Rolls 6-Pack,308,RT_034,0.91,308
2025-07-15 07:51:30,STORE_013,,Soft White,219,RT_044,1.23,219
2025-07-19 10:33:13,STORE_025,Harare_Southerton,Wholegrain Brown,248,RT_006,1.34,248
2025-03-31 13:37:52,STORE_056,Bulawayo_Branch,Family Loaf,275,RT_040,2.14,275
2025-05-31 02:26:45,STORE_099,Kwekwe_Depot,Buns 6-Pack,182,RT_049,1.25,182
2025-01-23 20:18:35,STORE_120,Gweru_Branch,Seed Loaf,58,RT_011,,58
2025-05-20 09:48:27,STORE_018,Masvingo_Branch,High Energy Brown,237,RT_031,1.36,237
2025-02-26 20:41:34,STORE_116,Bindura_Depot,Buns 6-Pack,219,RT_023,1.14,219
2025-03-11 20:14:38,STORE_105,Masvingo_Branch,High Energy White,119,RT_016,1.34,119
2025-03-06 11:45:44,STORE_023,Harare_Southerton,Mini Rolls 6-Pack,267,RT_048,1.16,267
2025-01-29 14:25:46,STORE_063,Bindura_Depot,Mini Rolls 6-Pack,167,RT_040,1.17,167
2025-05-31 11:26:29,STORE_104,Kwekwe_Depot,Whole Wheat,238,RT_039,1.52,238
2025-07-30 09:31:07,STORE_047,Bulawayo_Branch,Wholegrain Brown,137,RT_010,1.54,137
2025-04-29 12:02:04,STORE_084,Chitungwiza_Depot,Seed Loaf,6,RT_026,1.7,6
2025-06-03 15:32:33,STORE_078,Masvingo_Branch,Seed Loaf,304,RT_024,,304
2025-01-20 10:12:12,STORE_040,Chitungwiza_Depot,Seed Loaf,92,RT_016,1.5,92
2025-07-01 22:28:56,STORE_021,Bindura_Depot,High Energy White,276,RT_016,1.34,276
2025-01-14 10:25:14,STORE_033,Gweru_Branch,Wholegrain Brown,236,RT_013,1.53,236
2025-03-22 11:02:55,STORE_090,Mutare_Branch,Mini Rolls 6-Pack,51,RT_006,1.19,51
2025-04-11 05:43:12,STORE_087,Chitungwiza_Depot,Wholegrain Brown,171,RT_007,1.39,171
2025-01-31 12:31:48,STORE_072,Harare_Southerton,Family Loaf,151,RT_007,2.2,151
2025-01-13 00:54:22,STORE_044,Chitungwiza_Depot,Buns 6-Pack,181,RT_025,1.04,181
2025-06-27 03:41:24,STORE_028,Gweru_Branch,Family Loaf,32,RT_044,2.12,32
2025-05-12 18:58:39,STORE_129,Bulawayo_Branch,Mini Rolls 6-Pack,35,RT_044,1.05,35
2025-07-08 14:03:58,STORE_103,Harare_Southerton,High Energy Brown,165,RT_030,1.5,165
2025-05-21 14:48:41,STORE_134,Marondera_Depot,High Energy White,301,RT_017,1.31,301
2025-04-03 19:52:44,STORE_041,Harare_Southerton,Family Loaf,268,RT_028,2.26,268
2025-03-25 03:43:40,STORE_132,Bindura_Depot,Buns 6-Pack,90,RT_043,1.07,90
2025-05-05 12:27:10,STORE_130,Harare_Southerton,Wholegrain Brown,141,RT_035,1.42,141
2025-06-29 23:47:50,STORE_029,Bulawayo_Branch,Seed Loaf,268,RT_003,1.6,268
2025-02-25 04:33:44,STORE_118,Chitungwiza_Depot,Family Loaf,114,RT_024,2.17,114
2025-02-23 08:35:46,STORE_070,Harare_Willowvale,High Energy White,203,RT_012,1.21,203
2025-07-11 09:00:20,STORE_118,Bulawayo_Branch,High Energy Brown,282,RT_033,1.45,282
2025-06-06 18:25:07,STORE_046,Harare_Southerton,Family Loaf,171,RT_031,2.11,171
2025-01-20 04:11:11,STORE_075,Harare_Willowvale,High Energy White,185,RT_049,1.43,185
2025-02-18 01:21:32,STORE_137,Masvingo_Branch,Family Loaf,25,RT_016,2.33,25
2025-03-16 19:35:43,STORE_084,Gweru_Branch,Family Loaf,53,RT_010,2.29,53
2025-01-08 15:08:17,STORE_064,Bulawayo_Branch,Wholegrain Brown,245,RT_034,1.46,245
2025-06-30 02:15:41,STORE_021,Bindura_Depot,Buns 6-Pack,3,RT_025,1.1,3
2025-07-07 17:10:27,STORE_084,Chitungwiza_Depot,Whole Wheat,235,RT_048,1.36,235
2025-03-25 09:40:09,STORE_099,Kwekwe_Depot,Mini Rolls 6-Pack,576,RT_041,0.96,576
2025-04-16 16:51:15,STORE_035,Harare_Southerton,High Energy White,70,RT_020,1.44,70
2025-07-14 06:46:54,STORE_091,Masvingo_Branch,Sugar2kg,31,RT_035,1.09,31
2025-07-11 09:04:16,STORE_020,Harare_Southerton,High Energy Brown,10,RT_039,1.36,10
2025-06-29 02:36:48,STORE_094,Chitungwiza_Depot,Family Loaf,236,RT_049,2.17,236
2025-05-16 22:03:03,STORE_013,Marondera_Depot,Buns 6-Pack,262,RT_007,1.17,262
2025-03-20 09:28:49,STORE_139,Masvingo_Branch,High Energy White,130,RT_018,1.21,130
2025-06-25 15:26:00,STORE_092,Bindura_Depot,Soft White,68,RT_004,1.13,68
2025-05-16 14:33:03,STORE_004,Harare_Southerton,Soft White,63,RT_037,1.13,63
2025-03-02 13:00:52,STORE_137,Chitungwiza_Depot,Soft White,27,RT_044,1.35,27
2025-02-21 19:42:55,STORE_074,Marondera_Depot,High Energy White,139,RT_030,1.24,139
2025-04-10 00:44:15,STORE_030,Kwekwe_Depot,Soft White,238,RT_007,1.15,238
2025-06-07 16:03:51,STORE_099,Bindura_Depot,Soft White,108,RT_044,1.37,108
2025-05-18 07:58:01,STORE_016,Gweru_Branch,High Energy White,170,RT_047,1.5,170
2025-03-15 18:27:04,STORE_091,Kwekwe_Depot,Whole Wheat,57,RT_003,1.53,57
2025-02-22 00:34:53,STORE_082,Bindura_Depot,Soft White,34,RT_039,1.26,34
2025-06-02 02:18:53,STORE_027,Harare_Willowvale,Mini Rolls 6-Pack,233,RT_027,1.03,233
2025-05-07 09:56:01,STORE_074,Kwekwe_Depot,Buns 6-Pack,214,RT_019,1.21,214
2025-07-28 00:22:40,STORE_114,Masvingo_Branch,Seed Loaf,130,RT_041,1.46,130
2025-01-02 18:29:59,STORE_093,Kwekwe_Depot,Whole Wheat,93,RT_032,1.45,93
2025-02-24 07:28:09,STORE_073,Mutare_Branch,Whole Wheat,61,RT_014,1.55,61
2025-03-02 16:39:22,STORE_007,Gweru_Branch,High Energy Brown,173,RT_013,1.21,173
2025-06-08 18:16:29,STORE_110,Marondera_Depot,Wholegrain Brown,275,RT_042,1.45,275
2025-04-13 17:06:05,STORE_002,Bulawayo_Branch,Soft White,233,RT_035,1.24,233
2025-05-25 12:12:39,STORE_043,Masvingo_Branch,High Energy Brown,29,RT_006,1.44,29
2025-03-21 23:53:36,STORE_048,Harare_Southerton,Soft White,287,RT_041,1.23,287
2025-06-09 09:37:17,STORE_060,Mutare_Branch,Wholegrain Brown,37,RT_001,1.48,37
2025-03-14 03:46:48,STORE_063,Marondera_Depot,High Energy Brown,283,RT_043,1.5,283
2025-02-16 10:06:08,STORE_026,Mutare_Branch,Buns 6-Pack,251,RT_018,1.13,251
2025-06-08 03:50:33,STORE_021,Harare_Southerton,Whole Wheat,154,RT_030,1.45,154
2025-03-21 06:52:02,STORE_085,Harare_Willowvale,Mini Rolls 6-Pack,172,RT_042,1.06,172
2025-03-04 06:57:42,STORE_094,Gweru_Branch,Seed Loaf,163,RT_046,1.49,163
2025-07-12 21:25:54,STORE_136,Kwekwe_Depot,Seed Loaf,162,RT_029,1.49,162
2025-05-14 02:41:00,STORE_056,Mutare_Branch,Mini Rolls 6-Pack,164,RT_042,1.09,164
2025-01-05 10:48:53,STORE_087,Bindura_Depot,Mini Rolls 6-Pack,54,RT_034,0.91,54
2025-06-26 15:18:46,STORE_130,Bulawayo_Branch,Buns 6-Pack,4,RT_031,1.2,4
2025-04-04 10:45:34,STORE_007,Marondera_Depot,Mini Rolls 6-Pack,306,RT_036,1.13,306
2025-04-16 15:17:44,STORE_107,Bulawayo_Branch,Mini Rolls 6-Pack,162,RT_012,0.97,162
2025-04-12 05:02:58,STORE_121,Chitungwiza_Depot,Buns 6-Pack,67,RT_012,1.06,67
2025-04-25 16:43:21,STORE_054,Harare_Willowvale,High Energy Brown,230,RT_033,1.23,230
2025-04-16 19:53:09,STORE_036,Harare_Willowvale,High Energy Brown,237,RT_008,1.34,237
2025-01-27 09:59:33,STORE_112,Marondera_Depot,High Energy White,310,RT_038,1.26,310
2025-04-03 13:24:03,STORE_125,Masvingo_Branch,Wholegrain Brown,59,RT_026,1.43,59
2025-06-13 20:36:38,STORE_090,Kwekwe_Depot,High Energy White,285,RT_023,1.22,285
2025-01-21 09:54:15,STORE_005,Masvingo_Branch,Seed Loaf,114,RT_043,1.56,114
2025-03-24 18:52:27,STORE_097,Bulawayo_Branch,Wholegrain Brown,209,RT_048,1.48,209
2025-06-15 13:45:41,STORE_086,Bulawayo_Branch,Whole Wheat,253,RT_013,1.6,253
2025-06-19 06:41:06,STORE_013,Bindura_Depot,Mini Rolls 6-Pack,77,RT_019,0.91,77
2025-05-01 01:41:48,STORE_014,Harare_Willowvale,Buns 6-Pack,211,RT_033,1.18,211
2025-03-28 16:38:11,STORE_080,Kwekwe_Depot,Wholegrain Brown,146,RT_039,1.34,146
2025-02-12 19:22:18,STORE_025,Harare_Southerton,Mini Rolls 6-Pack,161,RT_044,1.12,161
2025-07-02 10:52:02,STORE_033,Harare_Willowvale,Wholegrain Brown,261,RT_036,1.39,261
2025-03-01 15:07:10,STORE_090,Gweru_Branch,Mini Rolls 6-Pack,295,RT_047,1.07,295
2025-05-08 23:05:01,STORE_055,Kwekwe_Depot,High Energy Brown,316,RT_015,1.37,316
2025-06-20 10:49:25,STORE_030,Gweru_Branch,Soft White,104,RT_005,1.17,104
2025-01-29 19:09:04,STORE_052,Bindura_Depot,Mini Rolls 6-Pack,27,RT_017,1.11,27
2025-02-09 05:55:19,STORE_098,Marondera_Depot,Wholegrain Brown,262,RT_038,1.38,262
2025-03-05 01:12:45,STORE_090,Mutare_Branch,Seed Loaf,80,RT_028,1.47,80
2025-05-19 03:13:54,STORE_128,Kwekwe_Depot,Mini Rolls 6-Pack,142,RT_020,1.09,142
2025-06-21 19:11:06,STORE_092,Gweru_Branch,Whole Wheat,113,RT_010,1.51,113
2025-06-20 09:39:51,STORE_030,Harare_Southerton,Seed Loaf,155,RT_001,1.48,155
2025-01-26 09:03:34,STORE_089,Bindura_Depot,Family Loaf,303,RT_010,2.23,303
2025-05-23 14:11:42,STORE_091,Marondera_Depot,Soft White,169,RT_038,1.38,169
2025-03-26 10:46:45,STORE_001,Chitungwiza_Depot,Buns 6-Pack,176,RT_025,1.15,176
2025-06-07 17:29:35,STORE_042,Chitungwiza_Depot,Whole Wheat,27,RT_021,1.48,27
2025-02-10 21:42:30,STORE_067,Chitungwiza_Depot,Whole Wheat,171,RT_025,1.41,171
2025-04-23 11:01:26,STORE_011,Harare_Southerton,Wholegrain Brown,38,RT_023,1.56,38
2025-02-04 06:50:27,STORE_121,Masvingo_Branch,Soft White,313,RT_030,1.17,313
2025-06-13 13:16:50,STORE_115,Bindura_Depot,Mini Rolls 6-Pack,39,RT_019,0.99,39
2025-03-22 02:28:01,STORE_082,Marondera_Depot,Whole Wheat,206,RT_025,1.65,206
2025-03-08 14:14:30,STORE_072,Chitungwiza_Depot,Wholegrain Brown,28,RT_026,1.49,28
2025-06-27 12:01:57,STORE_114,Chitungwiza_Depot,Whole Wheat,189,RT_044,1.41,189
2025-05-01 00:05:54,STORE_011,Harare_Southerton,Wholegrain Brown,122,RT_004,1.32,122
2025-02-08 15:50:16,STORE_133,Mutare_Branch,Soft White,89,RT_022,1.18,89
2025-05-10 14:49:29,STORE_006,Gweru_Branch,Buns 6-Pack,47,RT_012,1.13,47
2025-03-14 15:06:18,STORE_034,Harare_Southerton,Wholegrain Brown,541,RT_037,1.55,541
2025-04-17 16:32:35,STORE_060,,Whole Wheat,149,RT_003,1.4,149
2025-05-30 11:51:42,STORE_123,Masvingo_Branch,High Energy Brown,313,RT_022,1.2,313
2025-03-14 10:01:18,STORE_083,Harare_Willowvale,Seed Loaf,130,RT_040,1.57,130
2025-03-20 09:22:58,STORE_056,Bindura_Depot,Buns 6-Pack,122,RT_023,1.15,122
2025-01-06 13:47:12,STORE_122,Kwekwe_Depot,Seed Loaf,41,RT_037,1.58,41
2025-07-25 17:48:35,STORE_004,Kwekwe_Depot,Soft White,196,RT_045,1.24,196
2025-01-20 22:35:07,STORE_046,Marondera_Depot,Seed Loaf,59,RT_029,1.46,59
2025-02-14 11:45:41,STORE_133,Kwekwe_Depot,High Energy Brown,237,RT_022,1.47,237
2025-03-18 19:52:15,STORE_083,Bulawayo_Branch,High Energy Brown,245,RT_038,1.39,245
2025-02-21 18:37:27,STORE_127,Masvingo_Branch,High Energy Brown,120,RT_033,1.21,120
2025-03-01 09:18:24,STORE_105,Chitungwiza_Depot,Buns 6-Pack,182,RT_041,1.05,182
2025-05-19 12:42:33,STORE_089,Masvingo_Branch,Whole Wheat,216,RT_035,1.45,216
2025-05-23 00:59:02,STORE_038,Bulawayo_Branch,High Energy Brown,223,RT_007,1.36,223
2025-07-17 06:56:58,STORE_128,Harare_Willowvale,Wholegrain Brown,135,RT_038,1.54,135
2025-06-23 17:18:41,STORE_055,Harare_Southerton,Buns 6-Pack,74,RT_048,1.21,74
2025-07-01 15:30:02,STORE_010,Masvingo_Branch,High Energy Brown,237,RT_047,1.47,237
2025-07-02 20:12:46,STORE_123,Mutare_Branch,High Energy White,105,RT_027,1.27,105
2025-04-02 12:29:46,STORE_036,Harare_Southerton,Whole Wheat,106,RT_042,1.56,106
2025-07-27 13:25:49,STORE_115,Chitungwiza_Depot,High Energy Brown,122,RT_047,1.35,122
2025-02-23 20:59:58,STORE_029,Chitungwiza_Depot,High Energy White,92,RT_009,1.39,92
2025-04-26 22:07:47,STORE_006,Gweru_Branch,High Energy Brown,267,RT_011,1.21,267
2025-05-22 02:23:57,STORE_033,Marondera_Depot,Whole Wheat,248,RT_040,1.6,248
2025-01-25 09:42:22,STORE_003,Mutare_Branch,Wholegrain Brown,189,RT_030,1.52,189
2025-04-15 22:54:15,STORE_115,Harare_Southerton,Family Loaf,306,RT_031,2.11,306
2025-04-11 05:25:22,STORE_065,Chitungwiza_Depot,Buns 6-Pack,43,RT_024,1.08,43
2025-02-09 19:47:43,STORE_035,Gweru_Branch,Wholegrain Brown,247,RT_014,1.51,247
2025-04-20 20:39:39,STORE_028,Masvingo_Branch,Mini Rolls 6-Pack,39,RT_016,1.0,39
2025-06-15 03:02:30,STORE_001,Mutare_Branch,High Energy Brown,244,RT_006,1.36,244
2025-07-27 18:15:06,STORE_127,Mutare_Branch,Whole Wheat,97,RT_048,1.58,97
2025-06-13 11:15:20,STORE_072,Gweru_Branch,High Energy White,71,RT_015,1.39,71
2025-05-26 19:03:30,STORE_004,Chitungwiza_Depot,Soft White,148,RT_047,1.37,148
2025-06-01 20:28:30,STORE_117,Marondera_Depot,High Energy Brown,113,RT_001,1.21,113
2025-01-10 00:04:27,STORE_022,Harare_Southerton,High Energy Brown,311,RT_043,1.37,311
2025-05-28 20:32:40,STORE_062,Marondera_Depot,Family Loaf,171,RT_037,2.11,171
2025-04-06 18:00:41,STORE_001,Gweru_Branch,Mini Rolls 6-Pack,47,RT_004,1.1,47
2025-01-04 05:59:19,STORE_103,Bindura_Depot,Buns 6-Pack,30,RT_020,1.19,30
2025-07-27 14:19:25,STORE_016,Masvingo_Branch,Whole Wheat,318,RT_001,1.44,318
2025-03-07 04:13:33,STORE_133,Mutare_Branch,Whole Wheat,201,RT_033,1.59,201
2025-07-29 21:41:10,STORE_071,Bindura_Depot,Whole Wheat,108,RT_034,,108
2025-04-28 18:32:09,STORE_039,Gweru_Branch,Family Loaf,289,RT_007,2.25,289
2025-03-12 00:00:00,STORE_022,Harare_Willowvale,Mini Rolls 6-Pack,78,RT_047,1.15,78
2025-06-17 10:11:34,STORE_074,Mutare_Branch,Buns 6-Pack,260,RT_035,1.05,260
2025-06-04 02:48:22,STORE_049,Harare_Southerton,Seed Loaf,27,RT_039,1.67,27
2025-07-05 06:39:09,STORE_083,Gweru_Branch,High Energy White,210,RT_021,1.33,210
2025-02-18 13:59:31,STORE_079,Marondera_Depot,High Energy Brown,279,RT_035,1.34,279
2025-02-03 16:56:06,STORE_075,Bindura_Depot,Family Loaf,108,RT_031,2.19,108
2025-05-18 03:45:51,STORE_043,Marondera_Depot,Seed Loaf,42,RT_008,1.42,42
2025-05-09 20:00:59,STORE_101,Masvingo_Branch,Seed Loaf,194,RT_034,1.61,194
2025-02-07 00:17:40,STORE_008,Marondera_Depot,Soft White,42,RT_016,1.26,42
2025-01-25 13:02:36,STORE_106,Marondera_Depot,Wholegrain Brown,314,RT_029,1.57,314
2025-07-02 15:30:33,STORE_130,Mutare_Branch,Whole Wheat,141,RT_027,1.54,141
2025-01-01 11:30:10,STORE_011,Bindura_Depot,Buns 6-Pack,37,RT_006,1.09,37
2025-06-22 22:25:50,STORE_054,Mutare_Branch,Seed Loaf,150,RT_019,1.45,150
2025-05-22 20:07:05,STORE_080,Marondera_Depot,Mini Rolls 6-Pack,129,RT_013,0.96,129
2025-02-11 16:30:17,STORE_127,Masvingo_Branch,High Energy Brown,11,RT_014,1.29,11
2025-01-27 00:39:13,STORE_074,Harare_Southerton,High Energy White,203,RT_029,1.22,203
2025-01-10 00:19:59,STORE_035,Marondera_Depot,High Energy Brown,255,RT_021,1.21,255
2025-04-22 22:08:35,STORE_049,Mutare_Branch,Mini Rolls 6-Pack,230,RT_014,0.97,230
2025-03-26 15:10:03,STORE_124,Chitungwiza_Depot,High Energy Brown,90,RT_043,1.38,90
2025-05-08 10:21:33,STORE_106,Chitungwiza_Depot,Seed Loaf,307,RT_032,1.62,307
2025-01-09 02:31:10,STORE_139,Harare_Willowvale,Soft White,4,RT_021,1.32,4
2025-07-29 17:41:47,STORE_006,Harare_Willowvale,Buns 6-Pack,162,RT_040,1.25,162
2025-02-13 09:59:58,STORE_127,Kwekwe_Depot,Family Loaf,267,RT_003,2.29,267
2025-01-16 06:00:21,STORE_092,Harare_Willowvale,Seed Loaf,91,RT_010,1.69,91
2025-07-10 21:01:56,STORE_025,Gweru_Branch,Buns 6-Pack,147,RT_022,1.22,147
2025-02-09 23:54:33,STORE_038,Kwekwe_Depot,High Energy Brown,167,RT_019,1.29,167
2025-07-26 03:53:47,STORE_012,Bulawayo_Branch,Whole Wheat,55,RT_002,1.47,55
2025-06-11 14:19:59,STORE_008,Chitungwiza_Depot,Buns 6-Pack,57,RT_004,1.22,57
2025-12-05 00:00:00,STORE_060,Harare_Southerton,Whole Wheat,25,RT_020,1.44,25
2025-04-14 05:38:57,STORE_086,Mutare_Branch,Mini Rolls 6-Pack,235,RT_020,1.12,235
2025-07-18 03:07:03,STORE_001,Gweru_Branch,Buns 6-Pack,42,RT_037,1.09,42
2025-01-17 23:34:16,STORE_108,Bindura_Depot,Buns 6-Pack,232,RT_046,1.16,232
2025-03-29 22:08:57,STORE_071,Kwekwe_Depot,High Energy Brown,300,RT_006,1.24,300
2025-04-15 21:27:55,STORE_137,Masvingo_Branch,Wholegrain Brown,129,RT_044,1.42,129
2025-07-16 22:43:53,STORE_091,Mutare_Branch,Whole Wheat,3,RT_012,1.39,3
2025-04-12 11:55:11,STORE_115,Kwekwe_Depot,Soft White,281,RT_042,1.24,281
2025-01-03 10:15:20,STORE_082,Harare_Willowvale,Soft White,220,RT_015,1.16,220
2025-06-02 16:49:13,STORE_029,Marondera_Depot,Soft White,36,RT_033,1.38,36
2025-07-05 22:22:34,STORE_012,Kwekwe_Depot,High Energy White,39,RT_023,1.32,39
2025-06-30 09:42:06,STORE_069,Harare_Southerton,Wholegrain Brown,10,RT_036,1.31,10
2025-02-27 07:33:54,STORE_035,Bindura_Depot,Family Loaf,143,RT_002,2.36,143
2025-03-24 18:11:05,STORE_080,Chitungwiza_Depot,Soft White,121,RT_020,1.15,121
2025-01-05 05:40:42,STORE_017,Harare_Willowvale,Mini Rolls 6-Pack,38,RT_013,1.09,38
2025-02-01 20:41:18,STORE_053,Bindura_Depot,Seed Loaf,200,RT_027,1.41,200
2025-05-14 19:53:37,STORE_041,Chitungwiza_Depot,Seed Loaf,273,RT_044,1.5,273
2025-06-16 18:54:00,STORE_088,Marondera_Depot,High Energy White,288,RT_008,1.47,288
2025-05-26 15:17:51,STORE_039,Masvingo_Branch,Seed Loaf,145,RT_026,1.53,145
2025-07-30 03:59:49,STORE_089,Harare_Willowvale,Wholegrain Brown,10,RT_026,1.31,10
2025-03-12 00:00:00,STORE_108,Kwekwe_Depot,Family Loaf,265,RT_030,2.14,265
2025-06-20 07:02:42,STORE_106,Bulawayo_Branch,Buns 6-Pack,79,RT_044,1.11,79
2025-01-05 08:42:04,STORE_134,Chitungwiza_Depot,Mini Rolls 6-Pack,177,RT_022,1.09,177
2025-07-26 08:20:23,STORE_088,Kwekwe_Depot,Soft White,223,RT_010,1.14,223
2025-01-14 03:37:43,STORE_119,Marondera_Depot,Soft White,127,RT_023,1.26,127
2025-03-14 13:40:16,STORE_008,Chitungwiza_Depot,Mini Rolls 6-Pack,277,RT_010,0.93,277
2025-05-08 07:28:39,STORE_078,Bulawayo_Branch,Seed Loaf,211,RT_032,1.62,211
2025-01-08 23:52:58,STORE_036,Harare_Willowvale,Mini Rolls 6-Pack,233,RT_011,1.14,233
2025-06-01 19:32:49,STORE_077,Marondera_Depot,Buns 6-Pack,272,,1.11,272
2025-06-23 03:40:35,STORE_083,Harare_Southerton,High Energy Brown,558,RT_038,1.34,558
2025-05-16 16:03:06,STORE_114,Bulawayo_Branch,Soft White,126,RT_025,1.22,126
2025-06-24 12:36:37,STORE_087,Harare_Southerton,Family Loaf,225,RT_006,2.26,225
2025-01-08 00:41:57,STORE_022,Masvingo_Branch,Whole Wheat,173,RT_008,1.59,173
2025-02-03 01:56:54,STORE_007,Mutare_Branch,High Energy White,302,RT_028,1.49,302
2025-06-27 16:50:20,STORE_042,Kwekwe_Depot,Soft White,71,RT_025,1.19,71
2025-06-24 23:08:46,STORE_107,Mutare_Branch,Soft White,226,RT_010,1.11,226
2025-05-15 12:06:55,STORE_093,Mutare_Branch,Mini Rolls 6-Pack,91,RT_031,1.15,91
2025-04-21 01:29:48,STORE_071,Harare_Willowvale,SoapBar,197,RT_043,1.09,197
2025-02-24 02:46:56,STORE_095,Bindura_Depot,Wholegrain Brown,261,RT_047,1.48,261
2025-03-01 08:53:04,STORE_074,Masvingo_Branch,Seed Loaf,110,RT_024,1.59,110
2025-02-04 21:20:45,STORE_007,Mutare_Branch,Whole Wheat,307,RT_016,1.54,307
2025-01-29 22:28:40,STORE_059,Chitungwiza_Depot,Soft White,72,RT_027,1.17,72
2025-06-08 14:43:00,STORE_073,Bulawayo_Branch,Whole Wheat,60,RT_012,1.46,60
2025-02-04 17:39:39,STORE_011,Gweru_Branch,Family Loaf,176,RT_038,2.33,176
2025-03-07 08:53:55,STORE_113,Marondera_Depot,Wholegrain Brown,311,RT_022,1.5,311
2025-04-22 08:49:16,STORE_071,Chitungwiza_Depot,High Energy Brown,139,RT_011,1.41,139
2025-01-25 09:34:46,STORE_139,Gweru_Branch,High Energy White,35,RT_023,1.24,35
2025-07-29 13:18:59,STORE_091,Masvingo_Branch,Mini Rolls 6-Pack,312,RT_028,1.06,312
2025-03-31 01:27:32,STORE_049,Mutare_Branch,Seed Loaf,299,RT_032,1.57,299
2025-01-16 20:50:28,STORE_119,Mutare_Branch,High Energy White,270,RT_028,1.38,270
2025-05-15 03:56:05,STORE_117,Bulawayo_Branch,Whole Wheat,22,RT_035,1.64,22
2025-07-28 13:41:50,STORE_103,Masvingo_Branch,High Energy White,169,RT_020,1.37,169
2025-04-24 23:02:44,STORE_127,Bulawayo_Branch,Wholegrain Brown,75,RT_031,1.45,75
2025-05-10 08:19:54,STORE_031,Mutare_Branch,High Energy White,55,RT_023,1.25,55
2025-05-27 18:02:18,STORE_130,Harare_Southerton,Buns 6-Pack,100,RT_041,1.19,100
2025-01-30 10:03:01,STORE_053,Chitungwiza_Depot,Seed Loaf,215,RT_016,1.49,215
2025-04-26 06:59:34,STORE_072,Masvingo_Branch,Whole Wheat,35,RT_017,1.64,35
2025-01-08 22:50:55,STORE_074,Chitungwiza_Depot,Seed Loaf,179,RT_035,1.51,179
2025-05-24 19:35:14,STORE_006,Mutare_Branch,Mini Rolls 6-Pack,24,RT_019,0.96,24
2025-03-14 03:11:42,STORE_128,Bulawayo_Branch,High Energy White,145,RT_016,1.31,145
2025-03-17 21:24:09,STORE_095,Bulawayo_Branch,Family Loaf,49,RT_018,2.33,49
2025-04-10 00:42:15,STORE_106,Mutare_Branch,Whole Wheat,32,RT_018,1.49,32
2025-03-04 22:44:44,STORE_095,Gweru_Branch,Family Loaf,176,RT_015,2.12,176
2025-05-19 08:16:08,STORE_078,Mutare_Branch,Soft White,288,RT_038,1.31,288
2025-01-21 15:33:26,STORE_060,Marondera_Depot,Seed Loaf,55,,1.43,55
2025-05-12 08:29:24,STORE_074,Marondera_Depot,Soft White,112,RT_014,1.13,112
2025-02-13 19:48:11,STORE_115,Kwekwe_Depot,Buns 6-Pack,221,RT_013,1.07,221
2025-04-04 02:22:12,STORE_044,Harare_Willowvale,High Energy Brown,204,RT_024,1.23,204
2025-04-28 12:53:44,STORE_101,Chitungwiza_Depot,Wholegrain Brown,125,RT_042,1.38,125
2025-05-10 23:18:46,STORE_063,Gweru_Branch,Family Loaf,252,RT_034,2.32,252
2025-03-30 19:01:51,STORE_052,Bindura_Depot,High Energy Brown,213,RT_008,1.46,213
2025-04-19 11:24:35,STORE_067,Harare_Willowvale,Whole Wheat,173,RT_013,1.64,173
2025-03-08 17:25:02,STORE_117,Marondera_Depot,Buns 6-Pack,129,RT_022,1.06,129
2025-06-14 21:14:01,STORE_060,Mutare_Branch,Family Loaf,226,RT_028,2.19,226
2025-05-31 18:58:37,STORE_013,Gweru_Branch,Buns 6-Pack,95,RT_034,1.12,95
2025-04-26 12:16:18,STORE_035,Masvingo_Branch,High Energy White,271,RT_023,1.4,271
2025-07-14 22:59:49,STORE_087,Harare_Willowvale,Soft White,210,RT_048,1.24,210
2025-03-19 05:06:43,STORE_116,Gweru_Branch,Coke500ml,32,RT_032,0.96,32
2025-03-06 09:01:07,STORE_135,Gweru_Branch,Whole Wheat,14,RT_039,1.45,14
2025-06-25 11:38:46,STORE_075,Harare_Willowvale,Soft White,174,RT_009,1.27,174
2025-02-03 22:49:21,STORE_040,Harare_Willowvale,Wholegrain Brown,290,RT_030,1.49,290
2025-03-22 02:16:55,STORE_049,Harare_Southerton,High Energy White,57,RT_004,1.42,57
2025-02-26 11:52:58,STORE_136,Gweru_Branch,High Energy White,57,RT_021,1.39,57
2025-04-11 14:54:30,STORE_102,Chitungwiza_Depot,High Energy White,301,RT_004,1.43,301
2025-02-24 19:39:00,STORE_054,Harare_Willowvale,Seed Loaf,210,RT_046,1.63,210
,STORE_001,Marondera_Depot,Family Loaf,107,RT_018,2.17,107
2025-02-25 21:13:46,STORE_020,Masvingo_Branch,Family Loaf,148,RT_041,2.25,148
2025-05-29 18:59:26,STORE_063,Bindura_Depot,Seed Loaf,124,RT_017,1.61,124
2025-06-27 07:55:33,STORE_054,Harare_Southerton,Seed Loaf,36,RT_026,1.57,36
2025-02-26 15:46:41,STORE_084,Marondera_Depot,High Energy White,234,RT_024,1.27,234
2025-07-14 22:42:46,STORE_126,Chitungwiza_Depot,Whole Wheat,211,RT_026,1.4,211
2025-03-14 17:47:31,STORE_014,Bulawayo_Branch,High Energy White,26,RT_038,1.47,26
2025-02-27 02:49:50,STORE_067,Marondera_Depot,Buns 6-Pack,121,RT_003,1.03,121
2025-07-29 18:54:59,STORE_005,Harare_Southerton,Mini Rolls 6-Pack,12,RT_037,0.9,12
2025-05-09 06:19:42,STORE_051,Harare_Willowvale,High Energy Brown,252,RT_026,1.4,252
2025-05-18 07:40:37,STORE_005,Chitungwiza_Depot,Soft White,134,RT_035,1.21,134
2025-06-12 11:54:01,STORE_050,Harare_Southerton,Whole Wheat,110,RT_009,1.54,110
2025-01-01 01:47:44,STORE_003,Marondera_Depot,Seed Loaf,164,RT_034,1.54,164
2025-04-06 09:22:10,STORE_098,Bindura_Depot,Family Loaf,161,RT_019,2.28,161
2025-03-02 04:34:04,STORE_085,Kwekwe_Depot,Seed Loaf,5,RT_034,1.6,5
2025-05-22 10:09:43,STORE_060,Harare_Willowvale,Mini Rolls 6-Pack,240,RT_035,1.16,240
2025-04-19 04:42:28,STORE_017,Kwekwe_Depot,Mini Rolls 6-Pack,171,RT_048,1.06,171
2025-07-02 08:17:46,STORE_067,Kwekwe_Depot,Buns 6-Pack,86,RT_040,1.16,86
2025-05-13 07:09:36,STORE_139,Harare_Willowvale,Buns 6-Pack,294,RT_031,1.19,294
2025-01-23 04:45:53,STORE_063,Gweru_Branch,High Energy Brown,13,RT_040,1.32,13
2025-02-27 16:34:05,STORE_120,Masvingo_Branch,Mini Rolls 6-Pack,61,RT_029,1.09,61
2025-07-29 04:28:52,STORE_102,Chitungwiza_Depot,High Energy Brown,154,RT_043,1.27,154
2025-04-30 21:42:28,STORE_127,Bindura_Depot,High Energy Brown,263,RT_018,1.39,263
2025-01-03 08:00:57,STORE_129,Harare_Southerton,Whole Wheat,45,RT_045,1.39,45
2025-02-19 07:47:43,STORE_084,Kwekwe_Depot,Buns 6-Pack,244,RT_025,1.02,244
2025-06-04 20:43:10,STORE_016,Bindura_Depot,Soft White,225,RT_020,1.32,225
2025-02-14 08:52:18,STORE_058,Harare_Willowvale,Seed Loaf,294,RT_012,1.52,294
2025-01-04 05:10:34,STORE_127,Harare_Willowvale,Wholegrain Brown,12,RT_040,1.31,12
2025-01-13 16:59:56,STORE_003,Masvingo_Branch,Wholegrain Brown,213,RT_001,1.31,213
2025-04-07 08:35:44,STORE_062,Harare_Willowvale,High Energy Brown,303,RT_003,1.41,303
2025-04-30 15:40:36,STORE_112,Masvingo_Branch,High Energy White,60,RT_035,1.44,60
2025-01-21 21:31:08,STORE_114,Marondera_Depot,High Energy White,306,RT_035,1.27,306
2025-04-24 19:56:43,STORE_090,Kwekwe_Depot,High Energy Brown,225,RT_003,1.32,225
2025-05-16 18:06:00,STORE_047,Harare_Willowvale,Soft White,61,RT_038,1.37,61
2025-05-21 17:47:48,STORE_071,Kwekwe_Depot,High Energy White,145,RT_012,1.4,145
2025-04-22 10:35:19,STORE_003,Harare_Southerton,High Energy Brown,260,RT_018,1.42,260
2025-06-05 12:26:52,STORE_066,Gweru_Branch,Seed Loaf,144,RT_012,1.6,144
2025-07-08 18:07:09,STORE_025,Masvingo_Branch,Soft White,261,RT_002,1.37,261
2025-07-23 11:04:25,STORE_059,Marondera_Depot,Whole Wheat,110,RT_028,1.45,110
2025-07-27 23:36:05,STORE_046,Gweru_Branch,High Energy Brown,9,RT_045,1.43,9
2025-03-01 17:29:53,STORE_052,Marondera_Depot,High Energy Brown,176,RT_036,1.44,176
2025-04-01 12:57:16,STORE_047,Gweru_Branch,Whole Wheat,76,RT_029,1.59,76
2025-05-05 11:57:36,STORE_114,Bindura_Depot,Family Loaf,223,RT_039,2.34,223
2025-02-15 03:43:23,STORE_120,Marondera_Depot,Mini Rolls 6-Pack,217,RT_010,1.01,217
2025-04-05 04:50:23,STORE_015,Kwekwe_Depot,Family Loaf,259,RT_011,2.16,259
2025-02-01 18:24:46,STORE_124,Harare_Southerton,Buns 6-Pack,461,RT_031,1.19,461
2025-01-16 21:13:27,STORE_108,Marondera_Depot,High Energy White,48,RT_029,1.25,48
2025-01-29 18:19:38,STORE_073,Chitungwiza_Depot,Wholegrain Brown,283,RT_003,1.36,283
2025-03-25 14:00:26,STORE_118,Marondera_Depot,High Energy White,80,RT_032,1.44,80
2025-04-18 15:09:57,STORE_070,Masvingo_Branch,Soft White,43,RT_023,1.3,43
2025-04-11 08:22:58,STORE_136,Harare_Southerton,High Energy Brown,110,RT_037,1.23,110
2025-04-21 10:35:43,STORE_029,Harare_Willowvale,High Energy Brown,139,RT_014,1.46,139
2025-07-09 06:37:05,STORE_115,Chitungwiza_Depot,High Energy White,170,RT_002,1.28,170
2025-04-12 18:09:25,STORE_099,Marondera_Depot,Whole Wheat,173,RT_009,1.54,173
2025-01-31 01:51:17,STORE_033,Masvingo_Branch,Wholegrain Brown,236,RT_017,1.3,236
2025-02-26 05:42:19,STORE_111,Harare_Willowvale,Soft White,154,RT_047,1.4,154
2025-06-10 20:50:40,STORE_062,Bindura_Depot,Seed Loaf,112,RT_016,1.59,112
2025-05-24 05:50:44,STORE_026,Marondera_Depot,Buns 6-Pack,281,RT_046,1.25,281
2025-01-31 10:59:10,STORE_103,Gweru_Branch,Mini Rolls 6-Pack,287,RT_011,0.92,287
2025-03-17 16:59:33,STORE_031,Chitungwiza_Depot,Wholegrain Brown,4,RT_040,1.57,4
2025-03-01 03:37:42,STORE_075,Harare_Southerton,Seed Loaf,160,RT_026,1.69,160
2025-07-22 01:05:36,STORE_118,Mutare_Branch,Buns 6-Pack,231,RT_031,1.28,231
2025-06-14 15:48:25,STORE_096,Harare_Southerton,Soft White,64,RT_012,1.18,64
2025-01-23 06:14:58,STORE_017,Gweru_Branch,High Energy Brown,223,RT_020,1.37,223
2025-07-20 10:50:13,STORE_086,Kwekwe_Depot,Soft White,261,RT_003,1.21,261
2025-06-11 04:12:33,STORE_066,Chitungwiza_Depot,Wholegrain Brown,231,RT_007,1.42,231
2025-06-08 03:21:45,STORE_099,Harare_Willowvale,High Energy White,189,RT_047,1.41,189
2025-07-07 20:58:52,STORE_130,Harare_Southerton,High Energy Brown,94,RT_011,1.28,94
2025-06-21 12:05:16,STORE_014,Mutare_Branch,Wholegrain Brown,251,RT_038,1.45,251
2025-03-17 14:42:10,STORE_051,Masvingo_Branch,High Energy White,9,RT_015,1.23,9
2025-04-30 06:22:42,STORE_084,Kwekwe_Depot,High Energy White,268,RT_006,1.3,268
2025-04-17 23:57:35,STORE_059,Masvingo_Branch,Soft White,305,RT_020,1.27,305
2025-02-09 18:33:06,STORE_024,Marondera_Depot,High Energy White,228,RT_045,1.23,228
2025-05-29 14:35:24,STORE_006,Gweru_Branch,Seed Loaf,177,RT_034,1.45,177
2025-06-23 00:41:12,STORE_028,Gweru_Branch,Soft White,191,RT_033,1.32,191
2025-06-24 03:33:22,STORE_132,Gweru_Branch,WholgrainBrown,268,RT_041,1.35,268
2025-05-29 23:28:48,STORE_039,Bulawayo_Branch,Wholegrain Brown,25,RT_045,1.35,25
2025-04-28 23:54:10,STORE_079,Harare_Southerton,Wholegrain Brown,247,RT_024,1.37,247
2025-02-16 06:43:05,STORE_053,Kwekwe_Depot,Buns 6-Pack,186,RT_012,1.22,186
2025-05-11 19:04:03,STORE_021,Mutare_Branch,Soft White,6,RT_020,1.35,6
2025-04-01 15:44:38,STORE_032,Gweru_Branch,Mini Rolls 6-Pack,238,RT_017,1.02,238
2025-03-07 08:59:59,STORE_027,Harare_Southerton,Family Loaf,92,RT_036,2.13,92
2025-01-03 16:56:22,STORE_045,Gweru_Branch,Seed Loaf,45,RT_001,1.7,45
2025-02-19 18:18:09,STORE_100,Mutare_Branch,Buns 6-Pack,84,RT_023,1.19,84
2025-05-08 03:54:28,STORE_076,Masvingo_Branch,Buns 6-Pack,149,RT_008,1.18,149
2025-03-29 07:53:09,STORE_055,Chitungwiza_Depot,High Energy Brown,295,RT_027,1.41,295
2025-04-08 18:18:51,STORE_101,Harare_Willowvale,Soft White,185,RT_009,1.38,185
2025-07-06 01:01:32,STORE_063,Chitungwiza_Depot,Whole Wheat,229,RT_016,1.38,229
2025-05-09 07:52:42,STORE_034,Chitungwiza_Depot,High Energy White,111,RT_048,1.34,111
2025-01-18 03:09:35,STORE_112,Bindura_Depot,Family Loaf,241,RT_033,2.19,241
2025-06-18 10:13:56,STORE_046,Bindura_Depot,SoapBar,272,RT_036,1.43,272
2025-03-02 13:32:41,STORE_123,Chitungwiza_Depot,Mini Rolls 6-Pack,160,RT_034,1.13,160
2025-02-07 20:01:36,STORE_136,Gweru_Branch,Whole Wheat,118,RT_038,1.58,118
2025-06-07 19:05:12,STORE_023,Bindura_Depot,High Energy White,20,RT_001,1.36,20
2025-01-17 09:20:12,STORE_110,Chitungwiza_Depot,Wholegrain Brown,245,RT_046,1.38,245
2025-05-02 20:03:58,STORE_077,Masvingo_Branch,Seed Loaf,61,RT_028,1.66,61
2025-06-05 23:20:05,STORE_138,Chitungwiza_Depot,High Energy Brown,10,RT_003,1.35,10
2025-02-08 14:47:40,STORE_035,Harare_Willowvale,Buns 6-Pack,293,RT_036,1.13,293
2025-07-19 00:08:16,STORE_102,Chitungwiza_Depot,Wholegrain Brown,49,RT_025,1.34,49
2025-01-05 21:07:35,STORE_013,Bindura_Depot,Seed Loaf,59,RT_043,1.67,59
2025-07-17 03:49:30,STORE_043,Marondera_Depot,SoapBar,86,RT_014,1.22,86
2025-01-07 14:38:27,STORE_013,Masvingo_Branch,Soft White,184,RT_008,1.39,184
2025-06-25 18:27:01,STORE_035,Chitungwiza_Depot,High Energy White,292,RT_010,1.27,292
2025-07-09 04:02:06,STORE_014,Marondera_Depot,Wholegrain Brown,88,RT_026,1.54,88
2025-02-13 17:06:04,STORE_102,Bindura_Depot,Soft White,146,RT_035,1.38,146
2025-03-21 16:09:44,STORE_006,Kwekwe_Depot,Buns 6-Pack,41,RT_037,1.24,41
2025-01-21 03:56:06,STORE_038,Kwekwe_Depot,Mini Rolls 6-Pack,113,RT_049,0.98,113
2025-07-27 10:01:03,STORE_011,Chitungwiza_Depot,Seed Loaf,182,RT_045,1.5,182
2025-06-28 07:52:50,STORE_009,Bindura_Depot,Soft White,46,RT_033,1.26,46
2025-07-23 16:06:29,STORE_132,Mutare_Branch,Mini Rolls 6-Pack,182,RT_003,1.1,182
2025-03-24 14:13:49,STORE_051,Marondera_Depot,Family Loaf,158,RT_019,2.35,158
2025-04-01 08:27:01,STORE_040,Harare_Southerton,Seed Loaf,127,RT_037,1.48,127
2025-01-21 22:21:56,STORE_007,Mutare_Branch,High Energy Brown,42,RT_049,1.49,42
2025-07-09 23:15:28,STORE_027,Gweru_Branch,Wholegrain Brown,242,RT_044,1.4,242
2025-02-20 15:32:59,STORE_111,Bindura_Depot,Soft Whtie,277,RT_039,1.24,277
2025-01-22 12:19:37,STORE_036,Harare_Willowvale,Whole Wheat,219,RT_011,1.46,219
2025-01-26 05:24:01,STORE_003,Bindura_Depot,Family Loaf,264,RT_038,2.16,264
2025-06-24 11:34:28,STORE_078,Harare_Willowvale,High Energy Brown,83,RT_014,1.26,83
2025-04-09 08:25:52,STORE_107,Bulawayo_Branch,Whole Wheat,246,RT_013,1.6,246
2025-04-06 07:13:45,STORE_097,Bindura_Depot,Buns 6-Pack,86,RT_038,1.06,86
2025-03-22 21:50:07,STORE_100,Masvingo_Branch,High Energy White,135,RT_039,1.42,135
2025-04-28 18:15:18,STORE_116,Chitungwiza_Depot,Whole Wheat,276,RT_039,1.38,276
2025-02-14 22:49:15,STORE_028,Chitungwiza_Depot,Family Loaf,98,RT_014,2.33,98
2025-06-20 21:22:40,STORE_125,Gweru_Branch,High Energy Brown,244,RT_046,1.33,244
2025-04-03 08:49:31,STORE_050,Masvingo_Branch,Soft White,64,RT_038,1.34,64
2025-01-12 06:51:52,STORE_093,Kwekwe_Depot,Buns 6-Pack,94,RT_043,1.28,94
2025-05-02 03:23:35,STORE_004,Chitungwiza_Depot,Wholegrain Brown,270,RT_021,1.46,270
2025-07-25 14:55:10,STORE_005,Masvingo_Branch,Family Loaf,154,RT_020,2.16,154
2025-06-11 09:12:34,STORE_047,Masvingo_Branch,Family Loaf,85,RT_021,2.25,85
2025-03-27 10:27:10,STORE_106,Mutare_Branch,Mini Rolls 6-Pack,152,RT_012,1.09,152
2025-01-12 12:42:41,STORE_069,Mutare_Branch,Soft White,252,RT_028,1.26,252
2025-02-22 08:32:15,STORE_054,Bindura_Depot,Whole Wheat,77,RT_008,1.49,77
2025-01-09 09:44:32,STORE_082,Kwekwe_Depot,Seed Loaf,242,RT_041,1.58,242
2025-03-22 08:55:21,STORE_026,Masvingo_Branch,Buns 6-Pack,122,RT_019,1.27,122
2025-02-03 07:30:37,STORE_083,Mutare_Branch,Buns 6-Pack,63,RT_034,1.27,63
2025-04-07 04:32:54,STORE_111,Harare_Willowvale,High Energy Brown,259,RT_008,1.37,259
2025-06-22 15:48:10,STORE_135,Bulawayo_Branch,Seed Loaf,112,RT_046,1.54,112
2025-03-02 16:01:24,STORE_126,Bulawayo_Branch,Soft White,222,RT_016,1.22,222
2025-01-15 04:41:16,STORE_078,Bulawayo_Branch,High Energy White,125,RT_013,1.5,125
2025-05-21 21:09:50,STORE_092,Masvingo_Branch,Soft White,314,RT_036,1.24,314
2025-06-14 13:30:00,STORE_004,Bindura_Depot,Seed Loaf,134,RT_042,1.51,134
2025-03-26 08:46:05,STORE_067,Harare_Willowvale,High Energy White,300,RT_021,1.33,300
2025-01-03 01:13:36,STORE_020,Chitungwiza_Depot,Seed Loaf,170,RT_040,1.42,170
2025-02-17 04:02:21,STORE_086,Gweru_Branch,Wholegrain Brown,139,RT_002,1.55,139
2025-07-13 14:37:10,STORE_089,Chitungwiza_Depot,Wholegrain Brown,112,RT_027,1.57,112
2025-05-08 21:02:21,STORE_106,Bulawayo_Branch,Soft White,47,RT_038,1.2,47
2025-04-08 18:54:53,STORE_113,Mutare_Branch,Milk1L,233,RT_013,1.34,233
2025-04-06 22:21:55,STORE_040,Harare_Southerton,Soft White,245,RT_047,1.1,245
2025-07-07 14:18:33,STORE_122,Masvingo_Branch,Wholegrain Brown,48,RT_036,1.58,48
2025-07-01 02:11:16,STORE_004,Bindura_Depot,Buns 6-Pack,279,RT_014,1.19,279
2025-02-09 04:37:23,STORE_135,Marondera_Depot,High Energy Brown,257,RT_027,1.42,257
2025-06-17 08:32:16,STORE_031,Marondera_Depot,Family Loaf,185,RT_006,2.16,185
2025-05-21 05:48:26,STORE_066,Bulawayo_Branch,Wholegrain Brown,279,RT_035,1.58,279
2025-07-25 12:13:14,STORE_107,Marondera_Depot,High Energy Brown,150,RT_042,1.5,150
2025-04-16 20:19:15,STORE_065,Masvingo_Branch,Mini Rolls 6-Pack,223,RT_024,0.9,223
2025-06-29 04:47:36,STORE_129,Masvingo_Branch,Whole Wheat,75,RT_002,1.45,75
2025-02-04 05:56:03,STORE_001,Marondera_Depot,High Energy Brown,318,RT_012,1.35,318
2025-06-12 22:50:31,STORE_040,Chitungwiza_Depot,Mini Rolls 6-Pack,13,RT_049,0.99,13
2025-05-02 21:56:45,STORE_003,Mutare_Branch,Buns 6-Pack,200,RT_049,1.12,200
2025-06-04 16:19:46,STORE_009,Marondera_Depot,Family Loaf,301,RT_033,2.28,301
2025-02-02 20:46:33,STORE_057,Gweru_Branch,Wholegrain Brown,288,RT_028,1.55,288
2025-02-03 04:07:49,STORE_059,Kwekwe_Depot,Seed Loaf,37,RT_012,1.68,37
2025-07-11 21:13:41,STORE_032,Masvingo_Branch,High Energy Brown,234,RT_021,1.47,234
2025-01-09 14:14:36,STORE_125,Bulawayo_Branch,Whole Wheat,92,RT_026,1.44,92
2025-04-20 11:40:46,STORE_041,Mutare_Branch,Mini Rolls 6-Pack,21,RT_010,1.02,21
2025-06-03 17:23:08,STORE_041,Mutare_Branch,Whole Wheat,13,RT_027,1.54,13
2025-01-05 20:36:34,STORE_097,Bindura_Depot,High Energy White,185,RT_022,1.36,185
2025-06-25 13:37:07,STORE_024,Marondera_Depot,Soft White,83,RT_046,1.29,83
2025-01-24 03:20:54,STORE_106,Gweru_Branch,Seed Loaf,163,RT_018,1.55,163
2025-03-31 07:28:12,STORE_023,Gweru_Branch,High Energy White,231,RT_006,1.44,231
2025-02-03 02:14:04,STORE_021,Masvingo_Branch,High Energy Brown,156,RT_005,1.35,156
2025-07-07 16:21:05,STORE_120,Marondera_Depot,Whole Wheat,245,RT_033,1.59,245
2025-03-12 13:03:32,STORE_027,Harare_Southerton,Whole Wheat,129,RT_001,1.45,129
2025-02-25 01:51:09,STORE_087,Chitungwiza_Depot,Wholegrain Brown,65,RT_010,1.54,65
2025-02-23 14:23:24,STORE_045,Masvingo_Branch,High Energy Brown,303,RT_031,1.43,303
2025-07-02 19:54:04,STORE_102,Marondera_Depot,High Energy White,127,RT_022,1.33,127
2025-04-03 09:10:06,STORE_087,Harare_Southerton,Wholegrain Brown,6,RT_022,1.43,6
2025-03-14 03:10:38,STORE_073,Harare_Southerton,Mini Rolls 6-Pack,77,RT_028,1.02,77
2025-07-27 01:48:36,STORE_089,Harare_Willowvale,High Energy Brown,13,RT_015,1.46,13
2025-06-13 17:48:03,STORE_107,Harare_Southerton,Soft White,38,RT_028,1.21,38
2025-07-19 04:10:29,STORE_131,Harare_Willowvale,Whole Wheat,151,RT_027,1.39,151
2025-05-22 12:31:26,STORE_026,Harare_Willowvale,Soft White,56,RT_038,1.25,56
2025-05-27 02:20:25,STORE_102,Kwekwe_Depot,Family Loaf,276,RT_039,2.21,276
2025-05-26 01:53:54,STORE_035,Bindura_Depot,High Energy White,5,RT_042,1.29,5
2025-04-11 02:42:49,STORE_021,Kwekwe_Depot,Family Loaf,229,RT_009,2.13,229
2025-04-21 06:10:21,STORE_019,Bulawayo_Branch,Soft White,202,RT_017,1.22,202
2025-05-31 15:18:38,STORE_005,Bulawayo_Branch,Family Loaf,144,,2.34,144
2025-02-07 06:00:51,STORE_075,Marondera_Depot,High Energy White,173,RT_021,1.38,173
2025-03-03 11:41:10,STORE_060,Gweru_Branch,Family Loaf,250,RT_015,2.15,250
2025-02-05 05:37:01,STORE_125,Chitungwiza_Depot,Seed Loaf,54,RT_041,1.46,54
2025-05-01 12:22:57,STORE_103,Bindura_Depot,Soft White,113,RT_001,1.13,113
2025-04-29 16:32:49,STORE_076,Masvingo_Branch,Buns 6-Pack,43,RT_002,1.18,43
2025-06-22 02:35:55,STORE_029,Bindura_Depot,Family Loaf,312,RT_029,2.19,312
2025-05-04 21:02:29,STORE_044,Chitungwiza_Depot,Family Loaf,273,RT_009,2.23,273
2025-05-16 12:11:08,STORE_009,Kwekwe_Depot,Soft White,88,RT_030,1.1,88
2025-01-29 03:21:15,STORE_128,Chitungwiza_Depot,Family Loaf,62,RT_030,2.33,62
2025-04-11 06:33:29,STORE_019,Bindura_Depot,Buns 6-Pack,148,RT_022,1.19,148
2025-07-09 21:20:40,STORE_044,Gweru_Branch,Wholegrain Brown,259,RT_033,1.49,259
2025-05-20 09:00:40,STORE_052,Gweru_Branch,Wholegrain Brown,296,RT_009,1.38,296
2025-03-06 04:41:50,STORE_090,Masvingo_Branch,Mini Rolls 6-Pack,111,RT_038,1.0,111
2025-01-13 23:20:03,STORE_082,Chitungwiza_Depot,Whole Wheat,319,RT_002,1.46,319
2025-07-17 01:18:26,STORE_001,Harare_Willowvale,Wholegrain Brown,188,RT_024,1.46,188
2025-01-09 12:59:14,STORE_080,Harare_Southerton,Soft White,201,RT_045,1.32,201
2025-03-19 18:06:38,STORE_023,Harare_Southerton,Seed Loaf,77,RT_009,1.7,77
2025-05-07 08:13:47,STORE_035,Marondera_Depot,High Energy Brown,134,RT_043,1.43,134
2025-03-10 03:46:34,STORE_087,Kwekwe_Depot,Family Loaf,225,RT_004,2.39,225
2025-04-09 00:32:58,STORE_071,Bulawayo_Branch,Whole Wheat,51,RT_014,1.41,51
2025-04-07 05:08:54,STORE_086,Kwekwe_Depot,High Energy White,137,RT_021,1.32,137
2025-01-20 05:27:21,STORE_045,Kwekwe_Depot,High Energy Brown,67,RT_027,1.28,67
2025-04-10 19:22:33,STORE_132,Harare_Southerton,Soft White,129,RT_034,1.28,129
2025-03-27 17:34:53,STORE_116,Harare_Willowvale,High Energy Brown,103,RT_049,1.47,103
2025-04-30 04:47:05,STORE_073,Masvingo_Branch,High Energy Brown,123,RT_046,1.36,123
2025-05-15 14:00:44,STORE_101,Harare_Southerton,Buns 6-Pack,67,RT_026,1.22,67
2025-03-04 00:31:39,STORE_005,Bindura_Depot,Buns 6-Pack,177,RT_002,1.13,177
2025-05-24 17:17:00,STORE_127,Bulawayo_Branch,Whole Wheat,12,RT_037,1.4,12
2025-04-24 08:58:19,STORE_040,Harare_Willowvale,Wholegrain Brown,50,RT_024,1.31,50
2025-05-26 07:49:10,STORE_115,Masvingo_Branch,High Energy Brown,141,RT_039,1.45,141
2025-06-13 20:26:03,STORE_038,Bindura_Depot,WholeWheat,53,RT_045,1.35,53
2025-02-07 14:47:40,STORE_082,Masvingo_Branch,Seed Loaf,103,RT_022,1.44,103
2025-02-23 08:07:54,STORE_020,Marondera_Depot,Family Loaf,88,RT_016,2.35,88
2025-01-24 16:19:50,STORE_072,Bulawayo_Branch,High Energy Brown,103,RT_033,1.36,103
2025-06-26 10:40:54,STORE_118,Bulawayo_Branch,Wholegrain Brown,274,RT_025,1.54,274
2025-04-10 07:28:24,STORE_128,Marondera_Depot,High Energy White,291,RT_046,1.31,291
2025-06-17 23:46:03,STORE_086,Harare_Southerton,High Energy White,133,RT_006,1.4,133
2025-07-22 03:39:01,STORE_038,Chitungwiza_Depot,Seed Loaf,201,RT_007,1.59,201
2025-03-10 08:24:07,STORE_082,Chitungwiza_Depot,Buns 6-Pack,275,RT_014,1.24,275
2025-02-21 16:53:43,STORE_003,Mutare_Branch,Mini Rolls 6-Pack,271,RT_005,0.91,271
2025-04-21 21:43:10,STORE_054,Masvingo_Branch,Wholegrain Brown,187,RT_049,1.36,187
2025-04-20 15:01:36,STORE_051,Mutare_Branch,Family Loaf,26,RT_046,2.17,26
2025-05-02 20:35:42,STORE_066,Gweru_Branch,Seed Loaf,74,RT_041,1.47,74
2025-06-28 05:08:38,STORE_125,Harare_Willowvale,Buns 6-Pack,280,RT_047,1.11,280
2025-02-04 21:42:30,STORE_113,Harare_Southerton,High Energy Brown,287,RT_020,1.38,287
2025-05-04 15:55:44,STORE_074,Bindura_Depot,High Energy White,108,RT_003,1.34,108
2025-06-22 03:57:43,STORE_095,Harare_Willowvale,Mini Rolls 6-Pack,212,RT_042,0.92,212
2025-01-29 06:31:56,STORE_125,Bindura_Depot,High Energy Brown,6,RT_018,1.26,6
2025-01-22 03:35:46,STORE_103,Marondera_Depot,Mini Rolls 6-Pack,202,RT_026,1.2,202
2025-01-24 17:55:23,STORE_090,Bulawayo_Branch,High Energy White,199,RT_016,1.45,199
2025-06-21 08:21:51,STORE_002,Harare_Southerton,Family Loaf,99,RT_007,2.39,99
2025-06-20 23:06:08,STORE_019,Chitungwiza_Depot,Wholegrain Brown,54,RT_044,1.44,54
2025-02-27 15:03:41,STORE_062,Chitungwiza_Depot,Soft White,226,RT_021,1.25,226
2025-01-05 11:41:28,STORE_037,Masvingo_Branch,High Energy White,295,RT_010,1.48,295
2025-03-27 04:43:03,STORE_049,Bindura_Depot,Whole Wheat,123,RT_045,1.46,123
2025-03-09 02:36:04,STORE_036,Masvingo_Branch,High Energy White,118,RT_011,1.37,118
2025-02-28 18:11:43,STORE_125,Bindura_Depot,Wholegrain Brown,191,RT_037,1.44,191
2025-01-13 06:50:49,STORE_003,Bulawayo_Branch,Family Loaf,171,RT_045,2.19,171
2025-05-28 16:46:26,STORE_098,Harare_Southerton,Family Loaf,291,RT_037,2.21,291
2025-06-30 05:19:47,STORE_063,Kwekwe_Depot,Buns 6-Pack,18,RT_015,1.12,18
2025-02-17 08:16:57,STORE_070,Mutare_Branch,High Energy Brown,158,RT_021,1.27,158
2025-06-26 18:15:18,STORE_063,Chitungwiza_Depot,Buns 6-Pack,282,RT_013,1.21,282
2025-03-20 00:00:00,STORE_029,Mutare_Branch,Mini Rolls 6-Pack,135,RT_026,0.92,135
2025-01-14 22:24:40,STORE_051,Chitungwiza_Depot,Whole Wheat,107,RT_048,1.36,107
2025-05-20 13:24:34,STORE_119,Marondera_Depot,Buns 6-Pack,134,RT_015,1.18,134
2025-01-10 04:07:05,STORE_120,Bindura_Depot,High Energy Brown,219,RT_005,1.22,219
2025-02-06 20:09:59,STORE_032,Harare_Southerton,High Energy Brown,30,RT_012,1.31,30
2025-07-19 10:37:19,STORE_016,Bindura_Depot,Whole Wheat,94,RT_025,1.39,94
2025-03-20 00:00:00,STORE_054,Chitungwiza_Depot,High Energy Brown,304,RT_041,1.22,304
2025-04-01 11:09:44,STORE_095,Harare_Willowvale,High Energy White,277,RT_002,1.21,277
2025-02-10 03:43:18,STORE_070,Bulawayo_Branch,Soft White,119,RT_001,1.19,119
2025-03-04 20:53:39,STORE_042,Harare_Southerton,Whole Wheat,111,RT_044,1.38,111
2025-05-20 21:22:13,STORE_105,Bindura_Depot,Soft White,169,RT_033,1.24,169
2025-03-23 15:01:54,STORE_111,Harare_Southerton,Family Loaf,213,RT_041,2.34,213
2025-02-14 03:45:44,STORE_107,Bindura_Depot,Buns 6-Pack,188,RT_004,1.22,188
2025-02-22 11:04:48,STORE_057,Chitungwiza_Depot,Buns 6-Pack,271,RT_039,1.07,271
2025-06-20 02:30:42,STORE_031,Mutare_Branch,High Energy White,11,RT_001,,11
2025-01-21 18:24:51,STORE_054,Kwekwe_Depot,Family Loaf,250,RT_011,2.25,250
2025-02-25 01:06:16,STORE_125,Marondera_Depot,Whole Wheat,182,RT_027,1.55,182
2025-02-03 13:51:32,STORE_096,Bindura_Depot,Mini Rolls 6-Pack,16,RT_025,1.18,16
2025-03-12 19:31:53,STORE_085,Masvingo_Branch,Whole Wheat,120,RT_040,1.52,120
2025-02-21 13:33:57,STORE_122,Mutare_Branch,Wholegrain Brown,86,RT_048,1.42,86
2025-06-16 23:14:47,STORE_019,Harare_Southerton,Seed Loaf,126,RT_007,1.67,126
2025-07-25 08:26:44,STORE_015,Kwekwe_Depot,High Energy White,77,RT_046,1.32,77
2025-06-01 23:42:58,STORE_074,Marondera_Depot,Milk1L,37,RT_027,1.38,37
2025-06-06 17:05:16,STORE_018,Bulawayo_Branch,Mini Rolls 6-Pack,233,RT_018,1.08,233
2025-03-03 00:55:24,STORE_060,Masvingo_Branch,Whole Wheat,51,RT_002,1.63,51
2025-07-04 07:49:27,STORE_100,Harare_Southerton,Whole Wheat,21,RT_029,1.41,21
2025-01-03 04:09:31,STORE_038,Marondera_Depot,Buns 6-Pack,46,RT_025,1.07,46
2025-03-31 18:46:42,STORE_114,Bulawayo_Branch,Wholegrain Brown,175,RT_033,1.34,175
2025-01-14 20:41:18,STORE_119,Bulawayo_Branch,Mini Rolls 6-Pack,151,RT_037,0.98,151
2025-01-31 19:20:37,STORE_047,Marondera_Depot,Seed Loaf,97,RT_011,1.48,97
2025-04-18 02:53:31,STORE_087,Harare_Southerton,Seed Loaf,178,RT_014,1.55,178
2025-03-01 23:25:30,STORE_112,Chitungwiza_Depot,Wholegrain Brown,289,RT_011,1.47,289
2025-01-21 01:53:22,STORE_009,Masvingo_Branch,Buns 6-Pack,97,RT_019,1.3,97
2025-05-20 11:07:45,STORE_123,Mutare_Branch,Buns 6-Pack,239,RT_010,1.14,239
2025-02-20 13:40:46,STORE_017,Marondera_Depot,High Energy Brown,168,RT_021,1.47,168
2025-03-13 03:37:34,STORE_052,Chitungwiza_Depot,Soft White,226,RT_001,1.2,226
2025-07-28 02:12:30,STORE_063,Harare_Willowvale,Seed Loaf,28,RT_032,1.6,28
2025-02-19 06:35:41,STORE_058,Marondera_Depot,High Energy Brown,317,RT_033,1.42,317
2025-01-29 20:08:41,STORE_094,Harare_Southerton,Soft White,49,RT_012,1.18,49
2025-05-21 02:44:38,STORE_096,Harare_Southerton,Buns 6-Pack,218,RT_049,1.02,218
2025-01-20 03:51:04,STORE_062,Gweru_Branch,High Energy Brown,129,RT_011,1.31,129
2025-07-15 13:16:37,STORE_039,Chitungwiza_Depot,Mini Rolls 6-Pack,274,RT_046,1.0,274
2025-01-08 11:45:22,STORE_045,Kwekwe_Depot,Family Loaf,208,RT_044,2.29,208
2025-07-23 17:15:59,STORE_034,Mutare_Branch,Soft White,116,RT_017,1.33,116
2025-07-10 04:41:39,STORE_113,Mutare_Branch,Family Loaf,12,RT_021,2.29,12
2025-03-12 00:00:00,STORE_086,Marondera_Depot,Buns 6-Pack,207,RT_009,1.24,207
2025-07-22 14:23:38,STORE_094,Harare_Willowvale,Wholegrain Brown,174,RT_014,1.41,174
2025-01-30 15:38:33,STORE_134,Chitungwiza_Depot,Wholegrain Brown,68,RT_013,1.41,68
2025-02-15 11:13:28,STORE_128,Chitungwiza_Depot,High Energy Brown,261,RT_008,1.35,261
2025-04-09 19:12:06,STORE_137,Chitungwiza_Depot,Soft White,20,RT_039,1.35,20
2025-04-25 16:29:41,STORE_035,Bulawayo_Branch,Soft White,34,RT_046,1.23,34
2025-02-09 08:51:01,STORE_063,Bindura_Depot,Whole Wheat,34,RT_002,1.41,34
2025-01-15 18:40:28,STORE_038,Marondera_Depot,Soft White,318,RT_034,1.23,318
2025-01-25 03:43:21,STORE_023,Chitungwiza_Depot,Sugar2kg,285,RT_026,2.26,285
2025-05-20 09:40:55,STORE_051,Kwekwe_Depot,Mini Rolls 6-Pack,256,RT_036,0.96,256
2025-02-20 16:06:27,STORE_132,Harare_Willowvale,Buns 6-Pack,245,RT_006,1.1,245
2025-01-09 05:04:01,STORE_131,Chitungwiza_Depot,Coke500ml,165,RT_001,0.93,165
2025-01-05 21:50:26,STORE_125,Chitungwiza_Depot,Buns 6-Pack,174,RT_013,1.09,174
2025-06-02 18:48:17,STORE_031,Mutare_Branch,Family Loaf,295,RT_015,2.3,295
2025-04-04 15:36:03,STORE_119,Harare_Southerton,Wholegrain Brown,191,,1.39,191
2025-07-04 01:55:58,STORE_049,Gweru_Branch,Seed Loaf,25,RT_001,1.47,25
2025-02-09 08:17:38,STORE_080,Bindura_Depot,Whole Wheat,37,RT_049,1.46,37
2025-03-06 23:57:09,STORE_017,Bindura_Depot,Buns 6-Pack,139,RT_002,1.14,139
2025-07-24 16:00:46,STORE_034,Bulawayo_Branch,Wholegrain Brown,275,RT_028,1.52,275
2025-01-12 01:33:31,STORE_049,Masvingo_Branch,Soft White,95,RT_017,1.35,95
2025-01-17 08:34:45,STORE_016,Masvingo_Branch,Family Loaf,136,RT_041,2.31,136
2025-04-20 21:56:03,STORE_020,Masvingo_Branch,Mini Rolls 6-Pack,72,RT_024,1.18,72
2025-03-24 10:37:36,STORE_086,Gweru_Branch,Milk1L,314,RT_009,2.38,314
2025-06-15 16:31:56,STORE_074,Bindura_Depot,Family Loaf,36,RT_047,2.29,36
2025-06-23 00:24:38,STORE_069,Kwekwe_Depot,Mini Rolls 6-Pack,6,RT_015,1.16,6
2025-07-10 02:14:38,STORE_050,Gweru_Branch,Mini Rolls 6-Pack,278,RT_003,0.93,278
2025-04-22 12:13:45,STORE_111,Harare_Willowvale,Family Loaf,235,RT_042,2.27,235
2025-03-29 18:59:13,STORE_067,Gweru_Branch,Wholegrain Brown,15,RT_009,1.43,15
2025-04-09 18:20:16,STORE_083,Mutare_Branch,Family Loaf,94,RT_024,2.14,94
2025-06-10 11:34:00,STORE_139,Chitungwiza_Depot,Seed Loaf,87,RT_010,1.68,87
2025-05-06 09:19:43,STORE_054,Marondera_Depot,Whole grain Brown,206,RT_018,1.36,206
2025-02-27 03:19:52,STORE_137,Masvingo_Branch,Seed Loaf,189,RT_025,1.51,189
2025-05-03 17:25:12,STORE_001,Bulawayo_Branch,Wholegrain Brown,93,RT_003,1.51,93
2025-04-01 00:10:04,STORE_091,Masvingo_Branch,Whole grain Brown,282,RT_046,1.53,282
2025-03-06 17:56:21,STORE_044,Harare_Willowvale,Whole Wheat,114,RT_024,1.41,114
2025-01-15 05:30:58,STORE_020,Harare_Southerton,Buns 6-Pack,259,RT_002,1.26,259
2025-03-12 18:45:18,STORE_113,Mutare_Branch,High Energy White,86,RT_038,1.3,86
2025-05-27 03:52:44,STORE_114,Bulawayo_Branch,Mini Rolls 6-Pack,312,RT_008,1.03,312
2025-03-03 11:54:40,STORE_002,Chitungwiza_Depot,Mini Rolls 6-Pack,304,RT_046,1.14,304
2025-01-22 09:56:10,STORE_107,Bulawayo_Branch,Soft White,194,RT_017,1.18,194
2025-03-03 12:52:21,STORE_132,Bindura_Depot,Wholegrain Brown,4,RT_018,1.52,4
2025-05-13 16:05:34,STORE_017,Kwekwe_Depot,High Energy Brown,53,RT_018,1.32,53
2025-04-02 23:59:05,STORE_051,Chitungwiza_Depot,Buns 6-Pack,246,RT_032,1.12,246
2025-06-03 01:50:39,STORE_136,Bindura_Depot,Wholegrain Brown,149,RT_038,1.57,149
2025-04-26 05:52:48,STORE_046,Marondera_Depot,High Energy White,150,RT_033,1.48,150
2025-05-12 06:06:39,STORE_029,Mutare_Branch,Soft White,245,RT_005,1.35,245
2025-07-15 10:03:34,STORE_121,Bulawayo_Branch,Buns 6-Pack,209,RT_020,1.09,209
2025-06-27 03:06:48,STORE_082,Chitungwiza_Depot,Buns 6-Pack,255,RT_004,1.07,255
2025-07-10 21:35:50,STORE_052,Gweru_Branch,Seed Loaf,218,RT_002,1.54,218
2025-02-08 02:48:51,STORE_019,Kwekwe_Depot,Family Loaf,280,RT_027,2.2,280
2025-01-28 13:45:57,STORE_005,Gweru_Branch,Mini Rolls 6-Pack,98,RT_008,0.94,98
2025-03-28 10:24:30,STORE_044,Mutare_Branch,Whole Wheat,203,RT_031,1.51,203
2025-04-25 15:25:11,STORE_060,Kwekwe_Depot,Seed Loaf,371,RT_048,1.64,371
2025-05-01 21:14:13,STORE_129,Bindura_Depot,Seed Loaf,162,RT_018,1.69,162
2025-02-23 16:37:02,STORE_013,Masvingo_Branch,Buns 6-Pack,26,RT_046,1.02,26
2025-04-05 22:43:39,STORE_127,Harare_Southerton,Family Loaf,220,RT_009,2.14,220
2025-01-23 08:29:35,STORE_007,Masvingo_Branch,Mini Rolls 6-Pack,303,RT_013,0.96,303
2025-01-21 08:59:59,STORE_020,Mutare_Branch,Soft White,100,RT_024,1.23,100
2025-06-23 11:40:14,STORE_122,Mutare_Branch,Buns 6-Pack,74,RT_039,1.29,74
,STORE_056,Masvingo_Branch,Seed Loaf,132,RT_010,1.54,132
2025-07-29 09:29:06,STORE_060,Harare_Southerton,High Energy Brown,224,RT_040,1.23,224
2025-01-02 14:38:53,STORE_093,Mutare_Branch,High Energy Brown,46,RT_016,1.26,46
2025-07-25 13:10:23,STORE_083,Chitungwiza_Depot,High Energy White,212,RT_032,1.35,212
2025-02-04 17:32:38,STORE_129,Mutare_Branch,Buns 6-Pack,106,RT_033,1.04,106
2025-01-01 12:43:27,STORE_026,Chitungwiza_Depot,Seed Loaf,212,RT_032,1.57,212
2025-01-13 14:03:01,STORE_045,Mutare_Branch,Buns 6-Pack,138,RT_014,1.23,138
2025-04-09 23:27:26,STORE_077,Chitungwiza_Depot,Wholegrain Brown,75,RT_023,,75
2025-06-13 00:38:44,STORE_105,Gweru_Branch,Whole Wheat,147,RT_037,1.42,147
2025-04-26 03:35:49,STORE_018,Harare_Southerton,High Energy White,283,RT_035,1.4,283
2025-05-23 12:24:13,STORE_077,Kwekwe_Depot,Wholegrain Brown,37,RT_002,1.48,37
2025-02-24 10:18:34,STORE_088,Masvingo_Branch,Mini Rolls 6-Pack,305,RT_040,0.91,305
2025-07-03 00:23:44,STORE_031,Bindura_Depot,Buns 6-Pack,164,RT_021,1.24,164
2025-02-13 21:38:12,STORE_078,Mutare_Branch,Mini Rolls 6-Pack,293,RT_016,1.07,293
2025-07-08 06:25:57,STORE_109,Gweru_Branch,High Energy Brown,71,RT_005,1.47,71
2025-06-12 23:02:15,STORE_064,Mutare_Branch,Buns 6-Pack,289,RT_029,1.3,289
2025-05-24 08:03:37,STORE_004,Masvingo_Branch,Buns 6-Pack,8,RT_002,1.02,8
2025-07-03 07:35:16,STORE_051,Bulawayo_Branch,Buns 6-Pack,241,RT_034,1.28,241
2025-04-13 04:57:25,STORE_023,Chitungwiza_Depot,Buns 6-Pack,274,RT_036,1.19,274
2025-03-04 16:31:40,STORE_008,Kwekwe_Depot,Family Loaf,180,RT_041,2.14,180
2025-01-04 06:22:20,STORE_075,Harare_Southerton,Soft White,241,RT_040,1.16,241
2025-04-21 05:50:30,STORE_040,Harare_Southerton,Wholegrain Brown,66,RT_042,1.48,66
2025-03-11 02:39:25,STORE_118,Masvingo_Branch,Family Loaf,79,RT_031,2.18,79
2025-06-06 00:08:52,STORE_053,Mutare_Branch,Wholegrain Brown,111,RT_007,1.41,111
2025-02-02 22:03:00,STORE_026,Marondera_Depot,Coke500ml,158,RT_012,1.42,158
2025-02-27 04:29:12,STORE_006,Kwekwe_Depot,Whole Wheat,239,RT_029,1.61,239
2025-04-25 22:10:58,STORE_015,Kwekwe_Depot,Milk1L,215,RT_024,1.1,215
2025-01-14 07:15:02,STORE_064,Bulawayo_Branch,Mini Rolls 6-Pack,69,RT_045,1.0,69
2025-01-23 21:14:07,STORE_090,Mutare_Branch,Seed Loaf,163,RT_032,1.54,163
2025-05-29 20:36:48,STORE_069,Gweru_Branch,High Energy Brown,133,RT_032,1.47,133
2025-01-12 09:29:48,STORE_133,Masvingo_Branch,Buns 6-Pack,187,RT_020,1.06,187
2025-01-03 14:36:31,STORE_055,Harare_Willowvale,Wholegrain Brown,255,RT_014,1.36,255
2025-02-27 00:27:03,STORE_030,Gweru_Branch,Whole Wheat,76,RT_028,1.48,76
2025-02-25 15:51:13,STORE_053,Harare_Willowvale,Mini Rolls 6-Pack,175,RT_010,1.15,175
2025-04-23 22:50:11,STORE_008,Gweru_Branch,Wholegrain Brown,220,RT_009,1.39,220
2025-01-12 06:38:23,STORE_136,Bindura_Depot,Wholegrain Brown,262,RT_048,1.34,262
2025-05-29 06:43:36,STORE_137,Kwekwe_Depot,High Energy White,83,RT_048,1.35,83
2025-07-07 08:53:48,STORE_068,Harare_Southerton,High Energy Brown,291,RT_015,1.32,291
2025-03-21 03:16:28,STORE_112,Mutare_Branch,Whole Wheat,30,RT_047,1.39,30
2025-04-20 14:08:52,STORE_044,Bindura_Depot,Family Loaf,297,RT_046,2.27,297
2025-05-03 03:24:20,STORE_114,Bulawayo_Branch,High Energy White,53,RT_019,1.27,53
2025-01-17 21:57:13,STORE_073,Chitungwiza_Depot,Whole Wheat,156,RT_029,1.43,156
2025-02-03 05:41:52,STORE_030,Harare_Southerton,Wholegrain Brown,182,RT_009,1.54,182
2025-05-28 17:51:11,STORE_130,Chitungwiza_Depot,Mini Rolls 6-Pack,291,RT_034,1.04,291
2025-07-25 21:33:20,STORE_007,Gweru_Branch,Family Loaf,69,RT_032,2.21,69
2025-05-14 10:49:05,STORE_031,Bulawayo_Branch,Buns 6-Pack,196,RT_022,1.17,196
2025-07-06 08:49:39,STORE_046,Harare_Willowvale,Buns 6-Pack,172,RT_048,1.21,172
2025-07-04 12:18:46,STORE_076,Gweru_Branch,Whole Wheat,207,RT_005,1.41,207
2025-01-13 01:50:23,STORE_100,Bindura_Depot,Mini Rolls 6-Pack,124,RT_045,1.08,124
2025-01-18 17:05:32,STORE_111,Harare_Southerton,Buns 6-Pack,317,RT_003,1.1,317
2025-05-22 06:12:14,STORE_108,Masvingo_Branch,Soft White,190,RT_014,1.16,190
2025-03-12 13:38:11,STORE_112,Kwekwe_Depot,Seed Loaf,41,RT_006,1.67,41
2025-06-30 03:00:20,STORE_105,Kwekwe_Depot,Wholegrain Brown,75,RT_032,1.56,75
2025-07-26 02:52:15,STORE_139,Marondera_Depot,Mini Rolls 6-Pack,216,RT_033,0.99,216
2025-06-24 21:21:27,STORE_049,Harare_Southerton,Whole Wheat,293,RT_009,1.63,293
2025-05-14 15:31:31,STORE_054,Kwekwe_Depot,Buns 6-Pack,18,RT_041,1.29,18
2025-05-01 23:51:54,STORE_012,Kwekwe_Depot,Buns 6-Pack,257,RT_044,1.07,257
2025-06-19 13:23:37,STORE_101,Harare_Willowvale,High Energy Brown,244,RT_007,1.38,244
2025-02-20 06:02:27,STORE_065,Gweru_Branch,Wholegrain Brown,35,RT_016,1.42,35
2025-02-21 06:10:22,STORE_055,Marondera_Depot,Mini Rolls 6-Pack,159,RT_039,0.98,159
2025-02-02 10:36:45,STORE_054,Bulawayo_Branch,High Energy Brown,296,RT_027,1.2,296
2025-01-19 10:14:23,STORE_131,Harare_Southerton,Whole Wheat,14,RT_007,1.39,14
2025-03-24 14:33:39,STORE_024,Kwekwe_Depot,High Energy White,161,RT_028,1.44,161
2025-04-05 16:35:11,STORE_073,Marondera_Depot,Buns 6-Pack,205,RT_047,1.24,205
2025-01-22 18:04:50,STORE_124,Mutare_Branch,Buns 6-Pack,56,RT_007,1.12,56
2025-06-06 07:59:48,STORE_045,Gweru_Branch,Family Loaf,11,RT_006,2.37,11
2025-06-18 03:56:56,STORE_050,Bindura_Depot,Buns 6-Pack,255,RT_049,1.04,255
2025-02-14 10:09:47,STORE_063,Chitungwiza_Depot,Soft White,228,RT_030,1.27,228
2025-02-12 13:27:44,STORE_087,Kwekwe_Depot,Whole Wheat,16,RT_046,1.6,16
2025-02-23 04:54:40,STORE_086,Masvingo_Branch,SoapBar,124,RT_036,1.44,124
2025-03-26 05:26:26,STORE_015,Chitungwiza_Depot,Mini Rolls 6-Pack,122,RT_042,0.94,122
2025-05-24 12:23:32,STORE_120,Masvingo_Branch,Wholegrain Brown,70,RT_013,1.47,70
2025-04-11 07:32:06,STORE_070,Bindura_Depot,Wholegrain Brown,95,RT_005,1.57,95
2025-06-18 17:29:10,STORE_115,Marondera_Depot,Buns 6-Pack,73,RT_016,1.17,73
2025-02-26 22:53:11,STORE_100,Marondera_Depot,Family Loaf,66,RT_021,2.24,66
2025-04-30 07:42:47,STORE_080,Gweru_Branch,High Energy White,233,RT_020,,233
2025-06-29 01:07:19,STORE_132,Bindura_Depot,Buns 6-Pack,254,,1.03,254
2025-07-08 21:09:06,STORE_032,Kwekwe_Depot,High Energy White,86,RT_040,1.28,86
2025-07-01 04:52:39,STORE_092,Marondera_Depot,High Energy Brown,102,RT_041,1.5,102
2025-04-10 11:50:35,STORE_048,Gweru_Branch,High Energy Brown,123,RT_020,1.44,123
2025-07-26 08:34:39,STORE_076,Mutare_Branch,Soft White,445,RT_019,1.2,445
2025-02-17 18:35:41,STORE_106,Marondera_Depot,Soft White,30,RT_047,1.3,30
2025-03-05 00:35:15,STORE_134,Kwekwe_Depot,Soft White,84,RT_046,1.32,84
2025-02-23 18:23:19,STORE_027,Harare_Willowvale,Buns 6-Pack,153,RT_048,1.29,153
2025-02-07 21:44:32,STORE_060,Kwekwe_Depot,Mini Rolls 6-Pack,303,RT_011,0.9,303
2025-03-07 08:59:53,STORE_013,Harare_Southerton,High Energy Brown,132,RT_021,1.32,132
2025-02-21 05:38:39,STORE_013,Mutare_Branch,Buns 6-Pack,229,RT_034,1.02,229
2025-03-23 13:07:43,STORE_023,Kwekwe_Depot,HighEnergyWhite,63,RT_041,1.35,63
2025-02-17 09:33:48,STORE_042,Gweru_Branch,Soft White,113,RT_011,1.39,113
2025-06-08 14:35:43,STORE_023,Chitungwiza_Depot,High Energy White,130,RT_011,1.29,130
2025-03-23 23:40:10,STORE_087,Harare_Southerton,Whole Wheat,162,RT_025,1.6,162
2025-07-11 21:12:20,STORE_024,Marondera_Depot,Family Loaf,251,RT_027,2.15,251
2025-01-12 01:15:40,STORE_028,Kwekwe_Depot,Family Loaf,14,RT_007,2.33,14
2025-04-03 21:52:02,STORE_127,Bindura_Depot,Mini Rolls 6-Pack,235,RT_042,1.08,235
2025-05-07 10:35:04,STORE_102,Gweru_Branch,High Energy White,27,RT_043,1.33,27
2025-05-27 15:41:47,STORE_001,Bulawayo_Branch,High Energy Brown,120,RT_045,1.3,120
2025-02-23 15:06:12,STORE_073,Kwekwe_Depot,Soft White,167,RT_019,1.26,167
2025-03-30 07:10:38,STORE_105,Gweru_Branch,High Energy Brown,116,RT_022,1.41,116
2025-03-24 02:28:47,STORE_007,Marondera_Depot,Family Loaf,160,RT_017,2.22,160
2025-06-24 00:04:48,STORE_139,Chitungwiza_Depot,High Energy White,236,RT_001,1.38,236
2025-06-17 11:00:59,STORE_032,Masvingo_Branch,Wholegrain Brown,280,RT_049,1.34,280
2025-01-06 20:10:55,STORE_080,Chitungwiza_Depot,High Energy White,49,RT_035,1.25,49
2025-01-29 13:08:31,STORE_130,Bulawayo_Branch,High Energy White,221,RT_047,1.27,221
2025-05-22 02:41:02,STORE_123,Bindura_Depot,Wholegrain Brown,222,RT_012,1.43,222
2025-05-31 04:34:46,STORE_037,Kwekwe_Depot,Soft White,9,RT_030,1.21,9
2025-03-20 00:00:00,STORE_071,Harare_Southerton,Seed Loaf,36,RT_022,1.69,36
2025-06-16 16:26:37,STORE_034,Marondera_Depot,Soft White,272,RT_048,1.38,272
2025-06-11 16:11:29,STORE_050,Chitungwiza_Depot,High Energy White,269,RT_021,1.22,269
2025-03-03 02:58:11,STORE_043,Harare_Southerton,Family Loaf,229,RT_030,2.1,229
2025-01-21 09:15:31,STORE_072,Kwekwe_Depot,Soft White,85,RT_001,1.15,85
2025-01-15 20:59:20,STORE_051,Kwekwe_Depot,Buns 6-Pack,258,RT_028,1.25,258
2025-02-17 19:01:35,STORE_077,Masvingo_Branch,Wholegrain Brown,86,RT_044,1.56,86
2025-01-15 15:38:18,STORE_025,Mutare_Branch,Seed Loaf,111,RT_040,1.51,111
2025-03-20 00:00:00,STORE_085,Chitungwiza_Depot,Wholegrain Brown,265,RT_003,1.3,265
2025-05-05 19:27:55,STORE_111,Mutare_Branch,High Energy White,34,RT_001,1.49,34
2025-01-19 01:22:35,STORE_073,Harare_Southerton,Mini Rolls 6-Pack,317,RT_016,1.11,317
2025-06-22 15:56:21,STORE_136,Mutare_Branch,Mini Rolls 6-Pack,260,RT_036,1.11,260
2025-03-27 07:44:18,STORE_026,Chitungwiza_Depot,High Energy White,14,RT_023,1.45,14
2025-06-22 19:45:03,STORE_057,Harare_Southerton,Mini Rolls 6-Pack,78,RT_012,1.08,78
2025-07-28 02:45:29,STORE_090,Masvingo_Branch,Soft White,145,RT_003,1.36,145
2025-02-22 21:06:38,STORE_086,Bulawayo_Branch,Mini Rolls 6-Pack,245,RT_030,1.11,245
2025-01-15 21:16:28,STORE_112,Bindura_Depot,Mini Rolls 6-Pack,250,RT_034,1.12,250
2025-06-19 02:04:29,STORE_003,Masvingo_Branch,High Energy Brown,177,RT_005,1.25,177
2025-03-15 13:37:08,STORE_117,Chitungwiza_Depot,Mini Rolls 6-Pack,233,RT_048,0.94,233
2025-03-14 10:40:25,STORE_124,Chitungwiza_Depot,Family Loaf,178,RT_018,2.16,178
2025-06-08 07:59:06,STORE_002,Harare_Willowvale,Seed Loaf,8,RT_004,1.51,8
2025-06-21 03:36:42,STORE_032,Kwekwe_Depot,Family Loaf,39,RT_039,2.31,39
2025-02-15 01:58:10,STORE_137,Marondera_Depot,Buns 6-Pack,143,RT_004,1.11,143
2025-07-03 20:44:12,STORE_025,Mutare_Branch,High Energy Brown,301,RT_019,1.34,301
2025-02-01 06:20:43,STORE_122,Marondera_Depot,Mini Rolls 6-Pack,63,RT_011,0.92,63
2025-03-13 18:50:58,STORE_052,Kwekwe_Depot,Seed Loaf,189,RT_026,1.44,189
2025-07-27 11:03:53,STORE_070,Masvingo_Branch,Buns 6-Pack,162,RT_039,1.29,162
2025-03-25 08:10:22,STORE_036,Mutare_Branch,Wholegrain Brown,313,RT_013,1.41,313
2025-02-15 18:33:00,STORE_056,Masvingo_Branch,High Energy Brown,87,RT_044,1.27,87
2025-06-17 04:51:50,STORE_058,Harare_Willowvale,High Energy Brown,30,RT_036,1.38,30
2025-03-08 00:33:31,STORE_082,Bulawayo_Branch,Mini Rolls 6-Pack,544,RT_045,1.12,544
2025-01-02 13:52:02,STORE_079,Kwekwe_Depot,Seed Loaf,164,RT_046,1.54,164
2025-03-01 02:59:24,STORE_077,Bulawayo_Branch,High Energy White,261,RT_038,1.23,261
2025-07-09 06:51:26,STORE_053,Marondera_Depot,Buns 6-Pack,275,RT_030,1.01,275
2025-04-05 14:38:41,STORE_133,Gweru_Branch,Whole Wheat,40,RT_035,1.49,40
2025-03-20 08:06:59,STORE_040,Harare_Southerton,Wholegrain Brown,193,RT_046,1.42,193
2025-03-07 16:18:39,STORE_097,Chitungwiza_Depot,Soft White,84,RT_009,1.29,84
2025-06-04 04:33:59,STORE_014,Gweru_Branch,High Energy Brown,302,RT_033,1.48,302
2025-04-19 18:05:13,STORE_042,Masvingo_Branch,Buns 6-Pack,292,RT_021,1.25,292
2025-05-26 13:14:24,STORE_103,Bulawayo_Branch,Soft White,206,RT_033,1.13,206
2025-02-21 13:01:33,STORE_085,Harare_Southerton,Soft White,87,RT_018,1.15,87
2025-04-23 04:16:57,STORE_064,Gweru_Branch,Mini Rolls 6-Pack,524,RT_044,1.19,524
2025-04-15 03:42:14,STORE_052,Masvingo_Branch,Mini Rolls 6-Pack,262,RT_016,1.01,262
2025-05-05 16:36:23,STORE_089,Kwekwe_Depot,Seed Loaf,237,RT_002,1.53,237
2025-01-26 16:32:20,STORE_036,Harare_Willowvale,High Energy Brown,215,RT_005,1.43,215
2025-04-30 05:57:49,STORE_046,Harare_Willowvale,Buns 6-Pack,293,RT_049,1.19,293
2025-04-07 12:42:14,STORE_079,Mutare_Branch,High Energy White,229,RT_038,1.45,229
2025-07-03 03:25:54,STORE_061,Bindura_Depot,Whole Wheat,31,RT_008,1.41,31
2025-05-10 15:02:27,STORE_019,Kwekwe_Depot,Wholegrain Brown,165,RT_041,1.43,165
2025-04-28 05:47:58,STORE_016,Chitungwiza_Depot,Family Loaf,79,RT_040,2.32,79
2025-04-26 18:31:47,STORE_017,Harare_Southerton,Seed Loaf,228,RT_020,1.62,228
2025-03-28 19:36:00,STORE_049,Chitungwiza_Depot,Whole Wheat,7,RT_002,1.4,7
2025-07-07 06:20:13,STORE_051,Masvingo_Branch,Seed Loaf,302,RT_038,1.62,302
2025-05-05 11:41:56,STORE_074,Mutare_Branch,Mini Rolls 6-Pack,306,RT_004,1.15,306
2025-05-23 15:22:53,STORE_109,Mutare_Branch,Soft White,57,RT_011,1.16,57
2025-06-05 05:34:26,STORE_017,Gweru_Branch,Wholegrain Brown,296,RT_016,1.43,296
2025-03-09 04:49:51,STORE_055,Harare_Willowvale,Whole Wheat,70,RT_045,1.47,70
2025-07-28 12:08:51,STORE_038,Harare_Willowvale,Soft White,142,RT_005,1.13,142
2025-06-04 07:12:01,STORE_102,Bulawayo_Branch,Family Loaf,315,RT_041,2.27,315
2025-06-06 08:51:18,STORE_055,Bindura_Depot,Family Loaf,168,RT_025,2.36,168
2025-06-01 07:19:30,STORE_052,Bulawayo_Branch,Wholegrain Brown,98,RT_026,1.44,98
2025-01-08 14:48:59,STORE_093,Gweru_Branch,Seed Loaf,214,RT_045,1.68,214
2025-01-16 23:23:08,STORE_003,Masvingo_Branch,Whole Wheat,31,RT_036,1.36,31
2025-06-09 01:47:25,STORE_013,Mutare_Branch,Soft White,71,RT_040,1.37,71
2025-03-20 12:58:52,STORE_043,Kwekwe_Depot,Soft White,252,RT_012,1.27,252
2025-03-22 19:53:24,STORE_033,Kwekwe_Depot,Soft White,80,RT_005,1.3,80
2025-03-05 09:33:50,STORE_113,Bindura_Depot,Mini Rolls 6-Pack,169,RT_020,1.17,169
2025-01-04 17:15:45,STORE_064,Chitungwiza_Depot,Buns 6-Pack,63,RT_031,1.12,63
2025-03-06 10:44:10,STORE_017,Bindura_Depot,Whole Wheat,177,RT_032,1.59,177
2025-01-27 01:22:27,STORE_003,Harare_Willowvale,High Energy White,310,RT_032,1.35,310
2025-03-20 04:33:51,STORE_099,Harare_Willowvale,Family Loaf,118,RT_036,2.32,118
2025-06-13 20:49:31,STORE_126,Marondera_Depot,Whole Wheat,140,RT_032,1.57,140
2025-04-02 19:55:32,STORE_005,Gweru_Branch,Mini Rolls 6-Pack,34,RT_016,1.09,34
2025-05-15 12:49:56,STORE_137,Kwekwe_Depot,Buns 6-Pack,76,RT_014,1.15,76
2025-05-30 15:41:38,STORE_037,Chitungwiza_Depot,High Energy Brown,60,RT_003,1.24,60
2025-01-24 05:20:56,STORE_060,Chitungwiza_Depot,Milk1L,138,RT_013,1.51,138
2025-03-10 16:24:59,STORE_003,Bulawayo_Branch,Whole Wheat,134,RT_020,1.53,134
2025-06-25 19:57:45,STORE_017,Mutare_Branch,Soft White,81,RT_048,1.12,81
2025-03-02 04:20:48,STORE_043,Harare_Southerton,Mini Rolls 6-Pack,177,RT_002,0.9,177
2025-05-22 07:43:43,STORE_084,Harare_Willowvale,High Energy Brown,210,RT_020,1.44,210
2025-06-01 16:56:32,STORE_017,Harare_Southerton,High Energy Brown,94,RT_039,1.42,94
2025-03-10 13:30:27,STORE_065,Bindura_Depot,Wholegrain Brown,156,RT_026,1.47,156
2025-05-21 07:29:08,STORE_010,Chitungwiza_Depot,Family Loaf,109,RT_020,2.23,109
2025-01-05 15:58:39,STORE_068,Bindura_Depot,Seed Loaf,179,RT_034,1.45,179
2025-06-02 13:08:34,STORE_116,Kwekwe_Depot,Wholegrain Brown,191,RT_016,1.35,191
2025-06-22 19:22:41,STORE_110,Bindura_Depot,High Energy Brown,239,RT_038,1.27,239
2025-04-24 13:51:21,STORE_129,Marondera_Depot,Whole Wheat,292,RT_030,1.44,292
2025-06-06 22:23:21,STORE_066,Mutare_Branch,Wholegrain Brown,310,RT_001,1.55,310
2025-05-19 21:24:14,STORE_013,Harare_Southerton,Soft White,41,RT_037,1.27,41
2025-05-31 06:53:28,STORE_060,Kwekwe_Depot,Buns 6-Pack,154,RT_039,1.13,154
2025-07-29 07:46:52,STORE_016,Marondera_Depot,High Energy Brown,258,RT_023,1.27,258
2025-01-04 23:21:15,STORE_030,Mutare_Branch,Whole Wheat,266,RT_018,1.6,266
2025-05-22 21:17:14,STORE_100,Bulawayo_Branch,High Energy White,122,RT_033,1.27,122
2025-07-24 10:17:17,STORE_003,Kwekwe_Depot,Buns 6-Pack,312,RT_007,1.26,312
2025-05-19 10:14:56,STORE_075,Chitungwiza_Depot,Family Loaf,95,RT_003,2.3,95
2025-02-15 03:26:19,STORE_015,Marondera_Depot,Wholegrain Brown,310,RT_018,1.39,310
2025-05-07 15:24:40,STORE_037,Mutare_Branch,Buns 6-Pack,63,RT_030,1.15,63
2025-04-21 18:40:26,STORE_081,Harare_Southerton,Wholegrain Brown,144,RT_035,1.52,144
2025-05-17 06:44:06,STORE_038,Mutare_Branch,High Energy Brown,155,RT_035,1.42,155
2025-05-24 16:25:33,STORE_073,Harare_Willowvale,Soft White,243,RT_031,1.32,243
2025-03-23 21:08:53,STORE_121,Kwekwe_Depot,Buns 6-Pack,5,RT_034,1.2,5
2025-03-31 13:11:39,STORE_128,Harare_Southerton,Buns 6-Pack,317,RT_032,1.18,317
2025-01-30 17:13:07,STORE_062,Masvingo_Branch,Wholegrain Brown,93,RT_048,1.38,93
2025-03-31 23:54:39,STORE_097,Masvingo_Branch,High Energy White,298,RT_042,1.26,298
2025-05-11 20:20:31,STORE_033,Harare_Willowvale,Whole Wheat,179,RT_009,1.36,179
2025-06-30 21:27:11,STORE_062,Chitungwiza_Depot,Wholegrain Brown,268,RT_035,1.42,268
2025-07-25 02:41:17,STORE_098,Harare_Willowvale,Seed Loaf,156,RT_030,1.49,156
2025-04-10 19:52:26,STORE_077,Gweru_Branch,Coke500ml,121,RT_006,2.4,121
2025-07-26 15:29:17,STORE_099,Kwekwe_Depot,Seed Loaf,126,RT_008,1.52,126
2025-04-17 13:50:01,STORE_090,Harare_Southerton,Family Loaf,187,RT_003,2.37,187
2025-01-19 13:04:03,STORE_015,Marondera_Depot,High Energy White,42,RT_047,1.37,42
2025-01-11 12:22:01,STORE_047,Chitungwiza_Depot,Seed Loaf,21,RT_036,1.41,21
2025-05-12 11:40:28,STORE_061,Harare_Willowvale,Whole Wheat,44,RT_043,1.64,44
2025-04-27 22:41:47,STORE_059,Marondera_Depot,Soft White,220,RT_027,1.14,220
2025-02-27 02:58:20,STORE_126,Marondera_Depot,Wholegrain Brown,39,RT_042,1.33,39
2025-03-04 17:37:58,STORE_008,Chitungwiza_Depot,High Energy Brown,227,RT_013,1.21,227
2025-02-18 19:08:21,STORE_124,Masvingo_Branch,Wholegrain Brown,224,RT_015,1.41,224
2025-03-05 04:07:56,STORE_043,Kwekwe_Depot,High Energy White,38,RT_012,1.28,38
2025-02-01 20:44:42,STORE_043,Gweru_Branch,Mini Rolls 6-Pack,40,RT_049,1.06,40
2025-06-30 11:32:19,STORE_080,Harare_Southerton,Whole Wheat,162,RT_038,1.55,162
2025-02-18 07:48:02,STORE_111,Bulawayo_Branch,Buns 6-Pack,67,RT_035,1.14,67
2025-05-17 07:12:40,STORE_037,Bulawayo_Branch,Buns 6-Pack,153,RT_030,1.21,153
2025-02-28 20:09:29,STORE_129,Mutare_Branch,Seed Loaf,300,RT_030,1.47,300
2025-06-14 19:40:40,STORE_034,Bulawayo_Branch,Seed Loaf,128,RT_008,1.6,128
2025-04-25 23:02:59,STORE_008,Harare_Southerton,Family Loaf,72,RT_006,2.13,72
2025-05-18 00:13:50,STORE_050,Bulawayo_Branch,Seed Loaf,108,RT_015,1.42,108
2025-06-10 19:04:36,STORE_079,Kwekwe_Depot,Family Loaf,288,RT_025,2.23,288
2025-05-26 20:44:54,STORE_001,Kwekwe_Depot,High Energy Brown,3,RT_018,1.32,3
2025-07-04 19:57:07,STORE_130,Kwekwe_Depot,Seed Loaf,167,RT_029,1.53,167
2025-04-20 00:57:57,STORE_042,Chitungwiza_Depot,Family Loaf,183,RT_028,2.21,183
2025-03-29 10:19:34,STORE_011,Chitungwiza_Depot,Wholegrain Brown,293,RT_008,1.56,293
2025-05-08 22:20:57,STORE_029,Bulawayo_Branch,Milk1L,234,RT_017,1.34,234
